  1.9932936e+002  4.0891834e+002
  1.9955438e+002  4.0989164e+002
  2.0029075e+002  4.1100132e+002
  2.0050410e+002  4.1199139e+002
  2.0122686e+002  4.1310192e+002
  2.0144468e+002  4.1403280e+002
  2.0162501e+002  4.1493882e+002
  2.0231178e+002  4.1598238e+002
  2.0242917e+002  4.1690208e+002
  2.0255174e+002  4.1782026e+002
  2.0323818e+002  4.1895289e+002
  2.0344256e+002  4.1985601e+002
  2.0367043e+002  4.2072867e+002
  2.0465004e+002  4.2174467e+002
  2.0568525e+002  4.2273885e+002
  2.0668064e+002  4.2383252e+002
  2.0758961e+002  4.2503244e+002
  2.0840451e+002  4.2618990e+002
  2.0859912e+002  4.2706165e+002
  2.0926749e+002  4.2813367e+002
  2.0945918e+002  4.2901410e+002
  2.0965117e+002  4.2990399e+002
  2.1029391e+002  4.3104706e+002
  2.1045122e+002  4.3198912e+002
  2.1058920e+002  4.3292216e+002
  2.1130356e+002  4.3401906e+002
  2.1147668e+002  4.3488100e+002
  2.1164314e+002  4.3570870e+002
  2.1250912e+002  4.3663374e+002
  2.1343245e+002  4.3759843e+002
  2.1369566e+002  4.3838887e+002
  2.1443285e+002  4.3860620e+002
  2.1473976e+002  4.3942686e+002
  2.1549536e+002  4.3965158e+002
  2.1573555e+002  4.4051448e+002
  2.1660568e+002  4.4164178e+002
  2.1738280e+002  4.4276133e+002
  2.1745338e+002  4.4367291e+002
  2.1759767e+002  4.4456474e+002
  2.1874382e+002  4.4548731e+002
  2.1947045e+002  4.4584386e+002
  2.1955326e+002  4.4670856e+002
  2.2039358e+002  4.4784396e+002
  2.2059332e+002  4.4867100e+002
  2.2164541e+002  4.4964397e+002
  2.2265073e+002  4.5059142e+002
  2.2355180e+002  4.5157680e+002
  2.2439963e+002  4.5264952e+002
  2.2462659e+002  4.5348979e+002
  2.2535513e+002  4.5382263e+002
  2.2569851e+002  4.5466891e+002
  2.2678226e+002  4.5550785e+002
  2.2788804e+002  4.5626023e+002
  2.2869475e+002  4.5640663e+002
  2.2943218e+002  4.5662646e+002
  2.2992468e+002  4.5775032e+002
  2.3062970e+002  4.5882336e+002
  2.3136314e+002  4.5996884e+002
  2.3147429e+002  4.6083634e+002
  2.3158106e+002  4.6170224e+002
  2.3244892e+002  4.6277293e+002
  2.3262770e+002  4.6358902e+002
  2.3355497e+002  4.6453602e+002
  2.3445971e+002  4.6546426e+002
  2.3537453e+002  4.6646555e+002
  2.3686731e+002  4.6795262e+002
  2.3777991e+002  4.6870444e+002
  2.3880135e+002  4.6940967e+002
  2.3962817e+002  4.6953136e+002
  2.4078958e+002  4.7028955e+002
  2.4168246e+002  4.7043085e+002
  2.4258817e+002  4.7058696e+002
  2.4351361e+002  4.7155755e+002
  2.4432913e+002  4.7266674e+002
  2.4443523e+002  4.7352773e+002
  2.4499299e+002  4.7466560e+002
  2.4592172e+002  4.7572613e+002
  2.4682966e+002  4.7671199e+002
  2.4782754e+002  4.7763320e+002
  2.4892593e+002  4.7861097e+002
  2.4995784e+002  4.7964945e+002
  2.5092353e+002  4.8068312e+002
  2.5186405e+002  4.8169718e+002
  2.5285479e+002  4.8267776e+002
  2.5388887e+002  4.8357223e+002
  2.5498043e+002  4.8444346e+002
  2.5578955e+002  4.8464815e+002
  2.5681321e+002  4.8560336e+002
  2.5782038e+002  4.8656848e+002
  2.5884346e+002  4.8748880e+002
  2.5966124e+002  4.8770466e+002
  2.6066135e+002  4.8866203e+002
  2.6162675e+002  4.8972860e+002
  2.6257444e+002  4.9084727e+002
  2.6351853e+002  4.9194434e+002
  2.6454026e+002  4.9286269e+002
  2.6570061e+002  4.9362049e+002
  2.6692752e+002  4.9438919e+002
  2.6787314e+002  4.9457999e+002
  2.6901318e+002  4.9540871e+002
  2.6991216e+002  4.9561123e+002
  2.7098471e+002  4.9642625e+002
  2.7185979e+002  4.9658894e+002
  2.7289576e+002  4.9740431e+002
  2.7378206e+002  4.9756750e+002
  2.7478456e+002  4.9843056e+002
  2.7567678e+002  4.9866240e+002
  2.7665246e+002  4.9964703e+002
  2.7762568e+002  5.0069585e+002
  2.7864977e+002  5.0171766e+002
  2.7971407e+002  5.0264704e+002
  2.8080787e+002  5.0355216e+002
  2.8187010e+002  5.0442658e+002
  2.8282017e+002  5.0452869e+002
  2.8397874e+002  5.0523382e+002
  2.8495848e+002  5.0530309e+002
  2.8593090e+002  5.0544661e+002
  2.8689333e+002  5.0563559e+002
  2.8800149e+002  5.0639870e+002
  2.8892844e+002  5.0660335e+002
  2.9003379e+002  5.0732470e+002
  2.9094479e+002  5.0751039e+002
  2.9194969e+002  5.0837561e+002
  2.9276798e+002  5.0864608e+002
  2.9366711e+002  5.0954351e+002
  2.9470166e+002  5.1026474e+002
  2.9566851e+002  5.1026496e+002
  2.9666734e+002  5.1027104e+002
  2.9768546e+002  5.1025530e+002
  2.9870458e+002  5.1027868e+002
  2.9972570e+002  5.1035945e+002
  3.0075288e+002  5.1051100e+002
  3.0180279e+002  5.1126551e+002
  3.0280348e+002  5.1143933e+002
  3.0379390e+002  5.1158275e+002
  3.0484400e+002  5.1223780e+002
  3.0583964e+002  5.1226754e+002
  3.0683733e+002  5.1225391e+002
  3.0782784e+002  5.1225618e+002
  3.0885023e+002  5.1231981e+002
  3.0988532e+002  5.1241879e+002
  3.1087157e+002  5.1254594e+002
  3.1178353e+002  5.1344765e+002
  3.1266325e+002  5.1366545e+002
  3.1350245e+002  5.1460870e+002
  3.1441125e+002  5.1546516e+002
  3.1533685e+002  5.1547579e+002
  3.1633241e+002  5.1546475e+002
  3.1740703e+002  5.1538531e+002
  3.1914286e+002  5.1531722e+002
  3.2011387e+002  5.1530467e+002
  3.2107732e+002  5.1530409e+002
  3.2202773e+002  5.1527759e+002
  3.2297637e+002  5.1522034e+002
  3.2392306e+002  5.1518477e+002
  3.2487171e+002  5.1513122e+002
  3.2614736e+002  5.1508451e+002
  3.2713247e+002  5.1509776e+002
  3.2809319e+002  5.1516393e+002
  3.2902774e+002  5.1528740e+002
  3.2994269e+002  5.1546335e+002
  3.3085216e+002  5.1565917e+002
  3.3173227e+002  5.1642788e+002
  3.3261174e+002  5.1662198e+002
  3.3348907e+002  5.1742613e+002
  3.3441030e+002  5.1753751e+002
  3.3443251e+002  5.1822877e+002
  3.3538582e+002  5.1825795e+002
  3.3637228e+002  5.1823555e+002
  3.3742813e+002  5.1825256e+002
  3.3905892e+002  5.1817281e+002
  3.3997866e+002  5.1814493e+002
  3.4094202e+002  5.1815276e+002
  3.4192092e+002  5.1816211e+002
  3.4292927e+002  5.1822543e+002
  3.4391501e+002  5.1828610e+002
  3.4538759e+002  5.1834144e+002
  3.4629645e+002  5.1836540e+002
  3.4715207e+002  5.1841043e+002
  3.4799416e+002  5.1851059e+002
  3.4891269e+002  5.1919140e+002
  3.4987260e+002  5.1928610e+002
  3.5085522e+002  5.1939636e+002
  3.5185008e+002  5.1949830e+002
  3.5283247e+002  5.1960323e+002
  3.5377712e+002  5.2037211e+002
  3.5472811e+002  5.2034961e+002
  3.5566333e+002  5.2029468e+002
  3.5663767e+002  5.2021823e+002
  3.5798767e+002  5.2010473e+002
  3.5893113e+002  5.2002254e+002
  3.5991791e+002  5.1997832e+002
  3.6091650e+002  5.1997438e+002
  3.6191358e+002  5.2002222e+002
  3.6287033e+002  5.2006168e+002
  3.6381516e+002  5.2009918e+002
  3.6476632e+002  5.2012841e+002
  3.6575790e+002  5.2009416e+002
  3.6677246e+002  5.2008009e+002
  3.6779121e+002  5.2004041e+002
  3.6878666e+002  5.1999872e+002
  3.6976546e+002  5.1991325e+002
  3.7075491e+002  5.1981822e+002
  3.7178747e+002  5.1978317e+002
  3.7286259e+002  5.1979585e+002
  3.7393135e+002  5.1987728e+002
  3.7494071e+002  5.1999898e+002
  3.7594564e+002  5.2011320e+002
  3.7690719e+002  5.2017582e+002
  3.7780824e+002  5.2009006e+002
  3.7877226e+002  5.2001488e+002
  3.7992766e+002  5.1984917e+002
  3.8093098e+002  5.1968377e+002
  3.8190146e+002  5.1952871e+002
  3.8286574e+002  5.1938201e+002
  3.8388041e+002  5.1857466e+002
  3.8484152e+002  5.1854619e+002
  3.8583482e+002  5.1853650e+002
  3.8684128e+002  5.1856222e+002
  3.8785261e+002  5.1854791e+002
  3.8882386e+002  5.1848919e+002
  3.8987526e+002  5.1773779e+002
  3.9079528e+002  5.1758678e+002
  3.9169158e+002  5.1743278e+002
  3.9264065e+002  5.1643284e+002
  3.9356213e+002  5.1533562e+002
  3.9446005e+002  5.1415149e+002
  3.9449854e+002  5.1327665e+002
  3.9451461e+002  5.1239996e+002
  3.9562054e+002  5.1157643e+002
  3.9667465e+002  5.1166678e+002
  3.9776254e+002  5.1175896e+002
  3.9881040e+002  5.1184983e+002
  3.9951869e+002  5.1149139e+002
  4.0066930e+002  5.1061837e+002
  4.0148510e+002  5.1045447e+002
  4.0169140e+002  5.0957156e+002
  4.0247426e+002  5.0932152e+002
  4.0293738e+002  5.0807389e+002
  4.0358019e+002  5.0698580e+002
  4.0438363e+002  5.0603885e+002
  4.0450287e+002  5.0528724e+002
  4.0573625e+002  5.0419278e+002
  4.0670777e+002  5.0326595e+002
  4.0776963e+002  5.0237488e+002
  4.0885156e+002  5.0149793e+002
  4.0989835e+002  5.0063168e+002
  4.1084152e+002  5.0051967e+002
  4.1176722e+002  5.0047027e+002
  4.1281023e+002  4.9965309e+002
  4.1364224e+002  4.9955689e+002
  4.1446850e+002  4.9941828e+002
  4.1457491e+002  4.9853609e+002
  4.1539678e+002  4.9837493e+002
  4.1554315e+002  4.9754067e+002
  4.1642439e+002  4.9737966e+002
  4.1660434e+002  4.9655689e+002
  4.1768105e+002  4.9606510e+002
  4.1861129e+002  4.9500479e+002
  4.1954487e+002  4.9393575e+002
  4.2046046e+002  4.9299392e+002
  4.2062452e+002  4.9210553e+002
  4.2141650e+002  4.9113605e+002
  4.2152555e+002  4.9017988e+002
  4.2225216e+002  4.8906902e+002
  4.2234795e+002  4.8811545e+002
  4.2249049e+002  4.8717882e+002
  4.2266980e+002  4.8626704e+002
  4.2361080e+002  4.8531309e+002
  4.2454755e+002  4.8435853e+002
  4.2542371e+002  4.8335401e+002
  4.2548590e+002  4.8236433e+002
  4.2559599e+002  4.8140314e+002
  4.2662408e+002  4.8040706e+002
  4.2774804e+002  4.7943345e+002
  4.2876782e+002  4.7842751e+002
  4.2964072e+002  4.7730571e+002
  4.3054519e+002  4.7612436e+002
  4.3148143e+002  4.7499562e+002
  4.3166768e+002  4.7409929e+002
  4.3258042e+002  4.7315139e+002
  4.3338013e+002  4.7220513e+002
  4.3348092e+002  4.7127646e+002
  4.3355357e+002  4.7029893e+002
  4.3423979e+002  4.6923159e+002
  4.3423047e+002  4.6822255e+002
  4.3418268e+002  4.6722841e+002
  4.3412927e+002  4.6622847e+002
  4.3410378e+002  4.6522326e+002
  4.3416436e+002  4.6419014e+002
  4.3426738e+002  4.6318068e+002
  4.3443183e+002  4.6218443e+002
  4.3460020e+002  4.6124927e+002
  4.3560500e+002  4.6035760e+002
  4.3654741e+002  4.5938854e+002
  4.3709338e+002  4.5838755e+002
  4.3718442e+002  4.5740962e+002
  4.3728707e+002  4.5638133e+002
  4.3743968e+002  4.5534552e+002
  4.3760325e+002  4.5434400e+002
  4.3849935e+002  4.5318196e+002
  4.3866501e+002  4.5223399e+002
  4.3950209e+002  4.5122567e+002
  4.4045551e+002  4.5027259e+002
  4.4069499e+002  4.4937098e+002
  4.4151679e+002  4.4831453e+002
  4.4224084e+002  4.4724585e+002
  4.4225754e+002  4.4624311e+002
  4.4224366e+002  4.4524815e+002
  4.4218209e+002  4.4392206e+002
  4.4212474e+002  4.4297879e+002
  4.4210964e+002  4.4202861e+002
  4.4213484e+002  4.4106068e+002
  4.4210667e+002  4.4008083e+002
  4.4208559e+002  4.3907937e+002
  4.4207688e+002  4.3806762e+002
  4.4210755e+002  4.3680650e+002
  4.4220734e+002  4.3586739e+002
  4.4231673e+002  4.3491193e+002
  4.4235731e+002  4.3395172e+002
  4.4234921e+002  4.3299530e+002
  4.4233400e+002  4.3206555e+002
  4.4236664e+002  4.3114164e+002
  4.4246870e+002  4.3018167e+002
  4.4257232e+002  4.2920841e+002
  4.4318531e+002  4.2814996e+002
  4.4321466e+002  4.2713459e+002
  4.4322405e+002  4.2612276e+002
  4.4323986e+002  4.2511676e+002
  4.4324400e+002  4.2409965e+002
  4.4328382e+002  4.2307078e+002
  4.4331978e+002  4.2202009e+002
  4.4336403e+002  4.2097815e+002
  4.4340637e+002  4.1994799e+002
  4.4345861e+002  4.1894362e+002
  4.4350763e+002  4.1796184e+002
  4.4407110e+002  4.1696545e+002
  4.4414503e+002  4.1600584e+002
  4.4422005e+002  4.1504345e+002
  4.4427781e+002  4.1406242e+002
  4.4432592e+002  4.1307794e+002
  4.4438141e+002  4.1207773e+002
  4.4442426e+002  4.1106267e+002
  4.4444834e+002  4.0989692e+002
  4.4442574e+002  4.0895813e+002
  4.4439157e+002  4.0802201e+002
  4.4435158e+002  4.0706946e+002
  4.4433060e+002  4.0607208e+002
  4.4434034e+002  4.0504012e+002
  4.4436886e+002  4.0399193e+002
  4.4442309e+002  4.0294910e+002
  4.4443785e+002  4.0190222e+002
  4.4445275e+002  4.0097884e+002
  4.4443210e+002  4.0004171e+002
  4.4438826e+002  3.9906798e+002
  4.4428999e+002  3.9794225e+002
  4.4414190e+002  3.9696786e+002
  4.4403012e+002  3.9600361e+002
  4.4394926e+002  3.9504681e+002
  4.4391113e+002  3.9408885e+002
  4.4391974e+002  3.9310900e+002
  4.4395564e+002  3.9208900e+002
  4.4401980e+002  3.9094305e+002
  4.4405776e+002  3.8995283e+002
  4.4409163e+002  3.8895121e+002
  4.4411091e+002  3.8793246e+002
  4.4407275e+002  3.8692004e+002
  4.4402215e+002  3.8576816e+002
  4.4396959e+002  3.8473423e+002
  4.4392932e+002  3.8373645e+002
  4.4388401e+002  3.8276226e+002
  4.4380062e+002  3.8181865e+002
  4.4369947e+002  3.8086272e+002
  4.4358200e+002  3.7989127e+002
  4.4348628e+002  3.7891079e+002
  4.4287200e+002  3.7788105e+002
  4.4282973e+002  3.7689278e+002
  4.4279003e+002  3.7591336e+002
  4.4274477e+002  3.7494932e+002
  4.4262149e+002  3.7401781e+002
  4.4242483e+002  3.7311717e+002
  4.4163079e+002  3.7208879e+002
  4.4146083e+002  3.7112825e+002
  4.4076625e+002  3.6999289e+002
  4.4068761e+002  3.6901050e+002
  4.4060979e+002  3.6801929e+002
  4.4053954e+002  3.6703478e+002
  4.4044454e+002  3.6605690e+002
  4.3980081e+002  3.6496334e+002
  4.3964255e+002  3.6403180e+002
  4.3945223e+002  3.6310230e+002
  4.3867359e+002  3.6200551e+002
  4.3845034e+002  3.6107470e+002
  4.3768097e+002  3.5998083e+002
  4.3753845e+002  3.5903898e+002
  4.3744590e+002  3.5810693e+002
  4.3675747e+002  3.5697397e+002
  4.3665082e+002  3.5605944e+002
  4.3647104e+002  3.5516826e+002
  4.3557940e+002  3.5409160e+002
  4.3531296e+002  3.5322548e+002
  4.3449149e+002  3.5209418e+002
  4.3372303e+002  3.5093739e+002
  4.3352684e+002  3.5002503e+002
  4.3335022e+002  3.4913647e+002
  4.3255483e+002  3.4804142e+002
  4.3235204e+002  3.4717590e+002
  4.3143594e+002  3.4616337e+002
  4.3051437e+002  3.4515108e+002
  4.3026262e+002  3.4427792e+002
  4.2949854e+002  3.4311797e+002
  4.2880141e+002  3.4194322e+002
  4.2866262e+002  3.4105771e+002
  4.2847430e+002  3.4018331e+002
  4.2772375e+002  3.3910828e+002
  4.2750365e+002  3.3820982e+002
  4.2726611e+002  3.3730275e+002
  4.2647089e+002  3.3617479e+002
  4.2563167e+002  3.3504359e+002
  4.2542400e+002  3.3418433e+002
  4.2455008e+002  3.3314156e+002
  4.2432222e+002  3.3235455e+002
  4.2346245e+002  3.3130729e+002
  4.2265568e+002  3.3019433e+002
  4.2240366e+002  3.2936096e+002
  4.2145988e+002  3.2827712e+002
  4.2034928e+002  3.2728529e+002
  4.1917820e+002  3.2633048e+002
  4.1810376e+002  3.2530485e+002
  4.1721635e+002  3.2420958e+002
  4.1647707e+002  3.2305052e+002
  4.1577130e+002  3.2185003e+002
  4.1565587e+002  3.2096138e+002
  4.1548469e+002  3.2008773e+002
  4.1467506e+002  3.1903383e+002
  4.1439142e+002  3.1820386e+002
  4.1328001e+002  3.1724177e+002
  4.1236772e+002  3.1618173e+002
  4.1143844e+002  3.1515496e+002
  4.1045258e+002  3.1415629e+002
  4.0943909e+002  3.1320179e+002
  4.0850371e+002  3.1218593e+002
  4.0827226e+002  3.1137997e+002
  4.0748264e+002  3.1029795e+002
  4.0670054e+002  3.0918281e+002
  4.0651666e+002  3.0835419e+002
  4.0635336e+002  3.0749284e+002
  4.0554389e+002  3.0638504e+002
  4.0531693e+002  3.0555647e+002
  4.0465214e+002  3.0528115e+002
  4.0439157e+002  3.0448940e+002
  4.0348429e+002  3.0341248e+002
  4.0259848e+002  3.0235268e+002
  4.0235598e+002  3.0159865e+002
  4.0170832e+002  3.0124934e+002
  4.0145062e+002  3.0049132e+002
  4.0052838e+002  2.9932402e+002
  4.0029946e+002  2.9853584e+002
  3.9951089e+002  2.9809748e+002
  3.9931540e+002  2.9741118e+002
  3.9835356e+002  2.9637180e+002
  3.9755288e+002  2.9529126e+002
  3.9746176e+002  2.9451862e+002
  3.9683216e+002  2.9409109e+002
  3.9667175e+002  2.9328226e+002
  3.9646365e+002  2.9247844e+002
  3.9502310e+002  2.9122983e+002
  3.9384951e+002  2.9060278e+002
  3.9298502e+002  2.9054419e+002
  3.9211084e+002  2.9037949e+002
  3.9109806e+002  2.8939412e+002
  3.9005526e+002  2.8814103e+002
  3.8921546e+002  2.8711753e+002
  3.8839317e+002  2.8608580e+002
  3.8768613e+002  2.8503821e+002
  3.8756735e+002  2.8426642e+002
  3.8745578e+002  2.8350055e+002
  3.8687860e+002  2.8323413e+002
  3.8670142e+002  2.8246572e+002
  3.8650036e+002  2.8169668e+002
  3.8557194e+002  2.8066123e+002
  3.8396632e+002  2.7927716e+002
  3.8293334e+002  2.7858199e+002
  3.8209315e+002  2.7851887e+002
  3.8123884e+002  2.7839048e+002
  3.8011377e+002  2.7756979e+002
  3.7928442e+002  2.7732135e+002
  3.7820024e+002  2.7640089e+002
  3.7714138e+002  2.7544103e+002
  3.7615235e+002  2.7448423e+002
  3.7518474e+002  2.7348805e+002
  3.7421117e+002  2.7249810e+002
  3.7319314e+002  2.7153048e+002
  3.7238183e+002  2.7131539e+002
  3.7122182e+002  2.7040262e+002
  3.7003611e+002  2.6946818e+002
  3.6896457e+002  2.6842600e+002
  3.6797545e+002  2.6741303e+002
  3.6687609e+002  2.6647279e+002
  3.6572663e+002  2.6557219e+002
  3.6492158e+002  2.6526942e+002
  3.6391400e+002  2.6439774e+002
  3.6293133e+002  2.6363095e+002
  3.6208076e+002  2.6348715e+002
  3.6097221e+002  2.6281987e+002
  3.6007290e+002  2.6271331e+002
  3.5916643e+002  2.6257687e+002
  3.5827241e+002  2.6239009e+002
  3.5721651e+002  2.6142344e+002
  3.5622966e+002  2.6038330e+002
  3.5522176e+002  2.5933704e+002
  3.5419737e+002  2.5834436e+002
  3.5314273e+002  2.5744471e+002
  3.5208861e+002  2.5665744e+002
  3.5119085e+002  2.5651870e+002
  3.5027502e+002  2.5641879e+002
  3.4916449e+002  2.5571055e+002
  3.4817978e+002  2.5564513e+002
  3.4717758e+002  2.5556894e+002
  3.4620048e+002  2.5545899e+002
  3.4511380e+002  2.5467448e+002
  3.4419853e+002  2.5445395e+002
  3.4316023e+002  2.5354625e+002
  3.4223859e+002  2.5327190e+002
  3.4111497e+002  2.5246170e+002
  3.3992449e+002  2.5177112e+002
  3.3892620e+002  2.5164047e+002
  3.3797858e+002  2.5147498e+002
  3.3695882e+002  2.5070721e+002
  3.3606831e+002  2.5047342e+002
  3.3503579e+002  2.4963226e+002
  3.3414188e+002  2.4941070e+002
  3.3309584e+002  2.4861103e+002
  3.3213520e+002  2.4848030e+002
  3.3104029e+002  2.4778447e+002
  3.3005317e+002  2.4773500e+002
  3.2907500e+002  2.4769087e+002
  3.2811660e+002  2.4759447e+002
  3.2715829e+002  2.4739993e+002
  3.2612391e+002  2.4660040e+002
  3.2511730e+002  2.4643739e+002
  3.2403300e+002  2.4584009e+002
  3.2300313e+002  2.4579625e+002
  3.2199244e+002  2.4573141e+002
  3.2101461e+002  2.4562691e+002
  3.2005909e+002  2.4546262e+002
  3.1896809e+002  2.4474811e+002
  3.1803084e+002  2.4456232e+002
  3.1710770e+002  2.4434000e+002
  3.1602736e+002  2.4359771e+002
  3.1510942e+002  2.4339251e+002
  3.1405271e+002  2.4263718e+002
  3.1311418e+002  2.4249423e+002
  3.1205206e+002  2.4181065e+002
  3.1110225e+002  2.4171925e+002
  3.1013181e+002  2.4163447e+002
  3.0913658e+002  2.4154225e+002
  3.0813634e+002  2.4144252e+002
  3.0707769e+002  2.4089836e+002
  3.0605206e+002  2.4088025e+002
  3.0498887e+002  2.4088336e+002
  3.0385484e+002  2.4086212e+002
  3.0294455e+002  2.4082525e+002
  3.0202763e+002  2.4076291e+002
  3.0091235e+002  2.4067042e+002
  2.9991516e+002  2.4055387e+002
  2.9894474e+002  2.4043884e+002
  2.9793126e+002  2.3980161e+002
  2.9701510e+002  2.3966538e+002
  2.9606600e+002  2.3969900e+002
  2.9508731e+002  2.3956051e+002
  2.9410242e+002  2.3948009e+002
  2.9316285e+002  2.3907658e+002
  2.9214400e+002  2.3909224e+002
  2.9071975e+002  2.3915044e+002
  2.8979584e+002  2.3925258e+002
  2.8884850e+002  2.3930193e+002
  2.8791303e+002  2.3933138e+002
  2.8697867e+002  2.3933296e+002
  2.8604769e+002  2.3932140e+002
  2.8479208e+002  2.3931590e+002
  2.8385309e+002  2.3933758e+002
  2.8292437e+002  2.3933697e+002
  2.8200257e+002  2.3929844e+002
  2.8108731e+002  2.3922815e+002
  2.8015067e+002  2.3915347e+002
  2.7919151e+002  2.3912395e+002
  2.7816295e+002  2.3915912e+002
  2.7658148e+002  2.3934427e+002
  2.7565076e+002  2.3955373e+002
  2.7474346e+002  2.4018572e+002
  2.7383680e+002  2.4036595e+002
  2.7291281e+002  2.4049831e+002
  2.7196460e+002  2.4059121e+002
  2.7094089e+002  2.4103449e+002
  2.6992642e+002  2.4102667e+002
  2.6887945e+002  2.4102254e+002
  2.6786042e+002  2.4103947e+002
  2.6686651e+002  2.4109914e+002
  2.6589822e+002  2.4122672e+002
  2.6495895e+002  2.4141165e+002
  2.6402626e+002  2.4164088e+002
  2.6298578e+002  2.4230752e+002
  2.6202442e+002  2.4245841e+002
  2.6104362e+002  2.4255332e+002
  2.5994369e+002  2.4310134e+002
  2.5897514e+002  2.4317267e+002
  2.5803100e+002  2.4332741e+002
  2.5710896e+002  2.4359455e+002
  2.5611812e+002  2.4439915e+002
  2.5516926e+002  2.4468697e+002
  2.5408447e+002  2.4535823e+002
  2.5308452e+002  2.4549725e+002
  2.5209790e+002  2.4562507e+002
  2.5090782e+002  2.4622295e+002
  2.4992337e+002  2.4633748e+002
  2.4895177e+002  2.4649924e+002
  2.4801458e+002  2.4670086e+002
  2.4703981e+002  2.4749583e+002
  2.4613014e+002  2.4778092e+002
  2.4509858e+002  2.4852984e+002
  2.4397220e+002  2.4915230e+002
  2.4295735e+002  2.4924175e+002
  2.4195259e+002  2.4929882e+002
  2.4096106e+002  2.4939317e+002
  2.4000701e+002  2.4951256e+002
  2.3895360e+002  2.5026588e+002
  2.3810204e+002  2.5051762e+002
  2.3712424e+002  2.5134807e+002
  2.3628402e+002  2.5156164e+002
  2.3519928e+002  2.5230717e+002
  2.3427219e+002  2.5242123e+002
  2.3333875e+002  2.5255969e+002
  2.3214660e+002  2.5337819e+002
  2.3127104e+002  2.5365883e+002
  2.3027350e+002  2.5473383e+002
  2.2927057e+002  2.5576246e+002
  2.2812147e+002  2.5658600e+002
  2.2684625e+002  2.5718005e+002
  2.2594031e+002  2.5734656e+002
  2.2506429e+002  2.5753723e+002
  2.2395447e+002  2.5839935e+002
  2.2317501e+002  2.5872930e+002
  2.2221784e+002  2.5978840e+002
  2.2128214e+002  2.6084470e+002
  2.2041680e+002  2.6180640e+002
  2.1949590e+002  2.6276919e+002
  2.1823782e+002  2.6393925e+002
  2.1717227e+002  2.6476382e+002
  2.1608070e+002  2.6548998e+002
  2.1525225e+002  2.6564071e+002
  2.1411108e+002  2.6638754e+002
  2.1351858e+002  2.6675464e+002
  2.1323907e+002  2.6742311e+002
  2.1246786e+002  2.6763655e+002
  2.1145236e+002  2.6861656e+002
  2.1017536e+002  2.6995126e+002
  2.0933987e+002  2.7094113e+002
  2.0851305e+002  2.7191661e+002
  2.0828503e+002  2.7262586e+002
  2.0736568e+002  2.7363080e+002
  2.0623294e+002  2.7473708e+002
  2.0525542e+002  2.7565195e+002
  2.0421039e+002  2.7660908e+002
  2.0315661e+002  2.7759969e+002
  2.0213803e+002  2.7857451e+002
  2.0103585e+002  2.7982816e+002
  2.0013511e+002  2.8089096e+002
  1.9925201e+002  2.8194839e+002
  1.9839914e+002  2.8296789e+002
  1.9760831e+002  2.8401679e+002
  1.9744716e+002  2.8483576e+002
  1.9674499e+002  2.8597561e+002
  1.9663055e+002  2.8686806e+002
  1.9653365e+002  2.8777171e+002
  1.9640235e+002  2.8867174e+002
  1.9558519e+002  2.8978641e+002
  1.9532928e+002  2.9063550e+002
  1.9426088e+002  2.9160009e+002
  1.9315342e+002  2.9246128e+002
  1.9227830e+002  2.9273171e+002
  1.9121957e+002  2.9382613e+002
  1.9042862e+002  2.9504905e+002
  1.8988137e+002  2.9629863e+002
  1.8983544e+002  2.9721450e+002
  1.8975422e+002  2.9815405e+002
  1.8964909e+002  2.9908944e+002
  1.8950534e+002  3.0002324e+002
  1.8929160e+002  3.0092961e+002
  1.8849467e+002  3.0207580e+002
  1.8762107e+002  3.0317141e+002
  1.8731482e+002  3.0402634e+002
  1.8647224e+002  3.0505322e+002
  1.8570517e+002  3.0606607e+002
  1.8552887e+002  3.0697370e+002
  1.8541155e+002  3.0790774e+002
  1.8484871e+002  3.0907267e+002
  1.8476189e+002  3.1005866e+002
  1.8462402e+002  3.1102304e+002
  1.8443932e+002  3.1198257e+002
  1.8374998e+002  3.1307769e+002
  1.8352258e+002  3.1400448e+002
  1.8333502e+002  3.1493458e+002
  1.8266493e+002  3.1601272e+002
  1.8254565e+002  3.1695506e+002
  1.8243463e+002  3.1790725e+002
  1.8183557e+002  3.1893270e+002
  1.8178351e+002  3.1989578e+002
  1.8177330e+002  3.2087777e+002
  1.8179849e+002  3.2189154e+002
  1.8184064e+002  3.2292550e+002
  1.8181608e+002  3.2397537e+002
  1.8172532e+002  3.2501476e+002
  1.8156412e+002  3.2605058e+002
  1.8143015e+002  3.2705836e+002
  1.8092868e+002  3.2808255e+002
  1.8091612e+002  3.2904554e+002
  1.8099512e+002  3.3000997e+002
  1.8099883e+002  3.3095900e+002
  1.8100524e+002  3.3195681e+002
  1.8101664e+002  3.3299265e+002
  1.8107191e+002  3.3400679e+002
  1.8113737e+002  3.3499718e+002
  1.8115660e+002  3.3598354e+002
  1.8111959e+002  3.3705106e+002
  1.8103277e+002  3.3801199e+002
  1.8090270e+002  3.3896658e+002
  1.8074785e+002  3.3994088e+002
  1.8066174e+002  3.4091011e+002
  1.8063120e+002  3.4189663e+002
  1.8066024e+002  3.4290042e+002
  1.8082443e+002  3.4431916e+002
  1.8103734e+002  3.4526330e+002
  1.8121603e+002  3.4620945e+002
  1.8139601e+002  3.4714009e+002
  1.8154983e+002  3.4807706e+002
  1.8208846e+002  3.4904182e+002
  1.8215132e+002  3.4999877e+002
  1.8214840e+002  3.5097142e+002
  1.8210634e+002  3.5194541e+002
  1.8207540e+002  3.5293299e+002
  1.8207380e+002  3.5391503e+002
  1.8213814e+002  3.5493500e+002
  1.8219269e+002  3.5596409e+002
  1.8230750e+002  3.5702426e+002
  1.8245551e+002  3.5807593e+002
  1.8266908e+002  3.5911954e+002
  1.8342072e+002  3.6013580e+002
  1.8363171e+002  3.6112065e+002
  1.8424742e+002  3.6212229e+002
  1.8431653e+002  3.6314307e+002
  1.8433686e+002  3.6413055e+002
  1.8436380e+002  3.6510573e+002
  1.8442570e+002  3.6604918e+002
  1.8457684e+002  3.6697328e+002
  1.8525868e+002  3.6807005e+002
  1.8552498e+002  3.6901508e+002
  1.8633211e+002  3.7011167e+002
  1.8655855e+002  3.7107847e+002
  1.8732980e+002  3.7212298e+002
  1.8749160e+002  3.7305003e+002
  1.8766826e+002  3.7393831e+002
  1.8836641e+002  3.7495272e+002
  1.8848649e+002  3.7588378e+002
  1.8859565e+002  3.7683770e+002
  1.8919418e+002  3.7803617e+002
  1.8932382e+002  3.7902670e+002
  1.8944520e+002  3.8000947e+002
  1.8957464e+002  3.8100167e+002
  1.9025100e+002  3.8208148e+002
  1.9033394e+002  3.8306720e+002
  1.9041974e+002  3.8404329e+002
  1.9051924e+002  3.8499982e+002
  1.9118487e+002  3.8603957e+002
  1.9133699e+002  3.8698311e+002
  1.9153769e+002  3.8792729e+002
  1.9226631e+002  3.8902534e+002
  1.9252583e+002  3.8996892e+002
  1.9328993e+002  3.9099833e+002
  1.9347329e+002  3.9193640e+002
  1.9360174e+002  3.9288423e+002
  1.9422847e+002  3.9397509e+002
  1.9431439e+002  3.9492650e+002
  1.9441798e+002  3.9589471e+002
  1.9456745e+002  3.9687430e+002
  1.9527106e+002  3.9795263e+002
  1.9549257e+002  3.9888899e+002
  1.9571491e+002  3.9980359e+002
  1.9647011e+002  4.0083661e+002
  1.9666219e+002  4.0180907e+002
  1.9732562e+002  4.0295498e+002
  1.9746089e+002  4.0394917e+002
  1.9757008e+002  4.0491333e+002
  1.9830124e+002  4.0597897e+002
  1.9843820e+002  4.0691362e+002
