  1.9565646e+002  4.0490189e+002
  1.9636909e+002  4.0597806e+002
  1.9657912e+002  4.0695253e+002
  1.9733210e+002  4.0798036e+002
  1.9754999e+002  4.0891835e+002
  1.9826734e+002  4.0997785e+002
  1.9846204e+002  4.1094509e+002
  1.9867026e+002  4.1193155e+002
  1.9931889e+002  4.1310581e+002
  1.9954439e+002  4.1407789e+002
  2.0019942e+002  4.1514211e+002
  2.0039474e+002  4.1604780e+002
  2.0057572e+002  4.1695182e+002
  2.0116723e+002  4.1798579e+002
  2.0129247e+002  4.1890472e+002
  2.0142183e+002  4.1982385e+002
  2.0157660e+002  4.2070922e+002
  2.0234489e+002  4.2180152e+002
  2.0261941e+002  4.2266211e+002
  2.0361135e+002  4.2370232e+002
  2.0464892e+002  4.2471502e+002
  2.0573005e+002  4.2576084e+002
  2.0684376e+002  4.2684937e+002
  2.0787190e+002  4.2797975e+002
  2.0873501e+002  4.2909785e+002
  2.0947096e+002  4.3020623e+002
  2.0963866e+002  4.3110256e+002
  2.1017040e+002  4.3225067e+002
  2.1026438e+002  4.3316957e+002
  2.1036133e+002  4.3409076e+002
  2.1065516e+002  4.3452106e+002
  2.1138772e+002  4.3557732e+002
  2.1151366e+002  4.3643983e+002
  2.1207462e+002  4.3666584e+002
  2.1222485e+002  4.3751786e+002
  2.1239388e+002  4.3838286e+002
  2.1327120e+002  4.3945459e+002
  2.1352902e+002  4.4032153e+002
  2.1421434e+002  4.4054553e+002
  2.1449370e+002  4.4140189e+002
  2.1543279e+002  4.4249683e+002
  2.1628754e+002  4.4367164e+002
  2.1651638e+002  4.4454137e+002
  2.1741418e+002  4.4576191e+002
  2.1759576e+002  4.4660173e+002
  2.1850234e+002  4.4782568e+002
  2.1946594e+002  4.4893187e+002
  2.1971730e+002  4.4964096e+002
  2.2077021e+002  4.5057922e+002
  2.2179450e+002  4.5152011e+002
  2.2277282e+002  4.5250218e+002
  2.2374001e+002  4.5352343e+002
  2.2472850e+002  4.5461711e+002
  2.2575407e+002  4.5561533e+002
  2.2685946e+002  4.5643096e+002
  2.2770354e+002  4.5660423e+002
  2.2875952e+002  4.5758512e+002
  2.2980995e+002  4.5883896e+002
  2.3054942e+002  4.5993889e+002
  2.3139823e+002  4.6099471e+002
  2.3156154e+002  4.6176023e+002
  2.3247896e+002  4.6276991e+002
  2.3266215e+002  4.6355033e+002
  2.3356099e+002  4.6458161e+002
  2.3444602e+002  4.6563547e+002
  2.3460237e+002  4.6634349e+002
  2.3598075e+002  4.6726674e+002
  2.3683830e+002  4.6801617e+002
  2.3778381e+002  4.6865427e+002
  2.3886020e+002  4.6931496e+002
  2.3974674e+002  4.6947057e+002
  2.4068622e+002  4.6962282e+002
  2.4185996e+002  4.7037176e+002
  2.4276190e+002  4.7052506e+002
  2.4365556e+002  4.7151369e+002
  2.4443770e+002  4.7264541e+002
  2.4452587e+002  4.7349030e+002
  2.4529649e+002  4.7382661e+002
  2.4556507e+002  4.7462514e+002
  2.4674588e+002  4.7560190e+002
  2.4795017e+002  4.7643681e+002
  2.4877941e+002  4.7662192e+002
  2.4989643e+002  4.7756231e+002
  2.5089331e+002  4.7858102e+002
  2.5182658e+002  4.7962114e+002
  2.5278513e+002  4.8059576e+002
  2.5383628e+002  4.8152780e+002
  2.5494210e+002  4.8241716e+002
  2.5581461e+002  4.8262240e+002
  2.5689877e+002  4.8354120e+002
  2.5794044e+002  4.8451110e+002
  2.5894127e+002  4.8547370e+002
  2.5975350e+002  4.8569402e+002
  2.6075745e+002  4.8656819e+002
  2.6176021e+002  4.8743098e+002
  2.6260905e+002  4.8755463e+002
  2.6361835e+002  4.8838020e+002
  2.6447980e+002  4.8848844e+002
  2.6546409e+002  4.8938868e+002
  2.6648379e+002  4.9035827e+002
  2.6766624e+002  4.9126278e+002
  2.6870953e+002  4.9145322e+002
  2.6971413e+002  4.9167033e+002
  2.7091236e+002  4.9263437e+002
  2.7200224e+002  4.9359042e+002
  2.7303754e+002  4.9449807e+002
  2.7388941e+002  4.9468586e+002
  2.7493542e+002  4.9549421e+002
  2.7580741e+002  4.9567957e+002
  2.7683943e+002  4.9658303e+002
  2.7780933e+002  4.9761689e+002
  2.7874026e+002  4.9868210e+002
  2.7969176e+002  4.9960355e+002
  2.8070814e+002  5.0036473e+002
  2.8165671e+002  5.0040636e+002
  2.8264378e+002  5.0044635e+002
  2.8365805e+002  5.0050892e+002
  2.8484540e+002  5.0128656e+002
  2.8585004e+002  5.0147331e+002
  2.8682852e+002  5.0173779e+002
  2.8782088e+002  5.0271076e+002
  2.8874781e+002  5.0361768e+002
  2.8974698e+002  5.0442710e+002
  2.9068672e+002  5.0454192e+002
  2.9175604e+002  5.0533741e+002
  2.9266846e+002  5.0549765e+002
  2.9359499e+002  5.0568929e+002
  2.9455659e+002  5.0664521e+002
  2.9554944e+002  5.0747982e+002
  2.9657898e+002  5.0748930e+002
  2.9763208e+002  5.0747807e+002
  2.9866328e+002  5.0752265e+002
  2.9978282e+002  5.0827733e+002
  3.0077479e+002  5.0847272e+002
  3.0178914e+002  5.0869088e+002
  3.0288914e+002  5.0945030e+002
  3.0388565e+002  5.0957946e+002
  3.0488841e+002  5.1029013e+002
  3.0583571e+002  5.1039151e+002
  3.0680870e+002  5.1044252e+002
  3.0779879e+002  5.1045530e+002
  3.0881732e+002  5.1046428e+002
  3.0983518e+002  5.1049628e+002
  3.1082572e+002  5.1057973e+002
  3.1183768e+002  5.1137331e+002
  3.1278232e+002  5.1157493e+002
  3.1372849e+002  5.1249161e+002
  3.1463480e+002  5.1265048e+002
  3.1549325e+002  5.1348282e+002
  3.1647964e+002  5.1346238e+002
  3.1752955e+002  5.1338305e+002
  3.1862454e+002  5.1329588e+002
  3.2035106e+002  5.1322051e+002
  3.2125187e+002  5.1322227e+002
  3.2214716e+002  5.1322038e+002
  3.2305322e+002  5.1322862e+002
  3.2398371e+002  5.1321901e+002
  3.2516327e+002  5.1325032e+002
  3.2612603e+002  5.1331558e+002
  3.2696728e+002  5.1328683e+002
  3.2789999e+002  5.1337708e+002
  3.2882585e+002  5.1348668e+002
  3.2976603e+002  5.1360620e+002
  3.3081346e+002  5.1428665e+002
  3.3178795e+002  5.1439469e+002
  3.3277647e+002  5.1448575e+002
  3.3377306e+002  5.1455136e+002
  3.3474655e+002  5.1521196e+002
  3.3574695e+002  5.1530371e+002
  3.3679231e+002  5.1536836e+002
  3.3804521e+002  5.1531230e+002
  3.3901289e+002  5.1523158e+002
  3.3990751e+002  5.1520316e+002
  3.4095897e+002  5.1521752e+002
  3.4202468e+002  5.1527474e+002
  3.4311914e+002  5.1533117e+002
  3.4397233e+002  5.1535494e+002
  3.4489594e+002  5.1535860e+002
  3.4617758e+002  5.1540839e+002
  3.4711921e+002  5.1544556e+002
  3.4806441e+002  5.1556304e+002
  3.4896909e+002  5.1634920e+002
  3.4989106e+002  5.1654178e+002
  3.5074591e+002  5.1733114e+002
  3.5171942e+002  5.1739714e+002
  3.5272636e+002  5.1738307e+002
  3.5374309e+002  5.1735657e+002
  3.5472809e+002  5.1734022e+002
  3.5625928e+002  5.1729412e+002
  3.5718540e+002  5.1728274e+002
  3.5812276e+002  5.1729238e+002
  3.5904729e+002  5.1721232e+002
  3.5997232e+002  5.1706112e+002
  3.6089638e+002  5.1689911e+002
  3.6182757e+002  5.1671337e+002
  3.6276189e+002  5.1658187e+002
  3.6372164e+002  5.1650772e+002
  3.6469453e+002  5.1653958e+002
  3.6566891e+002  5.1664270e+002
  3.6660944e+002  5.1672302e+002
  3.6753564e+002  5.1673206e+002
  3.6849216e+002  5.1659961e+002
  3.6949339e+002  5.1642733e+002
  3.6956174e+002  5.1570433e+002
  3.7061830e+002  5.1553605e+002
  3.7167630e+002  5.1540949e+002
  3.7279113e+002  5.1451769e+002
  3.7379905e+002  5.1452445e+002
  3.7480321e+002  5.1466757e+002
  3.7577635e+002  5.1484772e+002
  3.7710250e+002  5.1494454e+002
  3.7809018e+002  5.1494669e+002
  3.7908438e+002  5.1483756e+002
  3.8005156e+002  5.1473718e+002
  3.8098629e+002  5.1467257e+002
  3.8187409e+002  5.1476822e+002
  3.8271921e+002  5.1492708e+002
  3.8356642e+002  5.1507455e+002
  3.8443382e+002  5.1516603e+002
  3.8530670e+002  5.1516351e+002
  3.8622306e+002  5.1510847e+002
  3.8797631e+002  5.1489373e+002
  3.8889144e+002  5.1460789e+002
  3.8978481e+002  5.1434645e+002
  3.9059630e+002  5.1304610e+002
  3.9142487e+002  5.1183937e+002
  3.9155160e+002  5.1105681e+002
  3.9268196e+002  5.1020889e+002
  3.9382189e+002  5.0950618e+002
  3.9476095e+002  5.0955235e+002
  3.9573441e+002  5.0964442e+002
  3.9675037e+002  5.0972812e+002
  3.9781177e+002  5.0980310e+002
  3.9889263e+002  5.0984231e+002
  3.9992257e+002  5.0978883e+002
  4.0053596e+002  5.0930793e+002
  4.0150563e+002  5.0837438e+002
  4.0241750e+002  5.0735848e+002
  4.0249474e+002  5.0656236e+002
  4.0339298e+002  5.0635656e+002
  4.0352714e+002  5.0554303e+002
  4.0440966e+002  5.0529810e+002
  4.0455665e+002  5.0447092e+002
  4.0559920e+002  5.0341609e+002
  4.0665220e+002  5.0246038e+002
  4.0776597e+002  5.0161137e+002
  4.0865184e+002  5.0152076e+002
  4.0957703e+002  5.0148582e+002
  4.1077492e+002  5.0070430e+002
  4.1167719e+002  5.0066319e+002
  4.1258720e+002  5.0059627e+002
  4.1346866e+002  5.0050909e+002
  4.1447136e+002  4.9945955e+002
  4.1460577e+002  4.9859755e+002
  4.1548274e+002  4.9846397e+002
  4.1565324e+002  4.9766037e+002
  4.1656063e+002  4.9748876e+002
  4.1766436e+002  4.9650984e+002
  4.1881936e+002  4.9596914e+002
  4.1969571e+002  4.9501207e+002
  4.2045659e+002  4.9403506e+002
  4.2055362e+002  4.9315699e+002
  4.2129366e+002  4.9210880e+002
  4.2140275e+002  4.9114004e+002
  4.2152237e+002  4.9016172e+002
  4.2232629e+002  4.8905970e+002
  4.2248698e+002  4.8816841e+002
  4.2263253e+002  4.8734260e+002
  4.2367681e+002  4.8647711e+002
  4.2468690e+002  4.8552641e+002
  4.2554638e+002  4.8536031e+002
  4.2642843e+002  4.8428402e+002
  4.2645887e+002  4.8333862e+002
  4.2653627e+002  4.8237445e+002
  4.2749406e+002  4.8130174e+002
  4.2769562e+002  4.8035289e+002
  4.2864175e+002  4.7922464e+002
  4.2957751e+002  4.7813549e+002
  4.3048080e+002  4.7709507e+002
  4.3062072e+002  4.7619008e+002
  4.3153687e+002  4.7519472e+002
  4.3243128e+002  4.7420356e+002
  4.3252180e+002  4.7329668e+002
  4.3325345e+002  4.7225921e+002
  4.3327643e+002  4.7130849e+002
  4.3329331e+002  4.7034475e+002
  4.3330166e+002  4.6937070e+002
  4.3331256e+002  4.6841671e+002
  4.3331316e+002  4.6743926e+002
  4.3331429e+002  4.6643946e+002
  4.3334695e+002  4.6544291e+002
  4.3340914e+002  4.6445067e+002
  4.3354956e+002  4.6346280e+002
  4.3447774e+002  4.6250920e+002
  4.3441468e+002  4.6148825e+002
  4.3461547e+002  4.6057681e+002
  4.3533693e+002  4.6052481e+002
  4.3551431e+002  4.5961863e+002
  4.3631169e+002  4.5956504e+002
  4.3649184e+002  4.5860626e+002
  4.3666575e+002  4.5763085e+002
  4.3746403e+002  4.5751726e+002
  4.3833568e+002  4.5620460e+002
  4.3840455e+002  4.5511514e+002
  4.3857694e+002  4.5410765e+002
  4.3961885e+002  4.5303146e+002
  4.4058755e+002  4.5198814e+002
  4.4140613e+002  4.5102341e+002
  4.4150280e+002  4.5015102e+002
  4.4224804e+002  4.4912439e+002
  4.4231008e+002  4.4816278e+002
  4.4236804e+002  4.4718280e+002
  4.4239023e+002  4.4617024e+002
  4.4240024e+002  4.4515929e+002
  4.4236078e+002  4.4390338e+002
  4.4227173e+002  4.4300964e+002
  4.4216943e+002  4.4210354e+002
  4.4212064e+002  4.4116380e+002
  4.4212815e+002  4.4018629e+002
  4.4219386e+002  4.3886450e+002
  4.4227679e+002  4.3786973e+002
  4.4238588e+002  4.3691603e+002
  4.4251176e+002  4.3597200e+002
  4.4321977e+002  4.3503862e+002
  4.4323602e+002  4.3410422e+002
  4.4326845e+002  4.3317293e+002
  4.4327559e+002  4.3220563e+002
  4.4330458e+002  4.3120032e+002
  4.4329136e+002  4.3017026e+002
  4.4327791e+002  4.2913699e+002
  4.4328908e+002  4.2812468e+002
  4.4333212e+002  4.2714464e+002
  4.4341306e+002  4.2615511e+002
  4.4346721e+002  4.2515996e+002
  4.4349449e+002  4.2410196e+002
  4.4342850e+002  4.2286800e+002
  4.4328000e+002  4.2186395e+002
  4.4317532e+002  4.2085069e+002
  4.4314077e+002  4.1987017e+002
  4.4316278e+002  4.1888923e+002
  4.4323982e+002  4.1790856e+002
  4.4332629e+002  4.1690006e+002
  4.4335530e+002  4.1594556e+002
  4.4339301e+002  4.1497798e+002
  4.4343849e+002  4.1400393e+002
  4.4344548e+002  4.1283583e+002
  4.4338814e+002  4.1185741e+002
  4.4331609e+002  4.1090769e+002
  4.4325096e+002  4.0997836e+002
  4.4318861e+002  4.0905399e+002
  4.4312069e+002  4.0813590e+002
  4.4308185e+002  4.0718813e+002
  4.4307875e+002  4.0623064e+002
  4.4311895e+002  4.0523899e+002
  4.4314240e+002  4.0419766e+002
  4.4312738e+002  4.0313675e+002
  4.4310928e+002  4.0208174e+002
  4.4303086e+002  4.0103366e+002
  4.4292891e+002  4.0002158e+002
  4.4278630e+002  3.9902816e+002
  4.4265170e+002  3.9804931e+002
  4.4249713e+002  3.9708584e+002
  4.4173972e+002  3.9597128e+002
  4.4162222e+002  3.9503592e+002
  4.4151436e+002  3.9409302e+002
  4.4142534e+002  3.9314730e+002
  4.4073746e+002  3.9212005e+002
  4.4071413e+002  3.9117359e+002
  4.4071520e+002  3.9018748e+002
  4.4073355e+002  3.8915306e+002
  4.4073992e+002  3.8809372e+002
  4.4073198e+002  3.8718296e+002
  4.4068606e+002  3.8621375e+002
  4.4055798e+002  3.8493331e+002
  4.4037314e+002  3.8394931e+002
  4.3952575e+002  3.8299271e+002
  4.3931993e+002  3.8208751e+002
  4.3857428e+002  3.8116326e+002
  4.3850243e+002  3.8019173e+002
  4.3846698e+002  3.7917434e+002
  4.3794094e+002  3.7801672e+002
  4.3792973e+002  3.7696818e+002
  4.3789111e+002  3.7594242e+002
  4.3782038e+002  3.7495008e+002
  4.3766650e+002  3.7398552e+002
  4.3746925e+002  3.7303033e+002
  4.3665656e+002  3.7198123e+002
  4.3645646e+002  3.7103322e+002
  4.3571776e+002  3.6998145e+002
  4.3558988e+002  3.6903602e+002
  4.3550942e+002  3.6809853e+002
  4.3540355e+002  3.6717642e+002
  4.3467624e+002  3.6609252e+002
  4.3449827e+002  3.6514989e+002
  4.3370221e+002  3.6408735e+002
  4.3353445e+002  3.6314779e+002
  4.3336893e+002  3.6218798e+002
  4.3263260e+002  3.6111435e+002
  4.3256771e+002  3.6014299e+002
  4.3250162e+002  3.5917226e+002
  4.3242484e+002  3.5823301e+002
  4.3173654e+002  3.5715156e+002
  4.3156778e+002  3.5616764e+002
  4.3137163e+002  3.5517379e+002
  4.3068794e+002  3.5397840e+002
  4.3052715e+002  3.5297232e+002
  4.3039497e+002  3.5200280e+002
  4.2967058e+002  3.5092906e+002
  4.2949729e+002  3.5004005e+002
  4.2873840e+002  3.4904216e+002
  4.2853535e+002  3.4813783e+002
  4.2835654e+002  3.4720442e+002
  4.2764455e+002  3.4609428e+002
  4.2750672e+002  3.4510582e+002
  4.2738845e+002  3.4413200e+002
  4.2669369e+002  3.4303881e+002
  4.2658027e+002  3.4210440e+002
  4.2642152e+002  3.4119002e+002
  4.2573675e+002  3.4013661e+002
  4.2549218e+002  3.3918559e+002
  4.2474619e+002  3.3804582e+002
  4.2450934e+002  3.3707872e+002
  4.2426846e+002  3.3614284e+002
  4.2343843e+002  3.3511135e+002
  4.2258736e+002  3.3414464e+002
  4.2237011e+002  3.3328399e+002
  4.2157641e+002  3.3221777e+002
  4.2138115e+002  3.3136577e+002
  4.2056750e+002  3.3024067e+002
  4.2031929e+002  3.2942570e+002
  4.1929556e+002  3.2839053e+002
  4.1823346e+002  3.2736970e+002
  4.1720146e+002  3.2627645e+002
  4.1625960e+002  3.2513049e+002
  4.1545618e+002  3.2397913e+002
  4.1488438e+002  3.2284107e+002
  4.1486402e+002  3.2187405e+002
  4.1484853e+002  3.2087775e+002
  4.1480238e+002  3.1989533e+002
  4.1469414e+002  3.1891905e+002
  4.1451190e+002  3.1797342e+002
  4.1424821e+002  3.1706616e+002
  4.1335449e+002  3.1603123e+002
  4.1234657e+002  3.1509982e+002
  4.1135826e+002  3.1415702e+002
  4.1040638e+002  3.1316139e+002
  4.0944515e+002  3.1213734e+002
  4.0850386e+002  3.1109924e+002
  4.0827999e+002  3.1024029e+002
  4.0750788e+002  3.0914408e+002
  4.0745134e+002  3.0824399e+002
  4.0683197e+002  3.0711390e+002
  4.0674692e+002  3.0616159e+002
  4.0635549e+002  3.0555820e+002
  4.0567632e+002  3.0523191e+002
  4.0550144e+002  3.0433991e+002
  4.0529142e+002  3.0348098e+002
  4.0428460e+002  3.0246422e+002
  4.0333467e+002  3.0154670e+002
  4.0271393e+002  3.0128899e+002
  4.0250423e+002  3.0049520e+002
  4.0226919e+002  2.9971341e+002
  4.0162677e+002  2.9933075e+002
  4.0133056e+002  2.9852104e+002
  4.0063169e+002  2.9819518e+002
  4.0028220e+002  2.9741034e+002
  3.9929180e+002  2.9634766e+002
  3.9832784e+002  2.9524555e+002
  3.9743034e+002  2.9418399e+002
  3.9645771e+002  2.9314029e+002
  3.9541961e+002  2.9211154e+002
  3.9433688e+002  2.9116194e+002
  3.9324950e+002  2.9025858e+002
  3.9220655e+002  2.8933593e+002
  3.9087152e+002  2.8811419e+002
  3.9001024e+002  2.8723592e+002
  3.8920149e+002  2.8626205e+002
  3.8844132e+002  2.8518364e+002
  3.8771668e+002  2.8409771e+002
  3.8752783e+002  2.8325403e+002
  3.8735131e+002  2.8246351e+002
  3.8654903e+002  2.8150014e+002
  3.8573404e+002  2.8049566e+002
  3.8549697e+002  2.7971117e+002
  3.8442871e+002  2.7906485e+002
  3.8344006e+002  2.7818691e+002
  3.8242028e+002  2.7736107e+002
  3.8141996e+002  2.7651946e+002
  3.8067568e+002  2.7640396e+002
  3.8036755e+002  2.7561875e+002
  3.7965894e+002  2.7543634e+002
  3.7933302e+002  2.7459669e+002
  3.7866458e+002  2.7435084e+002
  3.7783240e+002  2.7295221e+002
  3.7701489e+002  2.7203329e+002
  3.7629158e+002  2.7111590e+002
  3.7552579e+002  2.7010539e+002
  3.7531021e+002  2.6929655e+002
  3.7443427e+002  2.6821501e+002
  3.7347501e+002  2.6721287e+002
  3.7215606e+002  2.6605288e+002
  3.7108812e+002  2.6527693e+002
  3.7000810e+002  2.6444253e+002
  3.6895583e+002  2.6355883e+002
  3.6818008e+002  2.6331404e+002
  3.6718784e+002  2.6247785e+002
  3.6611523e+002  2.6167354e+002
  3.6528155e+002  2.6148208e+002
  3.6412208e+002  2.6061116e+002
  3.6330000e+002  2.6036075e+002
  3.6229155e+002  2.5930206e+002
  3.6129278e+002  2.5828680e+002
  3.6020992e+002  2.5732695e+002
  3.5902402e+002  2.5646486e+002
  3.5784996e+002  2.5563338e+002
  3.5702334e+002  2.5538785e+002
  3.5594568e+002  2.5449676e+002
  3.5488891e+002  2.5356381e+002
  3.5406352e+002  2.5330371e+002
  3.5298474e+002  2.5249208e+002
  3.5189262e+002  2.5172284e+002
  3.5105738e+002  2.5151816e+002
  3.5022288e+002  2.5129644e+002
  3.4910734e+002  2.5050042e+002
  3.4822510e+002  2.5028936e+002
  3.4714103e+002  2.4948157e+002
  3.4609529e+002  2.4858767e+002
  3.4524185e+002  2.4827307e+002
  3.4419976e+002  2.4741664e+002
  3.4313473e+002  2.4670835e+002
  3.4219431e+002  2.4669044e+002
  3.4121241e+002  2.4671722e+002
  3.4018285e+002  2.4671719e+002
  3.3913466e+002  2.4666257e+002
  3.3809209e+002  2.4645892e+002
  3.3693319e+002  2.4563836e+002
  3.3600414e+002  2.4531927e+002
  3.3497066e+002  2.4448844e+002
  3.3393561e+002  2.4376145e+002
  3.3300275e+002  2.4358293e+002
  3.3207890e+002  2.4341938e+002
  3.3098476e+002  2.4282239e+002
  3.3002746e+002  2.4264598e+002
  3.2907301e+002  2.4249120e+002
  3.2795754e+002  2.4190668e+002
  3.2698344e+002  2.4179188e+002
  3.2601494e+002  2.4169106e+002
  3.2505614e+002  2.4156277e+002
  3.2409640e+002  2.4142878e+002
  3.2303854e+002  2.4079740e+002
  3.2205602e+002  2.4067218e+002
  3.2105496e+002  2.4056833e+002
  3.2006007e+002  2.4045844e+002
  3.1892651e+002  2.3988239e+002
  3.1793935e+002  2.3975158e+002
  3.1695740e+002  2.3957858e+002
  3.1597988e+002  2.3938130e+002
  3.1492579e+002  2.3877104e+002
  3.1395970e+002  2.3861808e+002
  3.1300753e+002  2.3848586e+002
  3.1197219e+002  2.3793681e+002
  3.1100901e+002  2.3787120e+002
  3.1002662e+002  2.3785036e+002
  3.0902544e+002  2.3787732e+002
  3.0798622e+002  2.3792184e+002
  3.0677655e+002  2.3795764e+002
  3.0581293e+002  2.3795346e+002
  3.0486223e+002  2.3797233e+002
  3.0393140e+002  2.3797599e+002
  3.0267434e+002  2.3793536e+002
  3.0173153e+002  2.3783036e+002
  3.0080622e+002  2.3780852e+002
  2.9989663e+002  2.3768288e+002
  2.9898472e+002  2.3751539e+002
  2.9806497e+002  2.3736161e+002
  2.9707189e+002  2.3681651e+002
  2.9610474e+002  2.3675513e+002
  2.9512575e+002  2.3671676e+002
  2.9413601e+002  2.3670009e+002
  2.9271948e+002  2.3669235e+002
  2.9177443e+002  2.3675224e+002
  2.9083183e+002  2.3680270e+002
  2.8988901e+002  2.3685636e+002
  2.8893084e+002  2.3688263e+002
  2.8796199e+002  2.3690401e+002
  2.8697662e+002  2.3688972e+002
  2.8597359e+002  2.3686841e+002
  2.8494741e+002  2.3681342e+002
  2.8384112e+002  2.3675756e+002
  2.8287592e+002  2.3676204e+002
  2.8192310e+002  2.3679168e+002
  2.8095873e+002  2.3685982e+002
  2.7998362e+002  2.3690268e+002
  2.7874905e+002  2.3697216e+002
  2.7771306e+002  2.3707084e+002
  2.7671747e+002  2.3716349e+002
  2.7573376e+002  2.3725507e+002
  2.7479409e+002  2.3736631e+002
  2.7388788e+002  2.3749029e+002
  2.7300701e+002  2.3765394e+002
  2.7205632e+002  2.3830943e+002
  2.7110880e+002  2.3846726e+002
  2.7010581e+002  2.3856847e+002
  2.6895348e+002  2.3896473e+002
  2.6789290e+002  2.3893696e+002
  2.6684221e+002  2.3894300e+002
  2.6584950e+002  2.3899314e+002
  2.6488091e+002  2.3911510e+002
  2.6394973e+002  2.3927666e+002
  2.6302331e+002  2.3945090e+002
  2.6206949e+002  2.3959257e+002
  2.6102632e+002  2.4008349e+002
  2.5999938e+002  2.4006485e+002
  2.5896485e+002  2.3999900e+002
  2.5793584e+002  2.3996080e+002
  2.5693071e+002  2.3997886e+002
  2.5596046e+002  2.4009808e+002
  2.5502226e+002  2.4026717e+002
  2.5408811e+002  2.4052983e+002
  2.5313101e+002  2.4127792e+002
  2.5215278e+002  2.4143205e+002
  2.5111723e+002  2.4152570e+002
  2.4990420e+002  2.4203092e+002
  2.4882728e+002  2.4205774e+002
  2.4779364e+002  2.4216371e+002
  2.4682122e+002  2.4237930e+002
  2.4594306e+002  2.4272261e+002
  2.4505849e+002  2.4360871e+002
  2.4405593e+002  2.4441632e+002
  2.4311973e+002  2.4466490e+002
  2.4197734e+002  2.4530120e+002
  2.4099514e+002  2.4543593e+002
  2.4002668e+002  2.4552847e+002
  2.3899178e+002  2.4608920e+002
  2.3805068e+002  2.4618259e+002
  2.3710721e+002  2.4629232e+002
  2.3615023e+002  2.4644286e+002
  2.3518542e+002  2.4656974e+002
  2.3409851e+002  2.4715460e+002
  2.3308116e+002  2.4726779e+002
  2.3208838e+002  2.4742872e+002
  2.3112875e+002  2.4761372e+002
  2.3008586e+002  2.4832693e+002
  2.2917662e+002  2.4857214e+002
  2.2811339e+002  2.4935591e+002
  2.2721505e+002  2.4961722e+002
  2.2613058e+002  2.5052981e+002
  2.2509962e+002  2.5152537e+002
  2.2416509e+002  2.5257417e+002
  2.2323569e+002  2.5350555e+002
  2.2216064e+002  2.5442638e+002
  2.2131592e+002  2.5466593e+002
  2.2009136e+002  2.5539606e+002
  2.1924965e+002  2.5553789e+002
  2.1821575e+002  2.5641309e+002
  2.1754921e+002  2.5671591e+002
  2.1735603e+002  2.5752608e+002
  2.1656452e+002  2.5880363e+002
  2.1613114e+002  2.5971002e+002
  2.1506387e+002  2.6073264e+002
  2.1407164e+002  2.6142441e+002
  2.1320102e+002  2.6161869e+002
  2.1198217e+002  2.6239546e+002
  2.1116182e+002  2.6269362e+002
  2.1032905e+002  2.6371944e+002
  2.0919919e+002  2.6505816e+002
  2.0852664e+002  2.6616340e+002
  2.0836241e+002  2.6692231e+002
  2.0757392e+002  2.6790650e+002
  2.0736060e+002  2.6861168e+002
  2.0641990e+002  2.6949139e+002
  2.0556277e+002  2.6968801e+002
  2.0531376e+002  2.7035901e+002
  2.0433146e+002  2.7060983e+002
  2.0303305e+002  2.7152695e+002
  2.0196210e+002  2.7262655e+002
  2.0124879e+002  2.7394952e+002
  2.0050118e+002  2.7534902e+002
  2.0040385e+002  2.7596197e+002
  1.9961440e+002  2.7700231e+002
  1.9935620e+002  2.7765911e+002
  1.9790017e+002  2.7900987e+002
  1.9720268e+002  2.8001739e+002
  1.9660801e+002  2.8113137e+002
  1.9648508e+002  2.8201442e+002
  1.9582963e+002  2.8313497e+002
  1.9566551e+002  2.8401576e+002
  1.9550158e+002  2.8489012e+002
  1.9535226e+002  2.8575966e+002
  1.9461092e+002  2.8685501e+002
  1.9450832e+002  2.8777918e+002
  1.9433812e+002  2.8869560e+002
  1.9345313e+002  2.8986294e+002
  1.9243464e+002  2.9094892e+002
  1.9153685e+002  2.9204424e+002
  1.9128741e+002  2.9296694e+002
  1.9072410e+002  2.9411128e+002
  1.9066705e+002  2.9509103e+002
  1.9061056e+002  2.9606987e+002
  1.9057369e+002  2.9705703e+002
  1.9051973e+002  2.9805575e+002
  1.9046956e+002  2.9905718e+002
  1.8998542e+002  3.0019362e+002
  1.8990292e+002  3.0115870e+002
  1.8974924e+002  3.0210540e+002
  1.8952332e+002  3.0303326e+002
  1.8923949e+002  3.0392375e+002
  1.8850325e+002  3.0498543e+002
  1.8829195e+002  3.0593002e+002
  1.8766224e+002  3.0700821e+002
  1.8757288e+002  3.0800271e+002
  1.8749142e+002  3.0899335e+002
  1.8694277e+002  3.1006278e+002
  1.8685264e+002  3.1105309e+002
  1.8674828e+002  3.1205044e+002
  1.8659906e+002  3.1303411e+002
  1.8644213e+002  3.1399970e+002
  1.8580716e+002  3.1501340e+002
  1.8561581e+002  3.1592370e+002
  1.8545872e+002  3.1683842e+002
  1.8492985e+002  3.1786724e+002
  1.8489137e+002  3.1884195e+002
  1.8493145e+002  3.1985737e+002
  1.8503628e+002  3.2091140e+002
  1.8516139e+002  3.2223913e+002
  1.8528862e+002  3.2315020e+002
  1.8538342e+002  3.2406074e+002
  1.8545672e+002  3.2500895e+002
  1.8545276e+002  3.2599590e+002
  1.8536729e+002  3.2689205e+002
  1.8519558e+002  3.2836578e+002
  1.8508483e+002  3.2929129e+002
  1.8503897e+002  3.3018779e+002
  1.8498701e+002  3.3107735e+002
  1.8496322e+002  3.3200829e+002
  1.8495280e+002  3.3297919e+002
  1.8497989e+002  3.3397467e+002
  1.8504546e+002  3.3520970e+002
  1.8512430e+002  3.3615100e+002
  1.8517600e+002  3.3711323e+002
  1.8519387e+002  3.3808161e+002
  1.8518916e+002  3.3909253e+002
  1.8517848e+002  3.4010691e+002
  1.8516090e+002  3.4112812e+002
  1.8513257e+002  3.4213385e+002
  1.8511880e+002  3.4312737e+002
  1.8511485e+002  3.4412165e+002
  1.8517890e+002  3.4510705e+002
  1.8529544e+002  3.4608665e+002
  1.8544195e+002  3.4706486e+002
  1.8557394e+002  3.4805214e+002
  1.8610583e+002  3.4916064e+002
  1.8617450e+002  3.5017078e+002
  1.8619781e+002  3.5117619e+002
  1.8623568e+002  3.5215251e+002
  1.8630863e+002  3.5309663e+002
  1.8641707e+002  3.5402354e+002
  1.8656718e+002  3.5497435e+002
  1.8704651e+002  3.5597981e+002
  1.8711742e+002  3.5702929e+002
  1.8719224e+002  3.5808022e+002
  1.8725118e+002  3.5911688e+002
  1.8732118e+002  3.6013818e+002
  1.8738227e+002  3.6114168e+002
  1.8744488e+002  3.6212124e+002
  1.8748145e+002  3.6309668e+002
  1.8752571e+002  3.6406202e+002
  1.8802113e+002  3.6508199e+002
  1.8806972e+002  3.6607027e+002
  1.8813554e+002  3.6708666e+002
  1.8822810e+002  3.6808915e+002
  1.8831910e+002  3.6907417e+002
  1.8841588e+002  3.7003830e+002
  1.8851690e+002  3.7099079e+002
  1.8900788e+002  3.7203366e+002
  1.8909748e+002  3.7302802e+002
  1.8918533e+002  3.7402776e+002
  1.8927676e+002  3.7502917e+002
  1.8934646e+002  3.7602782e+002
  1.8939883e+002  3.7702367e+002
  1.8945856e+002  3.7801220e+002
  1.8953184e+002  3.7902014e+002
  1.9002621e+002  3.8005369e+002
  1.9005946e+002  3.8108575e+002
  1.9006715e+002  3.8212313e+002
  1.9009752e+002  3.8313613e+002
  1.9017159e+002  3.8411895e+002
  1.9031524e+002  3.8510229e+002
  1.9049598e+002  3.8606884e+002
  1.9065806e+002  3.8704235e+002
  1.9122207e+002  3.8808930e+002
  1.9132841e+002  3.8908670e+002
  1.9143621e+002  3.9005175e+002
  1.9160845e+002  3.9098765e+002
  1.9230558e+002  3.9193330e+002
  1.9249939e+002  3.9287413e+002
  1.9265985e+002  3.9381928e+002
  1.9323135e+002  3.9491098e+002
  1.9334139e+002  3.9591856e+002
  1.9343925e+002  3.9692997e+002
  1.9354701e+002  3.9794950e+002
  1.9409546e+002  3.9911075e+002
  1.9427002e+002  4.0010439e+002
  1.9443778e+002  4.0105617e+002
  1.9460952e+002  4.0197251e+002
  1.9530431e+002  4.0298320e+002
