  1.9330972e+002  4.0989204e+002
  1.9362931e+002  4.1082369e+002
  1.9457166e+002  4.1189434e+002
  1.9554636e+002  4.1295857e+002
  1.9643135e+002  4.1405061e+002
  1.9661783e+002  4.1495583e+002
  1.9735917e+002  4.1603496e+002
  1.9750225e+002  4.1689773e+002
  1.9827109e+002  4.1798676e+002
  1.9844954e+002  4.1882813e+002
  1.9861023e+002  4.1969709e+002
  1.9923165e+002  4.2088220e+002
  1.9931525e+002  4.2181376e+002
  1.9938872e+002  4.2275446e+002
  1.9948169e+002  4.2367868e+002
  1.9953853e+002  4.2458584e+002
  2.0030341e+002  4.2561385e+002
  2.0038647e+002  4.2642530e+002
  2.0053014e+002  4.2718564e+002
  2.0137073e+002  4.2736324e+002
  2.0161956e+002  4.2808095e+002
  2.0251648e+002  4.2831357e+002
  2.0341165e+002  4.2862432e+002
  2.0384853e+002  4.2964042e+002
  2.0465398e+002  4.3050275e+002
  2.0553633e+002  4.3139436e+002
  2.0670923e+002  4.3205413e+002
  2.0752337e+002  4.3314529e+002
  2.0828838e+002  4.3389164e+002
  2.0836083e+002  4.3475383e+002
  2.0842717e+002  4.3565387e+002
  2.0846939e+002  4.3659584e+002
  2.0850947e+002  4.3754321e+002
  2.0926262e+002  4.3860711e+002
  2.0938812e+002  4.3952703e+002
  2.0954380e+002  4.4045155e+002
  2.1024568e+002  4.4061309e+002
  2.1040931e+002  4.4155508e+002
  2.1057935e+002  4.4247991e+002
  2.1129162e+002  4.4264689e+002
  2.1150809e+002  4.4351971e+002
  2.1245620e+002  4.4451108e+002
  2.1262838e+002  4.4537106e+002
  2.1334568e+002  4.4556869e+002
  2.1350410e+002  4.4644109e+002
  2.1423952e+002  4.4664349e+002
  2.1443602e+002  4.4751567e+002
  2.1466213e+002  4.4840345e+002
  2.1542640e+002  4.4858791e+002
  2.1564729e+002  4.4946715e+002
  2.1642107e+002  4.4965225e+002
  2.1664410e+002  4.5050562e+002
  2.1780529e+002  4.5159448e+002
  2.1880370e+002  4.5244053e+002
  2.1969300e+002  4.5264254e+002
  2.2069571e+002  4.5355399e+002
  2.2158095e+002  4.5456037e+002
  2.2270806e+002  4.5576225e+002
  2.2370270e+002  4.5680277e+002
  2.2477285e+002  4.5794847e+002
  2.2589890e+002  4.5901778e+002
  2.2684891e+002  4.5992284e+002
  2.2765026e+002  4.6079747e+002
  2.2849247e+002  4.6178432e+002
  2.2867240e+002  4.6265874e+002
  2.2966689e+002  4.6364869e+002
  2.3067624e+002  4.6456112e+002
  2.3163671e+002  4.6549531e+002
  2.3234586e+002  4.6572389e+002
  2.3252162e+002  4.6653427e+002
  2.3339616e+002  4.6762313e+002
  2.3401004e+002  4.6884924e+002
  2.3498401e+002  4.6957429e+002
  2.3602613e+002  4.7025828e+002
  2.3686096e+002  4.7035459e+002
  2.3769172e+002  4.7045396e+002
  2.3855118e+002  4.7055639e+002
  2.3957914e+002  4.7137862e+002
  2.4043503e+002  4.7153595e+002
  2.4045389e+002  4.7239661e+002
  2.4151697e+002  4.7413362e+002
  2.4222628e+002  4.7516357e+002
  2.4230050e+002  4.7593486e+002
  2.4237970e+002  4.7673422e+002
  2.4244409e+002  4.7757727e+002
  2.4251847e+002  4.7840468e+002
  2.4343608e+002  4.7857705e+002
  2.4404686e+002  4.7970159e+002
  2.4517241e+002  4.8038025e+002
  2.4605835e+002  4.8043587e+002
  2.4693336e+002  4.8055254e+002
  2.4787827e+002  4.8143373e+002
  2.4870264e+002  4.8165307e+002
  2.4967283e+002  4.8254747e+002
  2.5068189e+002  4.8346393e+002
  2.5154498e+002  4.8369471e+002
  2.5256285e+002  4.8473236e+002
  2.5353454e+002  4.8582067e+002
  2.5463754e+002  4.8694962e+002
  2.5570584e+002  4.8782516e+002
  2.5680236e+002  4.8871115e+002
  2.5770697e+002  4.8953900e+002
  2.5870155e+002  4.9052203e+002
  2.5973637e+002  4.9159819e+002
  2.6054262e+002  4.9252927e+002
  2.6127535e+002  4.9356151e+002
  2.6133509e+002  4.9437053e+002
  2.6226108e+002  4.9539433e+002
  2.6380493e+002  4.9655208e+002
  2.6508235e+002  4.9721726e+002
  2.6600335e+002  4.9727057e+002
  2.6693157e+002  4.9735014e+002
  2.6785336e+002  4.9749376e+002
  2.6873079e+002  4.9765868e+002
  2.6962078e+002  4.9864879e+002
  2.7058617e+002  4.9955953e+002
  2.7173495e+002  5.0028847e+002
  2.7269462e+002  5.0021404e+002
  2.7361295e+002  5.0022286e+002
  2.7451447e+002  5.0035768e+002
  2.7535897e+002  5.0061256e+002
  2.7544588e+002  5.0154225e+002
  2.7589735e+002  5.0269417e+002
  2.7673492e+002  5.0366971e+002
  2.7761361e+002  5.0461065e+002
  2.7851052e+002  5.0554342e+002
  2.7984201e+002  5.0683699e+002
  2.8097440e+002  5.0763322e+002
  2.8206643e+002  5.0837465e+002
  2.8298492e+002  5.0843383e+002
  2.8391373e+002  5.0846456e+002
  2.8486623e+002  5.0847643e+002
  2.8581324e+002  5.0850314e+002
  2.8696589e+002  5.0918358e+002
  2.8792600e+002  5.0926832e+002
  2.8888820e+002  5.0938236e+002
  2.8984444e+002  5.0951814e+002
  2.9090384e+002  5.1037346e+002
  2.9180109e+002  5.1052391e+002
  2.9281411e+002  5.1142424e+002
  2.9373512e+002  5.1153862e+002
  2.9485452e+002  5.1235609e+002
  2.9582680e+002  5.1237722e+002
  2.9680669e+002  5.1240331e+002
  2.9777985e+002  5.1244973e+002
  2.9874103e+002  5.1257081e+002
  2.9973797e+002  5.1347042e+002
  3.0065207e+002  5.1358042e+002
  3.0170745e+002  5.1441251e+002
  3.0269561e+002  5.1445242e+002
  3.0369226e+002  5.1448362e+002
  3.0469545e+002  5.1452841e+002
  3.0579169e+002  5.1539116e+002
  3.0674681e+002  5.1545810e+002
  3.0766848e+002  5.1553396e+002
  3.0873360e+002  5.1645724e+002
  3.0965319e+002  5.1658763e+002
  3.1074519e+002  5.1750495e+002
  3.1188698e+002  5.1836504e+002
  3.1284337e+002  5.1849339e+002
  3.1377385e+002  5.1861960e+002
  3.1488061e+002  5.1942059e+002
  3.1577326e+002  5.1955603e+002
  3.1679964e+002  5.2043638e+002
  3.1768643e+002  5.2060927e+002
  3.1867026e+002  5.2152592e+002
  3.1960280e+002  5.2244418e+002
  3.2044933e+002  5.2253402e+002
  3.2054944e+002  5.2334151e+002
  3.2144349e+002  5.2332959e+002
  3.2251396e+002  5.2392129e+002
  3.2422393e+002  5.2369497e+002
  3.2509205e+002  5.2358773e+002
  3.2596548e+002  5.2349187e+002
  3.2680709e+002  5.2260116e+002
  3.2765769e+002  5.2245180e+002
  3.2843711e+002  5.2156736e+002
  3.3032125e+002  5.2162104e+002
  3.3117623e+002  5.2184211e+002
  3.3199345e+002  5.2214611e+002
  3.3282083e+002  5.2242788e+002
  3.3368987e+002  5.2264387e+002
  3.3460980e+002  5.2359869e+002
  3.3559647e+002  5.2439735e+002
  3.3657476e+002  5.2436564e+002
  3.3824718e+002  5.2413085e+002
  3.3907608e+002  5.2384435e+002
  3.3992911e+002  5.2369960e+002
  3.4083075e+002  5.2371753e+002
  3.4175198e+002  5.2382804e+002
  3.4271833e+002  5.2397577e+002
  3.4406570e+002  5.2403551e+002
  3.4507092e+002  5.2400953e+002
  3.4604876e+002  5.2400192e+002
  3.4702990e+002  5.2399908e+002
  3.4801387e+002  5.2401219e+002
  3.4901099e+002  5.2400975e+002
  3.4999200e+002  5.2402632e+002
  3.5096568e+002  5.2411369e+002
  3.5191811e+002  5.2420360e+002
  3.5284751e+002  5.2432758e+002
  3.5378119e+002  5.2445546e+002
  3.5471617e+002  5.2453847e+002
  3.5562602e+002  5.2527486e+002
  3.5721636e+002  5.2509009e+002
  3.5804102e+002  5.2482781e+002
  3.5889527e+002  5.2464324e+002
  3.5976545e+002  5.2453588e+002
  3.6067069e+002  5.2452792e+002
  3.6158489e+002  5.2458279e+002
  3.6250391e+002  5.2465253e+002
  3.6343548e+002  5.2466141e+002
  3.6441718e+002  5.2462090e+002
  3.6548874e+002  5.2453580e+002
  3.6661082e+002  5.2445243e+002
  3.6772718e+002  5.2358427e+002
  3.6886529e+002  5.2365894e+002
  3.6994980e+002  5.2374135e+002
  3.7098708e+002  5.2379697e+002
  3.7199904e+002  5.2373587e+002
  3.7300790e+002  5.2363389e+002
  3.7401762e+002  5.2352729e+002
  3.7495296e+002  5.2344085e+002
  3.7599414e+002  5.2273737e+002
  3.7694308e+002  5.2271811e+002
  3.7794188e+002  5.2275295e+002
  3.7897875e+002  5.2279261e+002
  3.7992339e+002  5.2284314e+002
  3.8085641e+002  5.2288560e+002
  3.8209934e+002  5.2291152e+002
  3.8301392e+002  5.2281116e+002
  3.8390238e+002  5.2260178e+002
  3.8478225e+002  5.2231134e+002
  3.8575436e+002  5.2140329e+002
  3.8681991e+002  5.2062466e+002
  3.8779310e+002  5.2049875e+002
  3.8892594e+002  5.1970268e+002
  3.8981520e+002  5.1959608e+002
  3.9070061e+002  5.1954311e+002
  3.9159059e+002  5.1948682e+002
  3.9257391e+002  5.1869293e+002
  3.9346310e+002  5.1860979e+002
  3.9440893e+002  5.1764407e+002
  3.9548490e+002  5.1663136e+002
  3.9666768e+002  5.1572874e+002
  3.9765075e+002  5.1572529e+002
  3.9856888e+002  5.1560613e+002
  3.9941592e+002  5.1542934e+002
  3.9967089e+002  5.1452491e+002
  4.0049529e+002  5.1422248e+002
  4.0077422e+002  5.1341310e+002
  4.0186461e+002  5.1241757e+002
  4.0285121e+002  5.1139052e+002
  4.0380430e+002  5.1035899e+002
  4.0478201e+002  5.0945703e+002
  4.0579437e+002  5.0861071e+002
  4.0671881e+002  5.0855597e+002
  4.0769485e+002  5.0852831e+002
  4.0846593e+002  5.0803475e+002
  4.0858668e+002  5.0716389e+002
  4.0960282e+002  5.0646952e+002
  4.1071479e+002  5.0577776e+002
  4.1169737e+002  5.0570234e+002
  4.1262433e+002  5.0557323e+002
  4.1351487e+002  5.0544622e+002
  4.1463382e+002  5.0453505e+002
  4.1597324e+002  5.0392950e+002
  4.1661669e+002  5.0294277e+002
  4.1725574e+002  5.0182309e+002
  4.1733091e+002  5.0091014e+002
  4.1751266e+002  5.0000015e+002
  4.1852631e+002  4.9894769e+002
  4.1947528e+002  4.9798420e+002
  4.1964374e+002  4.9712428e+002
  4.2058344e+002  4.9615661e+002
  4.2147473e+002  4.9515317e+002
  4.2164986e+002  4.9421157e+002
  4.2237562e+002  4.9314330e+002
  4.2242898e+002  4.9216008e+002
  4.2243838e+002  4.9117906e+002
  4.2249496e+002  4.9023439e+002
  4.2261307e+002  4.8931400e+002
  4.2349776e+002  4.8831563e+002
  4.2371884e+002  4.8740831e+002
  4.2469712e+002  4.8642411e+002
  4.2562801e+002  4.8549653e+002
  4.2651506e+002  4.8451622e+002
  4.2738159e+002  4.8440418e+002
  4.2744634e+002  4.8343501e+002
  4.2757246e+002  4.8245907e+002
  4.2854476e+002  4.8127430e+002
  4.2943662e+002  4.8007719e+002
  4.2953213e+002  4.7910802e+002
  4.3043681e+002  4.7805951e+002
  4.3054087e+002  4.7712906e+002
  4.3139446e+002  4.7612252e+002
  4.3151300e+002  4.7516895e+002
  4.3237741e+002  4.7422584e+002
  4.3261344e+002  4.7327251e+002
  4.3342318e+002  4.7227383e+002
  4.3346729e+002  4.7123313e+002
  4.3342327e+002  4.7016995e+002
  4.3333664e+002  4.6910536e+002
  4.3326604e+002  4.6806303e+002
  4.3322993e+002  4.6701325e+002
  4.3321940e+002  4.6598900e+002
  4.3322090e+002  4.6494423e+002
  4.3318486e+002  4.6391776e+002
  4.3319927e+002  4.6293246e+002
  4.3330039e+002  4.6196695e+002
  4.3338336e+002  4.6108708e+002
  4.3355132e+002  4.5981203e+002
  4.3427139e+002  4.5902335e+002
  4.3423544e+002  4.5812657e+002
  4.3417734e+002  4.5722029e+002
  4.3411167e+002  4.5625319e+002
  4.3410874e+002  4.5521672e+002
  4.3411794e+002  4.5415742e+002
  4.3410978e+002  4.5312547e+002
  4.3415558e+002  4.5210169e+002
  4.3425864e+002  4.5108479e+002
  4.3446522e+002  4.5008845e+002
  4.3470134e+002  4.4908297e+002
  4.3553375e+002  4.4814020e+002
  4.3626745e+002  4.4719794e+002
  4.3621229e+002  4.4617867e+002
  4.3613433e+002  4.4515797e+002
  4.3608612e+002  4.4387650e+002
  4.3600293e+002  4.4289352e+002
  4.3602037e+002  4.4190196e+002
  4.3603933e+002  4.4090477e+002
  4.3606930e+002  4.3993773e+002
  4.3604910e+002  4.3898727e+002
  4.3602960e+002  4.3804191e+002
  4.3602269e+002  4.3709283e+002
  4.3607306e+002  4.3611592e+002
  4.3615496e+002  4.3519014e+002
  4.3628998e+002  4.3428764e+002
  4.3639879e+002  4.3335206e+002
  4.3649445e+002  4.3235193e+002
  4.3647585e+002  4.3122935e+002
  4.3627936e+002  4.3028432e+002
  4.3607339e+002  4.2932690e+002
  4.3596684e+002  4.2835695e+002
  4.3603269e+002  4.2736112e+002
  4.3621890e+002  4.2630632e+002
  4.3635356e+002  4.2519480e+002
  4.3631566e+002  4.2416038e+002
  4.3621858e+002  4.2314003e+002
  4.3609963e+002  4.2210067e+002
  4.3588915e+002  4.2088933e+002
  4.3573944e+002  4.1993281e+002
  4.3566504e+002  4.1897495e+002
  4.3564770e+002  4.1802879e+002
  4.3561787e+002  4.1709878e+002
  4.3557039e+002  4.1617164e+002
  4.3550316e+002  4.1522791e+002
  4.3550424e+002  4.1405429e+002
  4.3559349e+002  4.1321057e+002
  4.3567157e+002  4.1228377e+002
  4.3572153e+002  4.1126398e+002
  4.3558530e+002  4.0993510e+002
  4.3537766e+002  4.0899057e+002
  4.3454845e+002  4.0786503e+002
  4.3436905e+002  4.0692839e+002
  4.3367552e+002  4.0582444e+002
  4.3363722e+002  4.0491435e+002
  4.3361087e+002  4.0398660e+002
  4.3366233e+002  4.0303731e+002
  4.3374609e+002  4.0205206e+002
  4.3384102e+002  4.0084252e+002
  4.3386338e+002  3.9990495e+002
  4.3385315e+002  3.9901071e+002
  4.3378879e+002  3.9814143e+002
  4.3365937e+002  3.9714085e+002
  4.3355475e+002  3.9610102e+002
  4.3350209e+002  3.9506320e+002
  4.3351747e+002  3.9404900e+002
  4.3350183e+002  3.9307218e+002
  4.3348358e+002  3.9210003e+002
  4.3269508e+002  3.9104987e+002
  4.3263241e+002  3.9001854e+002
  4.3258533e+002  3.8901031e+002
  4.3250546e+002  3.8801323e+002
  4.3241156e+002  3.8705760e+002
  4.3172299e+002  3.8595090e+002
  4.3156305e+002  3.8500864e+002
  4.3138995e+002  3.8405393e+002
  4.3066513e+002  3.8293600e+002
  4.3050391e+002  3.8197905e+002
  4.3038743e+002  3.8102415e+002
  4.2971775e+002  3.7997867e+002
  4.2969420e+002  3.7903941e+002
  4.2967021e+002  3.7812841e+002
  4.2963257e+002  3.7720737e+002
  4.2956151e+002  3.7623597e+002
  4.2947274e+002  3.7521942e+002
  4.2883714e+002  3.7403494e+002
  4.2869251e+002  3.7296839e+002
  4.2853597e+002  3.7193929e+002
  4.2838950e+002  3.7093814e+002
  4.2766142e+002  3.6990027e+002
  4.2754754e+002  3.6895309e+002
  4.2745335e+002  3.6799602e+002
  4.2687466e+002  3.6695430e+002
  4.2677013e+002  3.6595842e+002
  4.2666217e+002  3.6496413e+002
  4.2652463e+002  3.6397850e+002
  4.2638501e+002  3.6302636e+002
  4.2571228e+002  3.6192701e+002
  4.2552536e+002  3.6101038e+002
  4.2531547e+002  3.6010533e+002
  4.2456212e+002  3.5906143e+002
  4.2435450e+002  3.5814623e+002
  4.2365861e+002  3.5709811e+002
  4.2356089e+002  3.5614654e+002
  4.2348874e+002  3.5519233e+002
  4.2285959e+002  3.5406694e+002
  4.2276630e+002  3.5309219e+002
  4.2261543e+002  3.5211501e+002
  4.2239706e+002  3.5115009e+002
  4.2158916e+002  3.5011891e+002
  4.2138327e+002  3.4916330e+002
  4.2065131e+002  3.4810917e+002
  4.2050447e+002  3.4714964e+002
  4.2036669e+002  3.4620098e+002
  4.1967311e+002  3.4506211e+002
  4.1952035e+002  3.4412323e+002
  4.1933329e+002  3.4318460e+002
  4.1856425e+002  3.4208136e+002
  4.1836725e+002  3.4114219e+002
  4.1761046e+002  3.4005943e+002
  4.1745980e+002  3.3911603e+002
  4.1675024e+002  3.3802324e+002
  4.1665253e+002  3.3708713e+002
  4.1654201e+002  3.3615752e+002
  4.1640173e+002  3.3522929e+002
  4.1563428e+002  3.3406058e+002
  4.1536721e+002  3.3311412e+002
  4.1445561e+002  3.3198875e+002
  4.1354214e+002  3.3092302e+002
  4.1327485e+002  3.3003303e+002
  4.1252531e+002  3.2899408e+002
  4.1238463e+002  3.2809559e+002
  4.1172135e+002  3.2695153e+002
  4.1155124e+002  3.2601919e+002
  4.1137880e+002  3.2506653e+002
  4.1067612e+002  3.2392940e+002
  4.1052228e+002  3.2297908e+002
  4.1038689e+002  3.2204882e+002
  4.0967504e+002  3.2103880e+002
  4.0954048e+002  3.2012925e+002
  4.0940223e+002  3.1922676e+002
  4.0867600e+002  3.1810530e+002
  4.0844600e+002  3.1718304e+002
  4.0759578e+002  3.1608663e+002
  4.0727605e+002  3.1519494e+002
  4.0634650e+002  3.1419717e+002
  4.0547672e+002  3.1317579e+002
  4.0468157e+002  3.1209224e+002
  4.0454334e+002  3.1117643e+002
  4.0442729e+002  3.1029181e+002
  4.0370581e+002  3.0922089e+002
  4.0363494e+002  3.0833087e+002
  4.0353819e+002  3.0740453e+002
  4.0339238e+002  3.0647165e+002
  4.0251201e+002  3.0534584e+002
  4.0210337e+002  3.0451966e+002
  4.0144714e+002  3.0433637e+002
  4.0038587e+002  3.0335593e+002
  3.9929912e+002  3.0216723e+002
  3.9850362e+002  3.0118561e+002
  3.9823738e+002  3.0032919e+002
  3.9730712e+002  2.9923417e+002
  3.9631435e+002  2.9818716e+002
  3.9530944e+002  2.9718332e+002
  3.9428273e+002  2.9613185e+002
  3.9309061e+002  2.9496530e+002
  3.9212792e+002  2.9394641e+002
  3.9128265e+002  2.9300730e+002
  3.9048889e+002  2.9205271e+002
  3.8969136e+002  2.9105531e+002
  3.8946145e+002  2.9023998e+002
  3.8863896e+002  2.8921856e+002
  3.8842124e+002  2.8833277e+002
  3.8761566e+002  2.8726622e+002
  3.8741652e+002  2.8641116e+002
  3.8665697e+002  2.8533633e+002
  3.8648414e+002  2.8451106e+002
  3.8589982e+002  2.8422465e+002
  3.8570519e+002  2.8344700e+002
  3.8553672e+002  2.8268033e+002
  3.8463478e+002  2.8161825e+002
  3.8310189e+002  2.8012858e+002
  3.8198349e+002  2.7940996e+002
  3.8090231e+002  2.7868067e+002
  3.8010204e+002  2.7848617e+002
  3.7905520e+002  2.7757140e+002
  3.7828080e+002  2.7729585e+002
  3.7726417e+002  2.7629370e+002
  3.7629961e+002  2.7525072e+002
  3.7538628e+002  2.7418943e+002
  3.7446501e+002  2.7315818e+002
  3.7351730e+002  2.7218322e+002
  3.7324645e+002  2.7143213e+002
  3.7224509e+002  2.7047316e+002
  3.7117340e+002  2.6951383e+002
  3.7024078e+002  2.6913709e+002
  3.6923402e+002  2.6820697e+002
  3.6836857e+002  2.6723935e+002
  3.6749487e+002  2.6632929e+002
  3.6656172e+002  2.6539843e+002
  3.6627452e+002  2.6466823e+002
  3.6559397e+002  2.6442997e+002
  3.6498245e+002  2.6339019e+002
  3.6397748e+002  2.6255543e+002
  3.6317831e+002  2.6240835e+002
  3.6209502e+002  2.6173139e+002
  3.6123730e+002  2.6171788e+002
  3.6040378e+002  2.6170744e+002
  3.5961418e+002  2.6159676e+002
  3.5867380e+002  2.6044648e+002
  3.5842382e+002  2.5953801e+002
  3.5734382e+002  2.5870168e+002
  3.5648472e+002  2.5780718e+002
  3.5562493e+002  2.5692584e+002
  3.5537397e+002  2.5625334e+002
  3.5405872e+002  2.5529436e+002
  3.5285193e+002  2.5453434e+002
  3.5204621e+002  2.5431460e+002
  3.5102807e+002  2.5342228e+002
  3.5004551e+002  2.5254881e+002
  3.4923547e+002  2.5232503e+002
  3.4815778e+002  2.5153009e+002
  3.4727592e+002  2.5132069e+002
  3.4616289e+002  2.5053167e+002
  3.4528322e+002  2.5031263e+002
  3.4414259e+002  2.4942891e+002
  3.4304492e+002  2.4851871e+002
  3.4217046e+002  2.4839329e+002
  3.4110953e+002  2.4768684e+002
  3.4018728e+002  2.4758082e+002
  3.3924205e+002  2.4741983e+002
  3.3805161e+002  2.4667342e+002
  3.3709248e+002  2.4647263e+002
  3.3587891e+002  2.4576831e+002
  3.3496760e+002  2.4551467e+002
  3.3407984e+002  2.4525308e+002
  3.3299953e+002  2.4451688e+002
  3.3208805e+002  2.4432573e+002
  3.3098786e+002  2.4373438e+002
  3.3004385e+002  2.4360525e+002
  3.2909898e+002  2.4349871e+002
  3.2800782e+002  2.4290109e+002
  3.2710295e+002  2.4278981e+002
  3.2619522e+002  2.4266483e+002
  3.2525148e+002  2.4252543e+002
  3.2425813e+002  2.4239025e+002
  3.2312393e+002  2.4185206e+002
  3.2208152e+002  2.4185746e+002
  3.2103210e+002  2.4188306e+002
  3.1997240e+002  2.4192159e+002
  3.1890881e+002  2.4182903e+002
  3.1787471e+002  2.4157535e+002
  3.1690725e+002  2.4127647e+002
  3.1582208e+002  2.4054826e+002
  3.1489859e+002  2.4033414e+002
  3.1383733e+002  2.3967108e+002
  3.1293488e+002  2.3945882e+002
  3.1187884e+002  2.3885035e+002
  3.1090824e+002  2.3876276e+002
  3.0992633e+002  2.3874753e+002
  3.0895143e+002  2.3878741e+002
  3.0798142e+002  2.3881681e+002
  3.0700024e+002  2.3880217e+002
  3.0595598e+002  2.3877992e+002
  3.0487055e+002  2.3871263e+002
  3.0394271e+002  2.3867256e+002
  3.0301358e+002  2.3862217e+002
  3.0176456e+002  2.3856662e+002
  3.0089231e+002  2.3854768e+002
  2.9997050e+002  2.3844555e+002
  2.9895952e+002  2.3790327e+002
  2.9802266e+002  2.3776453e+002
  2.9705908e+002  2.3764110e+002
  2.9608503e+002  2.3755780e+002
  2.9509029e+002  2.3749810e+002
  2.9405491e+002  2.3710957e+002
  2.9305761e+002  2.3713968e+002
  2.9203804e+002  2.3715265e+002
  2.9084821e+002  2.3713166e+002
  2.8988557e+002  2.3708029e+002
  2.8881814e+002  2.3705861e+002
  2.8776468e+002  2.3706289e+002
  2.8675580e+002  2.3702596e+002
  2.8579469e+002  2.3692837e+002
  2.8485328e+002  2.3678248e+002
  2.8392243e+002  2.3666363e+002
  2.8299662e+002  2.3659340e+002
  2.8207215e+002  2.3654671e+002
  2.8114252e+002  2.3651287e+002
  2.8020923e+002  2.3646493e+002
  2.7922521e+002  2.3607316e+002
  2.7745857e+002  2.3622580e+002
  2.7570756e+002  2.3661328e+002
  2.7487928e+002  2.3733450e+002
  2.7404696e+002  2.3753221e+002
  2.7313129e+002  2.3819426e+002
  2.7219455e+002  2.3828129e+002
  2.7120303e+002  2.3829702e+002
  2.7017389e+002  2.3826172e+002
  2.6910086e+002  2.3820232e+002
  2.6786678e+002  2.3820587e+002
  2.6695956e+002  2.3825163e+002
  2.6601221e+002  2.3830080e+002
  2.6489413e+002  2.3838169e+002
  2.6390796e+002  2.3852242e+002
  2.6292817e+002  2.3911328e+002
  2.6195423e+002  2.3926926e+002
  2.6094796e+002  2.3940462e+002
  2.5993100e+002  2.3947723e+002
  2.5893628e+002  2.3951252e+002
  2.5797581e+002  2.4000474e+002
  2.5707673e+002  2.4013532e+002
  2.5619907e+002  2.4036503e+002
  2.5531198e+002  2.4069015e+002
  2.5422991e+002  2.4146942e+002
  2.5323448e+002  2.4167948e+002
  2.5203197e+002  2.4227541e+002
  2.5099160e+002  2.4231250e+002
  2.4997537e+002  2.4233387e+002
  2.4900376e+002  2.4243205e+002
  2.4808525e+002  2.4261819e+002
  2.4707756e+002  2.4351969e+002
  2.4603947e+002  2.4453886e+002
  2.4499742e+002  2.4551707e+002
  2.4394551e+002  2.4637603e+002
  2.4300381e+002  2.4669477e+002
  2.4185418e+002  2.4735127e+002
  2.4088103e+002  2.4749111e+002
  2.3991444e+002  2.4755369e+002
  2.3879352e+002  2.4805882e+002
  2.3789910e+002  2.4810691e+002
  2.3702917e+002  2.4821550e+002
  2.3617271e+002  2.4836951e+002
  2.3531169e+002  2.4857381e+002
  2.3430291e+002  2.4931683e+002
  2.3341183e+002  2.4954841e+002
  2.3238959e+002  2.5038427e+002
  2.3151204e+002  2.5065383e+002
  2.3133868e+002  2.5136795e+002
  2.3047657e+002  2.5172760e+002
  2.2950011e+002  2.5297290e+002
  2.2919462e+002  2.5387382e+002
  2.2827232e+002  2.5485223e+002
  2.2711310e+002  2.5558425e+002
  2.2587547e+002  2.5616979e+002
  2.2502797e+002  2.5637899e+002
  2.2421355e+002  2.5659806e+002
  2.2331759e+002  2.5759433e+002
  2.2225532e+002  2.5856472e+002
  2.2110918e+002  2.5995279e+002
  2.2040158e+002  2.6104629e+002
  2.1954027e+002  2.6207700e+002
  2.1928743e+002  2.6274972e+002
  2.1806965e+002  2.6375234e+002
  2.1712641e+002  2.6466959e+002
  2.1618849e+002  2.6560927e+002
  2.1524029e+002  2.6652755e+002
  2.1426028e+002  2.6741298e+002
  2.1354364e+002  2.6765255e+002
  2.1299891e+002  2.6871977e+002
  2.1217629e+002  2.6986863e+002
  2.1138248e+002  2.7098604e+002
  2.1058065e+002  2.7204728e+002
  2.1034747e+002  2.7280377e+002
  2.0952648e+002  2.7386204e+002
  2.0927343e+002  2.7467325e+002
  2.0849627e+002  2.7584556e+002
  2.0763329e+002  2.7696745e+002
  2.0730054e+002  2.7775272e+002
  2.0628141e+002  2.7875085e+002
  2.0525530e+002  2.7975329e+002
  2.0428539e+002  2.8085497e+002
  2.0340885e+002  2.8202943e+002
  2.0259611e+002  2.8315849e+002
  2.0241105e+002  2.8400377e+002
  2.0165639e+002  2.8510789e+002
  2.0150801e+002  2.8599323e+002
  2.0137635e+002  2.8692394e+002
  2.0075330e+002  2.8819025e+002
  2.0062146e+002  2.8916532e+002
  2.0045580e+002  2.9010425e+002
  1.9972276e+002  2.9116422e+002
  1.9946908e+002  2.9202110e+002
  1.9863877e+002  2.9308054e+002
  1.9836209e+002  2.9393953e+002
  1.9755636e+002  2.9499308e+002
  1.9733913e+002  2.9585818e+002
  1.9658272e+002  2.9694009e+002
  1.9642591e+002  2.9785023e+002
  1.9571330e+002  2.9897342e+002
  1.9559817e+002  2.9989552e+002
  1.9549950e+002  3.0079914e+002
  1.9475752e+002  3.0189609e+002
  1.9457596e+002  3.0275633e+002
  1.9433318e+002  3.0361406e+002
  1.9341501e+002  3.0468065e+002
  1.9255759e+002  3.0576403e+002
  1.9239231e+002  3.0667788e+002
  1.9167513e+002  3.0780630e+002
  1.9155500e+002  3.0875705e+002
  1.9144653e+002  3.0972501e+002
  1.9081105e+002  3.1089577e+002
  1.9074313e+002  3.1190071e+002
  1.9067391e+002  3.1289305e+002
  1.9053731e+002  3.1385042e+002
  1.9030665e+002  3.1479538e+002
  1.8945246e+002  3.1585990e+002
  1.8860011e+002  3.1684475e+002
  1.8836842e+002  3.1780656e+002
  1.8776979e+002  3.1885306e+002
  1.8777021e+002  3.1986346e+002
  1.8786913e+002  3.2088835e+002
  1.8797300e+002  3.2225235e+002
  1.8804229e+002  3.2317067e+002
  1.8810239e+002  3.2412738e+002
  1.8811947e+002  3.2509418e+002
  1.8808661e+002  3.2604484e+002
  1.8791871e+002  3.2737068e+002
  1.8769746e+002  3.2827692e+002
  1.8763974e+002  3.2919105e+002
  1.8743311e+002  3.3009947e+002
  1.8681729e+002  3.3099712e+002
  1.8671067e+002  3.3188871e+002
  1.8662676e+002  3.3283213e+002
  1.8659510e+002  3.3383313e+002
  1.8660366e+002  3.3487987e+002
  1.8667320e+002  3.3625069e+002
  1.8670645e+002  3.3716293e+002
  1.8665830e+002  3.3806070e+002
  1.8659401e+002  3.3895494e+002
  1.8648461e+002  3.3987911e+002
  1.8602418e+002  3.4105292e+002
  1.8599570e+002  3.4202513e+002
  1.8590326e+002  3.4298601e+002
  1.8582813e+002  3.4394010e+002
  1.8576436e+002  3.4491673e+002
  1.8576551e+002  3.4594024e+002
  1.8585133e+002  3.4716255e+002
  1.8597178e+002  3.4812491e+002
  1.8605142e+002  3.4911063e+002
  1.8604463e+002  3.5007750e+002
  1.8597457e+002  3.5105144e+002
  1.8587018e+002  3.5203809e+002
  1.8579255e+002  3.5308988e+002
  1.8580628e+002  3.5402463e+002
  1.8580971e+002  3.5498514e+002
  1.8584180e+002  3.5597558e+002
  1.8586165e+002  3.5699447e+002
  1.8593625e+002  3.5812867e+002
  1.8604000e+002  3.5914837e+002
  1.8612004e+002  3.6014714e+002
  1.8617890e+002  3.6115703e+002
  1.8619955e+002  3.6217846e+002
  1.8618955e+002  3.6321236e+002
  1.8615449e+002  3.6423229e+002
  1.8612203e+002  3.6525262e+002
  1.8608016e+002  3.6625776e+002
  1.8606167e+002  3.6725354e+002
  1.8606920e+002  3.6823197e+002
  1.8612620e+002  3.6919388e+002
  1.8623650e+002  3.7013038e+002
  1.8638485e+002  3.7107028e+002
  1.8655768e+002  3.7200131e+002
  1.8720506e+002  3.7299972e+002
  1.8730306e+002  3.7396189e+002
  1.8732425e+002  3.7494573e+002
  1.8730428e+002  3.7595077e+002
  1.8727573e+002  3.7697290e+002
  1.8732769e+002  3.7801250e+002
  1.8743836e+002  3.7905140e+002
  1.8754459e+002  3.8008445e+002
  1.8804974e+002  3.8114710e+002
  1.8804180e+002  3.8219796e+002
  1.8805258e+002  3.8322422e+002
  1.8815270e+002  3.8420362e+002
  1.8832051e+002  3.8514843e+002
  1.8852581e+002  3.8607528e+002
  1.8920970e+002  3.8706726e+002
  1.8929089e+002  3.8805019e+002
  1.8933605e+002  3.8906326e+002
  1.8934553e+002  3.9007245e+002
  1.8938792e+002  3.9107703e+002
  1.8947783e+002  3.9205346e+002
  1.8961466e+002  3.9302641e+002
  1.9034735e+002  3.9404294e+002
  1.9047840e+002  3.9500274e+002
  1.9059345e+002  3.9594984e+002
  1.9119567e+002  3.9700408e+002
  1.9129458e+002  3.9797183e+002
  1.9141456e+002  3.9893312e+002
  1.9154026e+002  3.9989558e+002
  1.9219305e+002  4.0102735e+002
  1.9232546e+002  4.0198846e+002
  1.9243922e+002  4.0295813e+002
  1.9249774e+002  4.0392484e+002
  1.9251668e+002  4.0490984e+002
  1.9312241e+002  4.0604465e+002
  1.9307555e+002  4.0703756e+002
  1.9305478e+002  4.0800116e+002
