  1.9230573e+002  4.0920479e+002
  1.9253520e+002  4.1012322e+002
  1.9318877e+002  4.1115377e+002
  1.9337933e+002  4.1210119e+002
  1.9353312e+002  4.1304442e+002
  1.9425285e+002  4.1409288e+002
  1.9444093e+002  4.1498287e+002
  1.9465608e+002  4.1585521e+002
  1.9553563e+002  4.1671254e+002
  1.9633230e+002  4.1766233e+002
  1.9648368e+002  4.1858013e+002
  1.9662234e+002  4.1956409e+002
  1.9720559e+002  4.2074862e+002
  1.9728288e+002  4.2178781e+002
  1.9736586e+002  4.2283851e+002
  1.9739633e+002  4.2388589e+002
  1.9739233e+002  4.2492901e+002
  1.9739250e+002  4.2594354e+002
  1.9739749e+002  4.2694136e+002
  1.9747972e+002  4.2790675e+002
  1.9761580e+002  4.2886467e+002
  1.9817793e+002  4.2997669e+002
  1.9836217e+002  4.3093784e+002
  1.9850747e+002  4.3188438e+002
  1.9926301e+002  4.3294403e+002
  1.9945312e+002  4.3379232e+002
  1.9970263e+002  4.3451801e+002
  2.0104013e+002  4.3519374e+002
  2.0202923e+002  4.3566037e+002
  2.0295432e+002  4.3659327e+002
  2.0386796e+002  4.3766041e+002
  2.0486079e+002  4.3891234e+002
  2.0561282e+002  4.4010034e+002
  2.0639512e+002  4.4125597e+002
  2.0662708e+002  4.4209427e+002
  2.0750001e+002  4.4283459e+002
  2.0835203e+002  4.4388403e+002
  2.0858809e+002  4.4469867e+002
  2.0948871e+002  4.4576771e+002
  2.0971968e+002  4.4657868e+002
  2.1063651e+002  4.4764598e+002
  2.1158346e+002  4.4871761e+002
  2.1255259e+002  4.4975910e+002
  2.1354473e+002  4.5076614e+002
  2.1447687e+002  4.5175801e+002
  2.1465818e+002  4.5255246e+002
  2.1550258e+002  4.5363030e+002
  2.1640640e+002  4.5475290e+002
  2.1661669e+002  4.5554498e+002
  2.1758949e+002  4.5660845e+002
  2.1857978e+002  4.5763432e+002
  2.1969521e+002  4.5867626e+002
  2.2070622e+002  4.5964669e+002
  2.2169749e+002  4.6069534e+002
  2.2263170e+002  4.6170857e+002
  2.2347293e+002  4.6280073e+002
  2.2356783e+002  4.6357963e+002
  2.2456137e+002  4.6464913e+002
  2.2595423e+002  4.6575814e+002
  2.2713181e+002  4.6640209e+002
  2.2797380e+002  4.6651061e+002
  2.2904724e+002  4.6735804e+002
  2.2981865e+002  4.6769190e+002
  2.3071654e+002  4.6866293e+002
  2.3157380e+002  4.6969507e+002
  2.3249203e+002  4.7072259e+002
  2.3273721e+002  4.7154216e+002
  2.3377335e+002  4.7253629e+002
  2.3479519e+002  4.7337718e+002
  2.3558777e+002  4.7350580e+002
  2.3649039e+002  4.7450602e+002
  2.3665047e+002  4.7544289e+002
  2.3751460e+002  4.7586813e+002
  2.3840939e+002  4.7680355e+002
  2.3857635e+002  4.7756786e+002
  2.3944887e+002  4.7853396e+002
  2.3957067e+002  4.7932485e+002
  2.4033833e+002  4.7963276e+002
  2.4052529e+002  4.8040530e+002
  2.4170300e+002  4.8100273e+002
  2.4291689e+002  4.8169163e+002
  2.4410405e+002  4.8230585e+002
  2.4497995e+002  4.8237352e+002
  2.4581565e+002  4.8248842e+002
  2.4659092e+002  4.8266324e+002
  2.4751739e+002  4.8366683e+002
  2.4848245e+002  4.8472987e+002
  2.4875575e+002  4.8557471e+002
  2.4980126e+002  4.8675104e+002
  2.5068945e+002  4.8783799e+002
  2.5174771e+002  4.8870518e+002
  2.5298262e+002  4.8934155e+002
  2.5393987e+002  4.8945499e+002
  2.5489643e+002  4.8958990e+002
  2.5609288e+002  4.9042224e+002
  2.5695516e+002  4.9068484e+002
  2.5794391e+002  4.9172521e+002
  2.5884732e+002  4.9280362e+002
  2.5974443e+002  4.9382403e+002
  2.6077038e+002  4.9470454e+002
  2.6187807e+002  4.9545250e+002
  2.6279671e+002  4.9557311e+002
  2.6393514e+002  4.9626563e+002
  2.6486042e+002  4.9642079e+002
  2.6578069e+002  4.9662203e+002
  2.6686519e+002  4.9744391e+002
  2.6775275e+002  4.9770812e+002
  2.6878447e+002  4.9863403e+002
  2.6980783e+002  4.9955350e+002
  2.7085597e+002  5.0041664e+002
  2.7174450e+002  5.0050974e+002
  2.7286930e+002  5.0127619e+002
  2.7374330e+002  5.0148259e+002
  2.7460544e+002  5.0177361e+002
  2.7571573e+002  5.0278614e+002
  2.7680240e+002  5.0380091e+002
  2.7779375e+002  5.0475453e+002
  2.7873590e+002  5.0564001e+002
  2.7980130e+002  5.0645974e+002
  2.8073153e+002  5.0659179e+002
  2.8186153e+002  5.0729610e+002
  2.8282490e+002  5.0735891e+002
  2.8380785e+002  5.0742862e+002
  2.8482426e+002  5.0749772e+002
  2.8582019e+002  5.0756953e+002
  2.8686846e+002  5.0826216e+002
  2.8787395e+002  5.0841066e+002
  2.8888273e+002  5.0862446e+002
  2.8999631e+002  5.0934890e+002
  2.9097331e+002  5.0962296e+002
  2.9202466e+002  5.1042603e+002
  2.9293033e+002  5.1064393e+002
  2.9396474e+002  5.1137245e+002
  2.9491104e+002  5.1149076e+002
  2.9586016e+002  5.1158439e+002
  2.9696059e+002  5.1223356e+002
  2.9790552e+002  5.1235766e+002
  2.9883307e+002  5.1251908e+002
  2.9989800e+002  5.1327558e+002
  3.0082571e+002  5.1344845e+002
  3.0175984e+002  5.1363483e+002
  3.0277941e+002  5.1445806e+002
  3.0370931e+002  5.1463438e+002
  3.0477165e+002  5.1537122e+002
  3.0574255e+002  5.1543432e+002
  3.0674017e+002  5.1546959e+002
  3.0773886e+002  5.1551741e+002
  3.0888930e+002  5.1623116e+002
  3.0986352e+002  5.1636771e+002
  3.1082370e+002  5.1658633e+002
  3.1182332e+002  5.1746932e+002
  3.1269410e+002  5.1775518e+002
  3.1369779e+002  5.1856773e+002
  3.1482741e+002  5.1924939e+002
  3.1582360e+002  5.1926045e+002
  3.1679429e+002  5.1927387e+002
  3.1773889e+002  5.1932453e+002
  3.1865897e+002  5.1945013e+002
  3.1958123e+002  5.1957413e+002
  3.2050480e+002  5.2026973e+002
  3.2149996e+002  5.2016090e+002
  3.2259612e+002  5.1997637e+002
  3.2406503e+002  5.1988548e+002
  3.2500518e+002  5.1984777e+002
  3.2584933e+002  5.1968510e+002
  3.2680218e+002  5.1975225e+002
  3.2816765e+002  5.1982838e+002
  3.2909895e+002  5.1984587e+002
  3.3005382e+002  5.1991601e+002
  3.3102670e+002  5.2001833e+002
  3.3198031e+002  5.2018319e+002
  3.3287719e+002  5.2036873e+002
  3.3376322e+002  5.2057266e+002
  3.3465931e+002  5.2139706e+002
  3.3556577e+002  5.2150749e+002
  3.3651132e+002  5.2216949e+002
  3.3758890e+002  5.2205329e+002
  3.3925404e+002  5.2193288e+002
  3.4017849e+002  5.2182682e+002
  3.4109026e+002  5.2187798e+002
  3.4200889e+002  5.2197562e+002
  3.4296279e+002  5.2203077e+002
  3.4402817e+002  5.2206846e+002
  3.4508087e+002  5.2210748e+002
  3.4611013e+002  5.2210803e+002
  3.4711152e+002  5.2208059e+002
  3.4808322e+002  5.2205051e+002
  3.4904706e+002  5.2204310e+002
  3.4996870e+002  5.2212847e+002
  3.5087394e+002  5.2227369e+002
  3.5180438e+002  5.2244639e+002
  3.5274629e+002  5.2258750e+002
  3.5360135e+002  5.2336313e+002
  3.5458511e+002  5.2334059e+002
  3.5557537e+002  5.2324868e+002
  3.5724087e+002  5.2306541e+002
  3.5813970e+002  5.2280242e+002
  3.5900633e+002  5.2267129e+002
  3.5988978e+002  5.2264913e+002
  3.6078443e+002  5.2268735e+002
  3.6168531e+002  5.2272836e+002
  3.6259732e+002  5.2271315e+002
  3.6354721e+002  5.2268669e+002
  3.6453428e+002  5.2264773e+002
  3.6555552e+002  5.2263178e+002
  3.6663441e+002  5.2265757e+002
  3.6773380e+002  5.2277316e+002
  3.6883619e+002  5.2285123e+002
  3.6986976e+002  5.2290885e+002
  3.7095731e+002  5.2293517e+002
  3.7209196e+002  5.2289660e+002
  3.7311665e+002  5.2280970e+002
  3.7409666e+002  5.2272350e+002
  3.7507127e+002  5.2265624e+002
  3.7603878e+002  5.2263261e+002
  3.7701304e+002  5.2261324e+002
  3.7800328e+002  5.2260198e+002
  3.7898705e+002  5.2257275e+002
  3.7993470e+002  5.2254165e+002
  3.8088085e+002  5.2248489e+002
  3.8188495e+002  5.2169987e+002
  3.8284908e+002  5.2158621e+002
  3.8381136e+002  5.2142559e+002
  3.8489215e+002  5.2064992e+002
  3.8586261e+002  5.2050292e+002
  3.8680948e+002  5.2039496e+002
  3.8788965e+002  5.1967130e+002
  3.8882469e+002  5.1959095e+002
  3.8977935e+002  5.1953720e+002
  3.9077496e+002  5.1951095e+002
  3.9179219e+002  5.1954082e+002
  3.9275284e+002  5.1960133e+002
  3.9370615e+002  5.1966149e+002
  3.9456251e+002  5.1961483e+002
  3.9540754e+002  5.1943424e+002
  3.9549300e+002  5.1857031e+002
  3.9634720e+002  5.1827383e+002
  3.9644255e+002  5.1742205e+002
  3.9655906e+002  5.1653085e+002
  3.9748423e+002  5.1631678e+002
  3.9761154e+002  5.1554699e+002
  3.9858471e+002  5.1541813e+002
  3.9968717e+002  5.1465528e+002
  4.0069852e+002  5.1457489e+002
  4.0122329e+002  5.1445508e+002
  4.0135032e+002  5.1377107e+002
  4.0262467e+002  5.1302340e+002
  4.0365058e+002  5.1295147e+002
  4.0467507e+002  5.1282555e+002
  4.0570539e+002  5.1266386e+002
  4.0666413e+002  5.1250075e+002
  4.0759326e+002  5.1239870e+002
  4.0855596e+002  5.1161625e+002
  4.0947660e+002  5.1163374e+002
  4.1038925e+002  5.1159499e+002
  4.1131521e+002  5.1149870e+002
  4.1153741e+002  5.1071515e+002
  4.1244345e+002  5.1050533e+002
  4.1363129e+002  5.0985939e+002
  4.1434390e+002  5.0877931e+002
  4.1452388e+002  5.0790331e+002
  4.1537533e+002  5.0678858e+002
  4.1567231e+002  5.0593750e+002
  4.1669870e+002  5.0496146e+002
  4.1768434e+002  5.0405498e+002
  4.1852569e+002  5.0303429e+002
  4.1938508e+002  5.0196462e+002
  4.1951311e+002  5.0111629e+002
  4.2046714e+002  5.0011860e+002
  4.2058740e+002  4.9927177e+002
  4.2148151e+002  4.9822151e+002
  4.2157722e+002  4.9732373e+002
  4.2244390e+002  4.9624953e+002
  4.2257905e+002  4.9534044e+002
  4.2346236e+002  4.9431677e+002
  4.2364740e+002  4.9344336e+002
  4.2459068e+002  4.9247667e+002
  4.2547328e+002  4.9142889e+002
  4.2551851e+002  4.9051175e+002
  4.2630598e+002  4.9025720e+002
  4.2638647e+002  4.8933805e+002
  4.2657123e+002  4.8846538e+002
  4.2772313e+002  4.8755567e+002
  4.2854308e+002  4.8748465e+002
  4.2960293e+002  4.8660854e+002
  4.3074780e+002  4.8614645e+002
  4.3158884e+002  4.8509786e+002
  4.3231088e+002  4.8398703e+002
  4.3226261e+002  4.8298505e+002
  4.3220053e+002  4.8196576e+002
  4.3215740e+002  4.8094991e+002
  4.3214460e+002  4.7995015e+002
  4.3220911e+002  4.7898064e+002
  4.3230688e+002  4.7803132e+002
  4.3243050e+002  4.7710379e+002
  4.3260449e+002  4.7618211e+002
  4.3353496e+002  4.7515503e+002
  4.3432623e+002  4.7409618e+002
  4.3410943e+002  4.7318960e+002
  4.3417298e+002  4.7226724e+002
  4.3428725e+002  4.7133818e+002
  4.3438486e+002  4.7040015e+002
  4.3444441e+002  4.6942043e+002
  4.3434948e+002  4.6812978e+002
  4.3417907e+002  4.6724166e+002
  4.3402248e+002  4.6632675e+002
  4.3393768e+002  4.6538124e+002
  4.3398297e+002  4.6440516e+002
  4.3404611e+002  4.6308253e+002
  4.3410796e+002  4.6209922e+002
  4.3415740e+002  4.6111833e+002
  4.3422978e+002  4.6014100e+002
  4.3430045e+002  4.5916942e+002
  4.3439640e+002  4.5818275e+002
  4.3450189e+002  4.5718504e+002
  4.3519879e+002  4.5608824e+002
  4.3519583e+002  4.5509022e+002
  4.3519511e+002  4.5406210e+002
  4.3524939e+002  4.5302944e+002
  4.3534780e+002  4.5203715e+002
  4.3546651e+002  4.5107157e+002
  4.3557583e+002  4.5013464e+002
  4.3639976e+002  4.4923824e+002
  4.3642721e+002  4.4827086e+002
  4.3648020e+002  4.4727437e+002
  4.3655125e+002  4.4623677e+002
  4.3737784e+002  4.4526060e+002
  4.3738013e+002  4.4415516e+002
  4.3734705e+002  4.4291566e+002
  4.3725256e+002  4.4195499e+002
  4.3717206e+002  4.4099163e+002
  4.3718167e+002  4.4000786e+002
  4.3722793e+002  4.3901998e+002
  4.3726884e+002  4.3795462e+002
  4.3730404e+002  4.3699363e+002
  4.3734338e+002  4.3604290e+002
  4.3738200e+002  4.3509321e+002
  4.3741979e+002  4.3415245e+002
  4.3746151e+002  4.3321037e+002
  4.3750456e+002  4.3224960e+002
  4.3811634e+002  4.3103176e+002
  4.3808441e+002  4.3005144e+002
  4.3809224e+002  4.2908037e+002
  4.3810529e+002  4.2809189e+002
  4.3813824e+002  4.2708368e+002
  4.3816198e+002  4.2605095e+002
  4.3819591e+002  4.2499220e+002
  4.3824206e+002  4.2403725e+002
  4.3821837e+002  4.2296529e+002
  4.3811460e+002  4.2197536e+002
  4.3794900e+002  4.2100348e+002
  4.3780389e+002  4.2003804e+002
  4.3776102e+002  4.1905649e+002
  4.3777574e+002  4.1806618e+002
  4.3781305e+002  4.1703848e+002
  4.3784283e+002  4.1599270e+002
  4.3783685e+002  4.1520210e+002
  4.3782382e+002  4.1430081e+002
  4.3775428e+002  4.1296522e+002
  4.3756594e+002  4.1204194e+002
  4.3728102e+002  4.1112106e+002
  4.3649585e+002  4.1009021e+002
  4.3587002e+002  4.0898237e+002
  4.3574493e+002  4.0796181e+002
  4.3567562e+002  4.0696176e+002
  4.3564182e+002  4.0597948e+002
  4.3564120e+002  4.0499486e+002
  4.3564186e+002  4.0401145e+002
  4.3564558e+002  4.0299107e+002
  4.3568227e+002  4.0195249e+002
  4.3572372e+002  4.0085018e+002
  4.3578237e+002  3.9986581e+002
  4.3582659e+002  3.9884491e+002
  4.3579946e+002  3.9787331e+002
  4.3570393e+002  3.9690018e+002
  4.3557205e+002  3.9590979e+002
  4.3546198e+002  3.9491479e+002
  4.3488427e+002  3.9387612e+002
  4.3480774e+002  3.9289847e+002
  4.3474064e+002  3.9194865e+002
  4.3472172e+002  3.9097630e+002
  4.3466818e+002  3.9000775e+002
  4.3460688e+002  3.8900915e+002
  4.3454421e+002  3.8803588e+002
  4.3444486e+002  3.8705128e+002
  4.3379463e+002  3.8597509e+002
  4.3362094e+002  3.8500617e+002
  4.3344433e+002  3.8402950e+002
  4.3279284e+002  3.8294328e+002
  4.3266014e+002  3.8195227e+002
  4.3255010e+002  3.8097309e+002
  4.3248009e+002  3.8002765e+002
  4.3186331e+002  3.7899631e+002
  4.3178331e+002  3.7805175e+002
  4.3170041e+002  3.7709768e+002
  4.3157888e+002  3.7615846e+002
  4.3144261e+002  3.7518396e+002
  4.3077415e+002  3.7408248e+002
  4.3067200e+002  3.7305575e+002
  4.3059242e+002  3.7204818e+002
  4.3053575e+002  3.7104856e+002
  4.3042684e+002  3.7006224e+002
  4.2980093e+002  3.6901194e+002
  4.2967305e+002  3.6801574e+002
  4.2953672e+002  3.6703198e+002
  4.2936024e+002  3.6604131e+002
  4.2866608e+002  3.6496563e+002
  4.2845741e+002  3.6400972e+002
  4.2770857e+002  3.6298720e+002
  4.2750625e+002  3.6206224e+002
  4.2732367e+002  3.6114188e+002
  4.2664819e+002  3.6010751e+002
  4.2650686e+002  3.5914780e+002
  4.2640753e+002  3.5818339e+002
  4.2577508e+002  3.5711876e+002
  4.2568870e+002  3.5615385e+002
  4.2560159e+002  3.5519413e+002
  4.2551060e+002  3.5424350e+002
  4.2536542e+002  3.5327774e+002
  4.2468301e+002  3.5214794e+002
  4.2447280e+002  3.5113295e+002
  4.2371272e+002  3.5002602e+002
  4.2352929e+002  3.4905381e+002
  4.2336167e+002  3.4810350e+002
  4.2260007e+002  3.4710115e+002
  4.2249618e+002  3.4615410e+002
  4.2172851e+002  3.4507947e+002
  4.2161783e+002  3.4411595e+002
  4.2146536e+002  3.4317672e+002
  4.2062425e+002  3.4212632e+002
  4.2047136e+002  3.4117655e+002
  4.1969035e+002  3.4004719e+002
  4.1953629e+002  3.3908682e+002
  4.1932002e+002  3.3816385e+002
  4.1848948e+002  3.3706359e+002
  4.1763072e+002  3.3596872e+002
  4.1739959e+002  3.3508108e+002
  4.1662217e+002  3.3395735e+002
  4.1642089e+002  3.3304213e+002
  4.1553168e+002  3.3197542e+002
  4.1523150e+002  3.3110480e+002
  4.1423710e+002  3.3010536e+002
  4.1331783e+002  3.2911692e+002
  4.1255912e+002  3.2807469e+002
  4.1241811e+002  3.2718551e+002
  4.1176026e+002  3.2601562e+002
  4.1160068e+002  3.2507608e+002
  4.1142291e+002  3.2414845e+002
  4.1063161e+002  3.2302957e+002
  4.1045587e+002  3.2214206e+002
  4.0965990e+002  3.2112469e+002
  4.0951998e+002  3.2027058e+002
  4.0936841e+002  3.1940753e+002
  4.0852441e+002  3.1829915e+002
  4.0825915e+002  3.1740441e+002
  4.0726257e+002  3.1629740e+002
  4.0622842e+002  3.1528181e+002
  4.0525972e+002  3.1428759e+002
  4.0438355e+002  3.1326917e+002
  4.0355635e+002  3.1218879e+002
  4.0339941e+002  3.1132960e+002
  4.0258214e+002  3.1021761e+002
  4.0243572e+002  3.0935600e+002
  4.0156824e+002  3.0827078e+002
  4.0144987e+002  3.0745158e+002
  4.0062923e+002  3.0645368e+002
  4.0044973e+002  3.0566005e+002
  3.9982065e+002  3.0535969e+002
  3.9955513e+002  3.0454399e+002
  3.9857781e+002  3.0336806e+002
  3.9809598e+002  3.0236330e+002
  3.9706449e+002  3.0134965e+002
  3.9608724e+002  3.0043357e+002
  3.9516204e+002  2.9948714e+002
  3.9417066e+002  2.9849051e+002
  3.9315273e+002  2.9741934e+002
  3.9191273e+002  2.9602885e+002
  3.9109344e+002  2.9492925e+002
  3.9027772e+002  2.9417553e+002
  3.8949042e+002  2.9314345e+002
  3.8870127e+002  2.9211803e+002
  3.8850240e+002  2.9131644e+002
  3.8832481e+002  2.9050305e+002
  3.8774212e+002  2.9024040e+002
  3.8752036e+002  2.8941465e+002
  3.8729986e+002  2.8859188e+002
  3.8670999e+002  2.8830308e+002
  3.8650140e+002  2.8747352e+002
  3.8633858e+002  2.8664270e+002
  3.8577636e+002  2.8630892e+002
  3.8561320e+002  2.8551163e+002
  3.8481666e+002  2.8443510e+002
  3.8458145e+002  2.8377057e+002
  3.8302369e+002  2.8237617e+002
  3.8193515e+002  2.8163077e+002
  3.8120065e+002  2.8151767e+002
  3.8046813e+002  2.8133760e+002
  3.7935906e+002  2.8037340e+002
  3.7828091e+002  2.7936436e+002
  3.7725942e+002  2.7828534e+002
  3.7615664e+002  2.7703465e+002
  3.7526880e+002  2.7601366e+002
  3.7436243e+002  2.7506045e+002
  3.7349235e+002  2.7403115e+002
  3.7264786e+002  2.7293827e+002
  3.7233924e+002  2.7206739e+002
  3.7127941e+002  2.7114217e+002
  3.7020046e+002  2.7030542e+002
  3.6923439e+002  2.6931845e+002
  3.6832192e+002  2.6822068e+002
  3.6734944e+002  2.6722256e+002
  3.6638996e+002  2.6628056e+002
  3.6552128e+002  2.6528800e+002
  3.6530557e+002  2.6450725e+002
  3.6467987e+002  2.6426088e+002
  3.6439612e+002  2.6345237e+002
  3.6308835e+002  2.6230275e+002
  3.6196568e+002  2.6154656e+002
  3.6110349e+002  2.6141219e+002
  3.5997453e+002  2.6067810e+002
  3.5916781e+002  2.6054030e+002
  3.5841634e+002  2.6030326e+002
  3.5752366e+002  2.5914088e+002
  3.5729913e+002  2.5836073e+002
  3.5622293e+002  2.5718908e+002
  3.5520409e+002  2.5634863e+002
  3.5401593e+002  2.5544171e+002
  3.5285838e+002  2.5458271e+002
  3.5208091e+002  2.5436070e+002
  3.5099558e+002  2.5353936e+002
  3.5022734e+002  2.5332647e+002
  3.4911980e+002  2.5250744e+002
  3.4828178e+002  2.5228059e+002
  3.4713546e+002  2.5138828e+002
  3.4602240e+002  2.5042129e+002
  3.4500266e+002  2.4941011e+002
  3.4402150e+002  2.4843151e+002
  3.4295771e+002  2.4760087e+002
  3.4204403e+002  2.4750313e+002
  3.4109655e+002  2.4747660e+002
  3.3989016e+002  2.4693733e+002
  3.3891853e+002  2.4682310e+002
  3.3796473e+002  2.4661681e+002
  3.3701940e+002  2.4637725e+002
  3.3591798e+002  2.4554266e+002
  3.3502311e+002  2.4525468e+002
  3.3397063e+002  2.4441373e+002
  3.3293254e+002  2.4364801e+002
  3.3202192e+002  2.4348098e+002
  3.3091459e+002  2.4295818e+002
  3.2994068e+002  2.4286067e+002
  3.2897363e+002  2.4274093e+002
  3.2803272e+002  2.4257793e+002
  3.2710992e+002  2.4237988e+002
  3.2603223e+002  2.4165563e+002
  3.2508927e+002  2.4147867e+002
  3.2403309e+002  2.4084186e+002
  3.2305884e+002  2.4073531e+002
  3.2208305e+002  2.4067864e+002
  3.2109347e+002  2.4065947e+002
  3.2009974e+002  2.4063330e+002
  3.1910893e+002  2.4054425e+002
  3.1809814e+002  2.4038900e+002
  3.1692984e+002  2.3971974e+002
  3.1594336e+002  2.3951536e+002
  3.1498368e+002  2.3930347e+002
  3.1402906e+002  2.3856722e+002
  3.1309908e+002  2.3842652e+002
  3.1207595e+002  2.3787747e+002
  3.1108424e+002  2.3785159e+002
  3.1006866e+002  2.3785891e+002
  3.0861659e+002  2.3785694e+002
  3.0760073e+002  2.3784873e+002
  3.0661514e+002  2.3784555e+002
  3.0567864e+002  2.3785079e+002
  3.0481907e+002  2.3788760e+002
  3.0398250e+002  2.3794621e+002
  3.0311093e+002  2.3800348e+002
  3.0210699e+002  2.3803137e+002
  3.0078009e+002  2.3792654e+002
  2.9979234e+002  2.3780227e+002
  2.9885554e+002  2.3765618e+002
  2.9796743e+002  2.3748505e+002
  2.9702387e+002  2.3680659e+002
  2.9619014e+002  2.3665789e+002
  2.9529387e+002  2.3654340e+002
  2.9431227e+002  2.3646117e+002
  2.9322945e+002  2.3614633e+002
  2.9169951e+002  2.3628838e+002
  2.9080567e+002  2.3646837e+002
  2.8992768e+002  2.3659289e+002
  2.8915627e+002  2.3710444e+002
  2.8823458e+002  2.3700087e+002
  2.8674586e+002  2.3685101e+002
  2.8581581e+002  2.3678313e+002
  2.8488243e+002  2.3670629e+002
  2.8396443e+002  2.3661395e+002
  2.8306098e+002  2.3648940e+002
  2.8210339e+002  2.3588213e+002
  2.8120714e+002  2.3585662e+002
  2.8027463e+002  2.3589541e+002
  2.7850790e+002  2.3606195e+002
  2.7757952e+002  2.3628230e+002
  2.7667601e+002  2.3649430e+002
  2.7579864e+002  2.3666862e+002
  2.7488122e+002  2.3738958e+002
  2.7400890e+002  2.3754003e+002
  2.7303203e+002  2.3817648e+002
  2.7208545e+002  2.3823419e+002
  2.7110899e+002  2.3830977e+002
  2.7011375e+002  2.3837893e+002
  2.6910194e+002  2.3843652e+002
  2.6807747e+002  2.3852887e+002
  2.6696202e+002  2.3908236e+002
  2.6595465e+002  2.3917776e+002
  2.6496347e+002  2.3925442e+002
  2.6400487e+002  2.3931966e+002
  2.6306632e+002  2.3940994e+002
  2.6210183e+002  2.3951041e+002
  2.6103147e+002  2.3999478e+002
  2.5999988e+002  2.4004876e+002
  2.5896584e+002  2.4006153e+002
  2.5796245e+002  2.4010168e+002
  2.5699575e+002  2.4019926e+002
  2.5605845e+002  2.4037545e+002
  2.5516201e+002  2.4063438e+002
  2.5421334e+002  2.4154151e+002
  2.5324630e+002  2.4242038e+002
  2.5229169e+002  2.4264887e+002
  2.5121319e+002  2.4343715e+002
  2.5024497e+002  2.4364101e+002
  2.4908930e+002  2.4443958e+002
  2.4808961e+002  2.4466142e+002
  2.4686257e+002  2.4534703e+002
  2.4595335e+002  2.4556328e+002
  2.4490441e+002  2.4630580e+002
  2.4405441e+002  2.4660820e+002
  2.4298860e+002  2.4740861e+002
  2.4207589e+002  2.4763204e+002
  2.4096419e+002  2.4837119e+002
  2.4008216e+002  2.4856303e+002
  2.3907853e+002  2.4943195e+002
  2.3826824e+002  2.4966153e+002
  2.3732332e+002  2.5057838e+002
  2.3632517e+002  2.5148244e+002
  2.3556845e+002  2.5176788e+002
  2.3529080e+002  2.5243340e+002
  2.3451444e+002  2.5270360e+002
  2.3422628e+002  2.5339408e+002
  2.3343871e+002  2.5368579e+002
  2.3235896e+002  2.5465539e+002
  2.3125586e+002  2.5564177e+002
  2.3011374e+002  2.5655507e+002
  2.2896393e+002  2.5737981e+002
  2.2829067e+002  2.5770130e+002
  2.2718631e+002  2.5850406e+002
  2.2610278e+002  2.5940333e+002
  2.2532329e+002  2.5966594e+002
  2.2425117e+002  2.6060901e+002
  2.2321526e+002  2.6156753e+002
  2.2213132e+002  2.6279450e+002
  2.2124654e+002  2.6387559e+002
  2.2036930e+002  2.6476504e+002
  2.1932874e+002  2.6569428e+002
  2.1826103e+002  2.6664184e+002
  2.1718016e+002  2.6769280e+002
  2.1627021e+002  2.6877905e+002
  2.1537029e+002  2.6983658e+002
  2.1439605e+002  2.7086193e+002
  2.1335355e+002  2.7183490e+002
  2.1234467e+002  2.7279020e+002
  2.1140296e+002  2.7383154e+002
  2.1054530e+002  2.7496322e+002
  2.1035354e+002  2.7571470e+002
  2.0945102e+002  2.7681353e+002
  2.0851796e+002  2.7787491e+002
  2.0820429e+002  2.7860616e+002
  2.0722733e+002  2.7966478e+002
  2.0627804e+002  2.8070148e+002
  2.0542118e+002  2.8178492e+002
  2.0458782e+002  2.8289274e+002
  2.0438474e+002  2.8366983e+002
  2.0346262e+002  2.8476142e+002
  2.0250485e+002  2.8583907e+002
  2.0224473e+002  2.8669699e+002
  2.0144931e+002  2.8792686e+002
  2.0079617e+002  2.8916776e+002
  2.0060769e+002  2.9006851e+002
  2.0035339e+002  2.9093432e+002
  1.9954126e+002  2.9212426e+002
  1.9938111e+002  2.9279625e+002
  1.9830199e+002  2.9392608e+002
  1.9743240e+002  2.9492666e+002
  1.9663990e+002  2.9600903e+002
  1.9651317e+002  2.9687925e+002
  1.9646805e+002  2.9774833e+002
  1.9583405e+002  2.9890576e+002
  1.9583365e+002  2.9977940e+002
  1.9576292e+002  3.0064634e+002
  1.9560383e+002  3.0148036e+002
  1.9453829e+002  3.0236046e+002
  1.9343626e+002  3.0336703e+002
  1.9275970e+002  3.0371819e+002
  1.9252964e+002  3.0451426e+002
  1.9236343e+002  3.0534352e+002
  1.9170556e+002  3.0573888e+002
  1.9159707e+002  3.0662230e+002
  1.9154284e+002  3.0753420e+002
  1.9148945e+002  3.0844974e+002
  1.9080797e+002  3.0878250e+002
  1.9074486e+002  3.0969479e+002
  1.9064302e+002  3.1058903e+002
  1.9046758e+002  3.1148544e+002
  1.8972972e+002  3.1172709e+002
  1.8955589e+002  3.1264475e+002
  1.8946538e+002  3.1342955e+002
  1.8870595e+002  3.1379494e+002
  1.8874109e+002  3.1437972e+002
  1.8871661e+002  3.1505342e+002
  1.8860075e+002  3.1566963e+002
  1.8700374e+002  3.1762553e+002
  1.8656198e+002  3.1867425e+002
  1.8676084e+002  3.1973784e+002
  1.8694127e+002  3.2165459e+002
  1.8731404e+002  3.2299500e+002
  1.8744402e+002  3.2380122e+002
  1.8745121e+002  3.2470192e+002
  1.8747925e+002  3.2560304e+002
  1.8738110e+002  3.2768966e+002
  1.8654876e+002  3.2905786e+002
  1.8634048e+002  3.2954940e+002
  1.8583681e+002  3.3033251e+002
  1.8561639e+002  3.3097196e+002
  1.8527820e+002  3.3161094e+002
  1.8424624e+002  3.3275394e+002
  1.8389679e+002  3.3390053e+002
  1.8402068e+002  3.3549070e+002
  1.8414034e+002  3.3624614e+002
  1.8416930e+002  3.3708887e+002
  1.8408051e+002  3.3800106e+002
  1.8389057e+002  3.3894819e+002
  1.8377612e+002  3.4013840e+002
  1.8364853e+002  3.4112209e+002
  1.8356580e+002  3.4208299e+002
  1.8347862e+002  3.4297642e+002
  1.8321130e+002  3.4391058e+002
  1.8329097e+002  3.4545358e+002
  1.8348502e+002  3.4637185e+002
  1.8365812e+002  3.4725319e+002
  1.8406005e+002  3.4816156e+002
  1.8420570e+002  3.4911567e+002
  1.8424362e+002  3.5006943e+002
  1.8426501e+002  3.5107071e+002
  1.8423793e+002  3.5206590e+002
  1.8423820e+002  3.5305084e+002
  1.8424241e+002  3.5407317e+002
  1.8425157e+002  3.5508226e+002
  1.8426025e+002  3.5609200e+002
  1.8432431e+002  3.5709743e+002
  1.8445246e+002  3.5809038e+002
  1.8462907e+002  3.5910756e+002
  1.8501596e+002  3.6018806e+002
  1.8513690e+002  3.6127316e+002
  1.8521952e+002  3.6230746e+002
  1.8525902e+002  3.6327477e+002
  1.8530271e+002  3.6423998e+002
  1.8534762e+002  3.6520507e+002
  1.8544529e+002  3.6621153e+002
  1.8550355e+002  3.6722263e+002
  1.8580545e+002  3.6817886e+002
  1.8596022e+002  3.6916642e+002
  1.8612944e+002  3.7014804e+002
  1.8633455e+002  3.7112987e+002
  1.8652705e+002  3.7212876e+002
  1.8711439e+002  3.7323465e+002
  1.8729843e+002  3.7417024e+002
  1.8746489e+002  3.7509153e+002
  1.8759065e+002  3.7602330e+002
  1.8812937e+002  3.7707889e+002
  1.8818903e+002  3.7804125e+002
  1.8825959e+002  3.7903850e+002
  1.8834925e+002  3.8007593e+002
  1.8843297e+002  3.8110959e+002
  1.8853082e+002  3.8213723e+002
  1.8895364e+002  3.8304995e+002
  1.8900719e+002  3.8398290e+002
  1.8908794e+002  3.8518180e+002
  1.8922098e+002  3.8615728e+002
  1.8935805e+002  3.8712834e+002
  1.8949977e+002  3.8810757e+002
  1.8960338e+002  3.8909799e+002
  1.9014105e+002  3.9009318e+002
  1.9026171e+002  3.9105473e+002
  1.9040369e+002  3.9199861e+002
  1.9054953e+002  3.9295147e+002
  1.9114362e+002  3.9394929e+002
  1.9120353e+002  3.9493563e+002
  1.9126206e+002  3.9591868e+002
  1.9132901e+002  3.9688327e+002
  1.9145140e+002  3.9787305e+002
  1.9155762e+002  3.9887730e+002
  1.9206169e+002  4.0002082e+002
  1.9211887e+002  4.0106684e+002
  1.9212806e+002  4.0209474e+002
  1.9209455e+002  4.0311827e+002
  1.9206215e+002  4.0413753e+002
  1.9202176e+002  4.0517682e+002
  1.9202753e+002  4.0604204e+002
  1.9204380e+002  4.0701081e+002
