  1.9745362e+002  4.0907861e+002
  1.9776709e+002  4.0995999e+002
  1.9860305e+002  4.1094844e+002
  1.9937031e+002  4.1196793e+002
  1.9957471e+002  4.1289528e+002
  2.0020912e+002  4.1400404e+002
  2.0036961e+002  4.1498578e+002
  2.0049535e+002  4.1594647e+002
  2.0059350e+002  4.1687483e+002
  2.0123093e+002  4.1794682e+002
  2.0139701e+002  4.1882276e+002
  2.0159959e+002  4.1968440e+002
  2.0241228e+002  4.2072590e+002
  2.0268959e+002  4.2157831e+002
  2.0372324e+002  4.2256266e+002
  2.0492108e+002  4.2353414e+002
  2.0611376e+002  4.2456114e+002
  2.0700549e+002  4.2576603e+002
  2.0773338e+002  4.2706168e+002
  2.0849775e+002  4.2828344e+002
  2.0871848e+002  4.2914181e+002
  2.0948768e+002  4.3016424e+002
  2.0968503e+002  4.3100303e+002
  2.1033689e+002  4.3204499e+002
  2.1044183e+002  4.3297351e+002
  2.1051463e+002  4.3391995e+002
  2.1112410e+002  4.3506648e+002
  2.1122757e+002  4.3599941e+002
  2.1135598e+002  4.3689490e+002
  2.1153391e+002  4.3775607e+002
  2.1244392e+002  4.3866162e+002
  2.1268926e+002  4.3943400e+002
  2.1340341e+002  4.3954862e+002
  2.1366211e+002  4.4033589e+002
  2.1435677e+002  4.4051780e+002
  2.1458131e+002  4.4138561e+002
  2.1524744e+002  4.4167284e+002
  2.1542815e+002  4.4262744e+002
  2.1556590e+002  4.4360755e+002
  2.1634382e+002  4.4484895e+002
  2.1650518e+002  4.4573109e+002
  2.1764341e+002  4.4652778e+002
  2.1862324e+002  4.4754645e+002
  2.1959524e+002  4.4861681e+002
  2.2056552e+002  4.4973141e+002
  2.2150526e+002  4.5077838e+002
  2.2243842e+002  4.5177056e+002
  2.2266228e+002  4.5252796e+002
  2.2362644e+002  4.5351624e+002
  2.2458547e+002  4.5456669e+002
  2.2560957e+002  4.5575988e+002
  2.2667082e+002  4.5669884e+002
  2.2774920e+002  4.5753906e+002
  2.2906947e+002  4.5879270e+002
  2.2982205e+002  4.5972563e+002
  2.3060776e+002  4.6083996e+002
  2.3148297e+002  4.6196072e+002
  2.3166920e+002  4.6276890e+002
  2.3261421e+002  4.6373147e+002
  2.3350420e+002  4.6470614e+002
  2.3432380e+002  4.6576763e+002
  2.3446888e+002  4.6655715e+002
  2.3463209e+002  4.6738164e+002
  2.3538521e+002  4.6759803e+002
  2.3606283e+002  4.6873996e+002
  2.3707804e+002  4.6935555e+002
  2.3789308e+002  4.6943999e+002
  2.3871514e+002  4.6957543e+002
  2.3977816e+002  4.7039671e+002
  2.4063986e+002  4.7056373e+002
  2.4161344e+002  4.7144666e+002
  2.4246225e+002  4.7158611e+002
  2.4250543e+002  4.7237023e+002
  2.4330249e+002  4.7257934e+002
  2.4335736e+002  4.7337414e+002
  2.4433208e+002  4.7446243e+002
  2.4554965e+002  4.7552559e+002
  2.4679029e+002  4.7651552e+002
  2.4793265e+002  4.7752955e+002
  2.4898242e+002  4.7857838e+002
  2.4999898e+002  4.7960064e+002
  2.5097757e+002  4.8060841e+002
  2.5194069e+002  4.8161695e+002
  2.5291999e+002  4.8258037e+002
  2.5396216e+002  4.8346472e+002
  2.5482553e+002  4.8361234e+002
  2.5585953e+002  4.8446785e+002
  2.5669368e+002  4.8464017e+002
  2.5768508e+002  4.8555696e+002
  2.5869625e+002  4.8644778e+002
  2.5958487e+002  4.8658551e+002
  2.6063628e+002  4.8747663e+002
  2.6148494e+002  4.8767738e+002
  2.6156743e+002  4.8849313e+002
  2.6235642e+002  4.8876227e+002
  2.6237546e+002  4.8964615e+002
  2.6237169e+002  4.9058537e+002
  2.6249113e+002  4.9149972e+002
  2.6344149e+002  4.9249293e+002
  2.6457543e+002  4.9331942e+002
  2.6550708e+002  4.9331922e+002
  2.6652826e+002  4.9336907e+002
  2.6758001e+002  4.9342977e+002
  2.6858934e+002  4.9361569e+002
  2.6952362e+002  4.9478298e+002
  2.7040891e+002  4.9594889e+002
  2.7051276e+002  4.9679610e+002
  2.7161593e+002  4.9757260e+002
  2.7281154e+002  4.9813963e+002
  2.7382591e+002  4.9805900e+002
  2.7482978e+002  4.9818210e+002
  2.7578909e+002  4.9841561e+002
  2.7671310e+002  4.9870357e+002
  2.7762366e+002  4.9969867e+002
  2.7850096e+002  5.0072373e+002
  2.7939146e+002  5.0175214e+002
  2.7953533e+002  5.0266728e+002
  2.8057392e+002  5.0376158e+002
  2.8165496e+002  5.0473231e+002
  2.8274543e+002  5.0564423e+002
  2.8382676e+002  5.0645667e+002
  2.8473970e+002  5.0652392e+002
  2.8596760e+002  5.0711936e+002
  2.8696784e+002  5.0711608e+002
  2.8797275e+002  5.0717372e+002
  2.8894993e+002  5.0729491e+002
  2.8990949e+002  5.0747525e+002
  2.9083412e+002  5.0767806e+002
  2.9191467e+002  5.0860540e+002
  2.9285746e+002  5.0958197e+002
  2.9377749e+002  5.1055388e+002
  2.9478935e+002  5.1142669e+002
  2.9571667e+002  5.1141814e+002
  2.9671960e+002  5.1131999e+002
  2.9777870e+002  5.1116356e+002
  2.9884715e+002  5.1105543e+002
  2.9984799e+002  5.1105975e+002
  3.0080451e+002  5.1115558e+002
  3.0177073e+002  5.1134190e+002
  3.0272808e+002  5.1149966e+002
  3.0369741e+002  5.1168283e+002
  3.0472998e+002  5.1250028e+002
  3.0581009e+002  5.1307530e+002
  3.0673098e+002  5.1326466e+002
  3.0761583e+002  5.1335529e+002
  3.0855324e+002  5.1342624e+002
  3.0951979e+002  5.1345688e+002
  3.1052683e+002  5.1355277e+002
  3.1164647e+002  5.1441275e+002
  3.1257341e+002  5.1469387e+002
  3.1352594e+002  5.1565431e+002
  3.1448718e+002  5.1651147e+002
  3.1458821e+002  5.1721230e+002
  3.1551309e+002  5.1725164e+002
  3.1645188e+002  5.1728712e+002
  3.1753538e+002  5.1806975e+002
  3.1850037e+002  5.1819346e+002
  3.1946798e+002  5.1828631e+002
  3.2041064e+002  5.1918690e+002
  3.2127635e+002  5.2013500e+002
  3.2222893e+002  5.2103435e+002
  3.2459087e+002  5.2161311e+002
  3.2590795e+002  5.2074739e+002
  3.2654740e+002  5.1961301e+002
  3.2743470e+002  5.1880902e+002
  3.2751826e+002  5.1804687e+002
  3.2925022e+002  5.1752281e+002
  3.3012050e+002  5.1772261e+002
  3.3095292e+002  5.1792487e+002
  3.3181751e+002  5.1818936e+002
  3.3269484e+002  5.1845482e+002
  3.3360207e+002  5.1871367e+002
  3.3454388e+002  5.1961469e+002
  3.3553666e+002  5.2042834e+002
  3.3652843e+002  5.2037533e+002
  3.3754239e+002  5.2029453e+002
  3.3911471e+002  5.2017477e+002
  3.4008247e+002  5.2015719e+002
  3.4110992e+002  5.2025338e+002
  3.4193395e+002  5.2039955e+002
  3.4305975e+002  5.2052622e+002
  3.4411766e+002  5.2119310e+002
  3.4514215e+002  5.2115162e+002
  3.4610163e+002  5.2108452e+002
  3.4700182e+002  5.2100655e+002
  3.4793182e+002  5.2101419e+002
  3.4890491e+002  5.2106093e+002
  3.4990464e+002  5.2115531e+002
  3.5093660e+002  5.2127213e+002
  3.5193480e+002  5.2141729e+002
  3.5290132e+002  5.2150419e+002
  3.5379544e+002  5.2229755e+002
  3.5470880e+002  5.2228331e+002
  3.5633508e+002  5.2216728e+002
  3.5721699e+002  5.2195629e+002
  3.5810725e+002  5.2179642e+002
  3.5902690e+002  5.2162254e+002
  3.5993440e+002  5.2147839e+002
  3.6090796e+002  5.2067862e+002
  3.6184741e+002  5.2060172e+002
  3.6278240e+002  5.2055872e+002
  3.6373460e+002  5.2052241e+002
  3.6468674e+002  5.2053353e+002
  3.6568104e+002  5.2051668e+002
  3.6669602e+002  5.2053466e+002
  3.6772710e+002  5.2058113e+002
  3.6874311e+002  5.2060283e+002
  3.6976341e+002  5.2058664e+002
  3.7076496e+002  5.2054170e+002
  3.7176914e+002  5.2048849e+002
  3.7276834e+002  5.1968965e+002
  3.7378267e+002  5.1967136e+002
  3.7482437e+002  5.1972746e+002
  3.7586536e+002  5.1970885e+002
  3.7684606e+002  5.1969528e+002
  3.7778732e+002  5.1965897e+002
  3.7870776e+002  5.1960996e+002
  3.7968106e+002  5.1953406e+002
  3.8069809e+002  5.1945205e+002
  3.8175411e+002  5.1859294e+002
  3.8277839e+002  5.1849246e+002
  3.8388474e+002  5.1771931e+002
  3.8486600e+002  5.1769344e+002
  3.8580451e+002  5.1765063e+002
  3.8672202e+002  5.1752539e+002
  3.8761913e+002  5.1737785e+002
  3.8855910e+002  5.1640336e+002
  3.8949739e+002  5.1526417e+002
  3.8967804e+002  5.1428271e+002
  3.9055851e+002  5.1343074e+002
  3.9141762e+002  5.1252723e+002
  3.9279022e+002  5.1116087e+002
  3.9386982e+002  5.1041829e+002
  3.9508919e+002  5.0985568e+002
  3.9607659e+002  5.0996526e+002
  3.9704230e+002  5.1001764e+002
  3.9760514e+002  5.0969501e+002
  3.9851447e+002  5.0960620e+002
  3.9943313e+002  5.0950666e+002
  4.0045061e+002  5.0859081e+002
  4.0147463e+002  5.0762205e+002
  4.0253969e+002  5.0654154e+002
  4.0338391e+002  5.0625490e+002
  4.0355164e+002  5.0541265e+002
  4.0453913e+002  5.0433177e+002
  4.0556306e+002  5.0339387e+002
  4.0669838e+002  5.0254207e+002
  4.0768536e+002  5.0245215e+002
  4.0891452e+002  5.0172800e+002
  4.0979225e+002  5.0166940e+002
  4.1063099e+002  5.0152280e+002
  4.1149486e+002  5.0134745e+002
  4.1154857e+002  5.0046405e+002
  4.1250790e+002  4.9946923e+002
  4.1360312e+002  4.9859097e+002
  4.1451415e+002  4.9850613e+002
  4.1543836e+002  4.9835071e+002
  4.1566014e+002  4.9757772e+002
  4.1655054e+002  4.9738961e+002
  4.1757398e+002  4.9639717e+002
  4.1855800e+002  4.9539538e+002
  4.1984078e+002  4.9408503e+002
  4.2074814e+002  4.9311737e+002
  4.2153821e+002  4.9216117e+002
  4.2228549e+002  4.9113978e+002
  4.2237728e+002  4.9024520e+002
  4.2252326e+002  4.8937027e+002
  4.2351072e+002  4.8835480e+002
  4.2464394e+002  4.8741304e+002
  4.2588070e+002  4.8657548e+002
  4.2685175e+002  4.8642854e+002
  4.2780161e+002  4.8564384e+002
  4.2855352e+002  4.8564460e+002
  4.2931923e+002  4.8557376e+002
  4.3058966e+002  4.8405143e+002
  4.3127127e+002  4.8293967e+002
  4.3131535e+002  4.8200276e+002
  4.3134077e+002  4.8102312e+002
  4.3135334e+002  4.8003390e+002
  4.3136388e+002  4.7907189e+002
  4.3140133e+002  4.7815125e+002
  4.3153091e+002  4.7725912e+002
  4.3256410e+002  4.7632671e+002
  4.3356001e+002  4.7543133e+002
  4.3441815e+002  4.7435266e+002
  4.3448832e+002  4.7333302e+002
  4.3448189e+002  4.7228340e+002
  4.3444129e+002  4.7128185e+002
  4.3441365e+002  4.7030586e+002
  4.3441815e+002  4.6934001e+002
  4.3447417e+002  4.6837311e+002
  4.3459796e+002  4.6740600e+002
  4.3553399e+002  4.6648170e+002
  4.3659035e+002  4.6557368e+002
  4.3748628e+002  4.6541921e+002
  4.3779861e+002  4.6456324e+002
  4.3867882e+002  4.6439524e+002
  4.3971413e+002  4.6334764e+002
  4.4051010e+002  4.6220990e+002
  4.4121730e+002  4.6108486e+002
  4.4122220e+002  4.6006593e+002
  4.4119059e+002  4.5906642e+002
  4.4116748e+002  4.5802959e+002
  4.4114546e+002  4.5694875e+002
  4.4110091e+002  4.5585697e+002
  4.4110471e+002  4.5477099e+002
  4.4116950e+002  4.5374224e+002
  4.4130236e+002  4.5280514e+002
  4.4154707e+002  4.5192798e+002
  4.4250954e+002  4.5097312e+002
  4.4311439e+002  4.5006534e+002
  4.4321411e+002  4.4910398e+002
  4.4330225e+002  4.4813283e+002
  4.4335939e+002  4.4716496e+002
  4.4337791e+002  4.4619094e+002
  4.4338481e+002  4.4521405e+002
  4.4338164e+002  4.4423262e+002
  4.4334462e+002  4.4322935e+002
  4.4330873e+002  4.4218443e+002
  4.4328446e+002  4.4111877e+002
  4.4325601e+002  4.4003664e+002
  4.4320995e+002  4.3902443e+002
  4.4319754e+002  4.3802185e+002
  4.4324317e+002  4.3698162e+002
  4.4336172e+002  4.3594193e+002
  4.4346596e+002  4.3497731e+002
  4.4355226e+002  4.3402133e+002
  4.4422213e+002  4.3313356e+002
  4.4418239e+002  4.3218253e+002
  4.4410977e+002  4.3118439e+002
  4.4393888e+002  4.3000615e+002
  4.4378146e+002  4.2904106e+002
  4.4367125e+002  4.2807096e+002
  4.4360839e+002  4.2710478e+002
  4.4360990e+002  4.2612156e+002
  4.4362810e+002  4.2511470e+002
  4.4365256e+002  4.2407638e+002
  4.4365282e+002  4.2301710e+002
  4.4361871e+002  4.2195157e+002
  4.4353132e+002  4.2092512e+002
  4.4345930e+002  4.1993745e+002
  4.4288372e+002  4.1891340e+002
  4.4284548e+002  4.1794246e+002
  4.4283040e+002  4.1696812e+002
  4.4283093e+002  4.1598632e+002
  4.4286398e+002  4.1499326e+002
  4.4290494e+002  4.1400526e+002
  4.4294319e+002  4.1302352e+002
  4.4294967e+002  4.1204569e+002
  4.4290722e+002  4.1105830e+002
  4.4283453e+002  4.1007341e+002
  4.4277422e+002  4.0909602e+002
  4.4273671e+002  4.0814086e+002
  4.4272523e+002  4.0718663e+002
  4.4267647e+002  4.0620462e+002
  4.4261680e+002  4.0519089e+002
  4.4258292e+002  4.0414494e+002
  4.4260642e+002  4.0308882e+002
  4.4267301e+002  4.0190124e+002
  4.4270523e+002  4.0099983e+002
  4.4272906e+002  4.0006992e+002
  4.4270377e+002  3.9909450e+002
  4.4265959e+002  3.9806941e+002
  4.4258473e+002  3.9686353e+002
  4.4247235e+002  3.9592186e+002
  4.4191374e+002  3.9486755e+002
  4.4183308e+002  3.9390447e+002
  4.4177609e+002  3.9293204e+002
  4.4175924e+002  3.9197609e+002
  4.4174851e+002  3.9101430e+002
  4.4175063e+002  3.9005693e+002
  4.4176539e+002  3.8907919e+002
  4.4177437e+002  3.8794426e+002
  4.4179760e+002  3.8699666e+002
  4.4183438e+002  3.8602539e+002
  4.4184201e+002  3.8502833e+002
  4.4182422e+002  3.8383205e+002
  4.4172446e+002  3.8285430e+002
  4.4160399e+002  3.8190291e+002
  4.4148387e+002  3.8097209e+002
  4.4086274e+002  3.8003373e+002
  4.4080452e+002  3.7905213e+002
  4.4079941e+002  3.7802935e+002
  4.4081930e+002  3.7697323e+002
  4.4082678e+002  3.7592637e+002
  4.4076733e+002  3.7492118e+002
  4.4062918e+002  3.7394476e+002
  4.4044106e+002  3.7297900e+002
  4.3977304e+002  3.7191233e+002
  4.3963456e+002  3.7092454e+002
  4.3954457e+002  3.6995063e+002
  4.3948726e+002  3.6899156e+002
  4.3888002e+002  3.6796871e+002
  4.3883916e+002  3.6700120e+002
  4.3874945e+002  3.6603184e+002
  4.3861414e+002  3.6505410e+002
  4.3840305e+002  3.6407693e+002
  4.3767228e+002  3.6299331e+002
  4.3749808e+002  3.6201949e+002
  4.3680977e+002  3.6096941e+002
  4.3674423e+002  3.6000727e+002
  4.3668819e+002  3.5904576e+002
  4.3664333e+002  3.5808172e+002
  4.3659324e+002  3.5710011e+002
  4.3651218e+002  3.5612044e+002
  4.3639358e+002  3.5512585e+002
  4.3569027e+002  3.5394667e+002
  4.3546847e+002  3.5300987e+002
  4.3462947e+002  3.5194520e+002
  4.3442915e+002  3.5105201e+002
  4.3362552e+002  3.5002225e+002
  4.3347259e+002  3.4911612e+002
  4.3269842e+002  3.4802924e+002
  4.3248869e+002  3.4712758e+002
  4.3164675e+002  3.4602856e+002
  4.3141205e+002  3.4514041e+002
  4.3063017e+002  3.4398899e+002
  4.3044421e+002  3.4307361e+002
  4.2972302e+002  3.4192290e+002
  4.2952485e+002  3.4101448e+002
  4.2931095e+002  3.4011396e+002
  4.2852281e+002  3.3900182e+002
  4.2824934e+002  3.3815104e+002
  4.2743886e+002  3.3705059e+002
  4.2664722e+002  3.3594761e+002
  4.2645231e+002  3.3505944e+002
  4.2567298e+002  3.3398527e+002
  4.2544013e+002  3.3313494e+002
  4.2460907e+002  3.3212972e+002
  4.2439206e+002  3.3129119e+002
  4.2362274e+002  3.3025052e+002
  4.2343182e+002  3.2940386e+002
  4.2259010e+002  3.2836080e+002
  4.2233897e+002  3.2754630e+002
  4.2160072e+002  3.2731364e+002
  4.2126956e+002  3.2654455e+002
  4.2046586e+002  3.2633805e+002
  4.1930014e+002  3.2542997e+002
  4.1812651e+002  3.2435696e+002
  4.1724391e+002  3.2311142e+002
  4.1662152e+002  3.2180749e+002
  4.1659261e+002  3.2090785e+002
  4.1645513e+002  3.2002229e+002
  4.1538069e+002  3.1914514e+002
  4.1456409e+002  3.1806013e+002
  4.1440882e+002  3.1729249e+002
  4.1353752e+002  3.1623609e+002
  4.1331820e+002  3.1544468e+002
  4.1235721e+002  3.1439639e+002
  4.1116258e+002  3.1334671e+002
  4.1015905e+002  3.1258551e+002
  4.0939916e+002  3.1241309e+002
  4.0846331e+002  3.1147429e+002
  4.0741117e+002  3.1022750e+002
  4.0656466e+002  3.0916560e+002
  4.0638072e+002  3.0835865e+002
  4.0557894e+002  3.0719122e+002
  4.0540207e+002  3.0633579e+002
  4.0449141e+002  3.0523112e+002
  4.0349676e+002  3.0422140e+002
  4.0252067e+002  3.0322071e+002
  4.0224324e+002  3.0252744e+002
  4.0120001e+002  3.0190323e+002
  4.0025065e+002  3.0095233e+002
  3.9932661e+002  2.9999963e+002
  3.9835721e+002  2.9911139e+002
  3.9730334e+002  2.9829911e+002
  3.9618196e+002  2.9750881e+002
  3.9536419e+002  2.9737661e+002
  3.9426608e+002  2.9650468e+002
  3.9354083e+002  2.9624341e+002
  3.9326426e+002  2.9547392e+002
  3.9192975e+002  2.9402368e+002
  3.9103474e+002  2.9307953e+002
  3.9019396e+002  2.9216212e+002
  3.8935725e+002  2.9120434e+002
  3.8848844e+002  2.9023967e+002
  3.8761761e+002  2.8922837e+002
  3.8736816e+002  2.8842718e+002
  3.8650270e+002  2.8737936e+002
  3.8630298e+002  2.8658295e+002
  3.8537361e+002  2.8605541e+002
  3.8453987e+002  2.8505707e+002
  3.8434879e+002  2.8423401e+002
  3.8330375e+002  2.8335807e+002
  3.8211305e+002  2.8254225e+002
  3.8128476e+002  2.8239665e+002
  3.8014598e+002  2.8140218e+002
  3.7906691e+002  2.8039017e+002
  3.7799452e+002  2.7946755e+002
  3.7693797e+002  2.7856518e+002
  3.7613915e+002  2.7833879e+002
  3.7507676e+002  2.7745795e+002
  3.7403209e+002  2.7655175e+002
  3.7323769e+002  2.7632947e+002
  3.7226157e+002  2.7537584e+002
  3.7130500e+002  2.7441936e+002
  3.7031664e+002  2.7349341e+002
  3.6922428e+002  2.7263532e+002
  3.6832673e+002  2.7238640e+002
  3.6720162e+002  2.7146860e+002
  3.6611171e+002  2.7049173e+002
  3.6508471e+002  2.6946798e+002
  3.6413589e+002  2.6839475e+002
  3.6320140e+002  2.6732424e+002
  3.6218979e+002  2.6636833e+002
  3.6107176e+002  2.6553649e+002
  3.6019900e+002  2.6541297e+002
  3.5896633e+002  2.6469328e+002
  3.5807515e+002  2.6452328e+002
  3.5723089e+002  2.6429869e+002
  3.5619333e+002  2.6330208e+002
  3.5521300e+002  2.6229289e+002
  3.5420130e+002  2.6131171e+002
  3.5315180e+002  2.6043303e+002
  3.5211041e+002  2.5954369e+002
  3.5128017e+002  2.5931004e+002
  3.5024146e+002  2.5842092e+002
  3.4912474e+002  2.5764644e+002
  3.4820541e+002  2.5753308e+002
  3.4729378e+002  2.5743284e+002
  3.4612409e+002  2.5664633e+002
  3.4527104e+002  2.5645245e+002
  3.4422497e+002  2.5553729e+002
  3.4340737e+002  2.5532180e+002
  3.4236567e+002  2.5450340e+002
  3.4150832e+002  2.5428657e+002
  3.4128727e+002  2.5370011e+002
  3.4035727e+002  2.5351085e+002
  3.3937740e+002  2.5333389e+002
  3.3809370e+002  2.5262841e+002
  3.3712703e+002  2.5244490e+002
  3.3600996e+002  2.5156488e+002
  3.3515214e+002  2.5128283e+002
  3.3408636e+002  2.5035105e+002
  3.3303479e+002  2.4947399e+002
  3.3198699e+002  2.4864280e+002
  3.3110504e+002  2.4842532e+002
  3.2999305e+002  2.4765163e+002
  3.2909691e+002  2.4745326e+002
  3.2802750e+002  2.4677649e+002
  3.2709596e+002  2.4663858e+002
  3.2613813e+002  2.4655914e+002
  3.2514875e+002  2.4648631e+002
  3.2397877e+002  2.4595202e+002
  3.2295657e+002  2.4592762e+002
  3.2195936e+002  2.4588055e+002
  3.2098818e+002  2.4578911e+002
  3.2003293e+002  2.4562446e+002
  3.1907774e+002  2.4542655e+002
  3.1800374e+002  2.4480240e+002
  3.1702046e+002  2.4462462e+002
  3.1604206e+002  2.4444652e+002
  3.1494862e+002  2.4382089e+002
  3.1400675e+002  2.4364907e+002
  3.1305760e+002  2.4346729e+002
  3.1200532e+002  2.4278401e+002
  3.1102723e+002  2.4262031e+002
  3.1003033e+002  2.4248098e+002
  3.0897147e+002  2.4187094e+002
  3.0796325e+002  2.4179296e+002
  3.0693715e+002  2.4173818e+002
  3.0589466e+002  2.4172517e+002
  3.0486736e+002  2.4170100e+002
  3.0386011e+002  2.4164882e+002
  3.0288047e+002  2.4158611e+002
  3.0192089e+002  2.4151219e+002
  3.0096461e+002  2.4142912e+002
  2.9985437e+002  2.4089323e+002
  2.9888829e+002  2.4078094e+002
  2.9804947e+002  2.4076723e+002
  2.9706527e+002  2.4063977e+002
  2.9608279e+002  2.4049779e+002
  2.9509926e+002  2.3998284e+002
  2.9412822e+002  2.3989485e+002
  2.9311004e+002  2.3980275e+002
  2.9205674e+002  2.3980575e+002
  2.9075871e+002  2.3988178e+002
  2.8980591e+002  2.4004586e+002
  2.8885200e+002  2.4015439e+002
  2.8793642e+002  2.4021494e+002
  2.8699684e+002  2.4021324e+002
  2.8605511e+002  2.4018304e+002
  2.8481334e+002  2.4016796e+002
  2.8384496e+002  2.4011380e+002
  2.8291345e+002  2.4005153e+002
  2.8202962e+002  2.3994985e+002
  2.8113924e+002  2.3982478e+002
  2.8021669e+002  2.3973773e+002
  2.7923657e+002  2.3969112e+002
  2.7818886e+002  2.3973534e+002
  2.7651214e+002  2.3987723e+002
  2.7559541e+002  2.4016274e+002
  2.7472769e+002  2.4043908e+002
  2.7386909e+002  2.4065567e+002
  2.7297953e+002  2.4122417e+002
  2.7202773e+002  2.4123784e+002
  2.7102368e+002  2.4119197e+002
  2.6997838e+002  2.4113513e+002
  2.6879471e+002  2.4111045e+002
  2.6780560e+002  2.4111955e+002
  2.6684045e+002  2.4116784e+002
  2.6584981e+002  2.4125232e+002
  2.6488575e+002  2.4136942e+002
  2.6394294e+002  2.4149623e+002
  2.6299941e+002  2.4163188e+002
  2.6197304e+002  2.4219137e+002
  2.6099183e+002  2.4231263e+002
  2.6000523e+002  2.4245625e+002
  2.5903834e+002  2.4263782e+002
  2.5805971e+002  2.4339721e+002
  2.5714151e+002  2.4365401e+002
  2.5614126e+002  2.4444573e+002
  2.5520346e+002  2.4462198e+002
  2.5412342e+002  2.4521951e+002
  2.5311250e+002  2.4531616e+002
  2.5207667e+002  2.4545003e+002
  2.5102344e+002  2.4554120e+002
  2.4983750e+002  2.4605337e+002
  2.4880363e+002  2.4615587e+002
  2.4784125e+002  2.4629833e+002
  2.4694755e+002  2.4657086e+002
  2.4601874e+002  2.4738236e+002
  2.4513677e+002  2.4766538e+002
  2.4403101e+002  2.4832166e+002
  2.4305274e+002  2.4845015e+002
  2.4206978e+002  2.4853702e+002
  2.4087619e+002  2.4911729e+002
  2.3992679e+002  2.4925707e+002
  2.3900164e+002  2.4944046e+002
  2.3808942e+002  2.4964494e+002
  2.3712605e+002  2.5044126e+002
  2.3626006e+002  2.5061566e+002
  2.3527122e+002  2.5137194e+002
  2.3439077e+002  2.5152014e+002
  2.3326147e+002  2.5222143e+002
  2.3231201e+002  2.5237661e+002
  2.3132058e+002  2.5259680e+002
  2.3016217e+002  2.5340356e+002
  2.2921554e+002  2.5372449e+002
  2.2813981e+002  2.5464056e+002
  2.2709596e+002  2.5551025e+002
  2.2599748e+002  2.5625276e+002
  2.2509264e+002  2.5643487e+002
  2.2422597e+002  2.5666538e+002
  2.2312970e+002  2.5753774e+002
  2.2207143e+002  2.5849383e+002
  2.2125202e+002  2.5883144e+002
  2.2027079e+002  2.5985015e+002
  2.1933349e+002  2.6088768e+002
  2.1840529e+002  2.6186958e+002
  2.1735860e+002  2.6273104e+002
  2.1621691e+002  2.6350608e+002
  2.1506458e+002  2.6421361e+002
  2.1416842e+002  2.6440667e+002
  2.1327464e+002  2.6463651e+002
  2.1220915e+002  2.6552443e+002
  2.1119447e+002  2.6647328e+002
  2.1044047e+002  2.6685392e+002
  2.0949895e+002  2.6784275e+002
  2.0850919e+002  2.6880971e+002
  2.0829556e+002  2.6945402e+002
  2.0748885e+002  2.6974837e+002
  2.0653710e+002  2.7068768e+002
  2.0640488e+002  2.7140736e+002
  2.0564640e+002  2.7164698e+002
  2.0545779e+002  2.7242283e+002
  2.0495793e+002  2.7272771e+002
  2.0475938e+002  2.7324647e+002
  2.0291429e+002  2.7487559e+002
  2.0193003e+002  2.7562848e+002
  2.0104578e+002  2.7651698e+002
  2.0021632e+002  2.7755760e+002
  1.9928003e+002  2.7849019e+002
  1.9855010e+002  2.7869967e+002
  1.9823077e+002  2.7933104e+002
  1.9751386e+002  2.7959456e+002
  1.9726418e+002  2.8027431e+002
  1.9622697e+002  2.8114781e+002
  1.9562232e+002  2.8223083e+002
  1.9545546e+002  2.8303431e+002
  1.9473110e+002  2.8409478e+002
  1.9453632e+002  2.8487802e+002
  1.9437874e+002  2.8565117e+002
  1.9357474e+002  2.8679132e+002
  1.9335770e+002  2.8762635e+002
  1.9225774e+002  2.8866935e+002
  1.9107636e+002  2.8959039e+002
  1.9012967e+002  2.9060487e+002
  1.8948021e+002  2.9189077e+002
  1.8904231e+002  2.9327025e+002
  1.8901253e+002  2.9431308e+002
  1.8907953e+002  2.9537986e+002
  1.8911453e+002  2.9646437e+002
  1.8915209e+002  2.9748878e+002
  1.8903398e+002  2.9846783e+002
  1.8880316e+002  2.9934389e+002
  1.8847220e+002  3.0020658e+002
  1.8766708e+002  3.0121539e+002
  1.8768487e+002  3.0174257e+002
  1.8750868e+002  3.0250348e+002
  1.8768115e+002  3.0324470e+002
  1.8747540e+002  3.0385513e+002
  1.8637989e+002  3.0491543e+002
  1.8581864e+002  3.0599017e+002
  1.8564590e+002  3.0695518e+002
  1.8550834e+002  3.0797037e+002
  1.8539633e+002  3.0901297e+002
  1.8499579e+002  3.1013049e+002
  1.8493706e+002  3.1120832e+002
  1.8484273e+002  3.1225963e+002
  1.8467783e+002  3.1328462e+002
  1.8448641e+002  3.1421808e+002
  1.8391579e+002  3.1514379e+002
  1.8370718e+002  3.1601999e+002
  1.8351911e+002  3.1692472e+002
  1.8335687e+002  3.1784945e+002
  1.8287088e+002  3.1887472e+002
  1.8279700e+002  3.1983164e+002
  1.8272713e+002  3.2082099e+002
  1.8267291e+002  3.2185677e+002
  1.8271164e+002  3.2324342e+002
  1.8273899e+002  3.2412709e+002
  1.8271731e+002  3.2503206e+002
  1.8262260e+002  3.2596908e+002
  1.8242702e+002  3.2693804e+002
  1.8181263e+002  3.2829749e+002
  1.8170417e+002  3.2915135e+002
  1.8164834e+002  3.3002884e+002
  1.8161823e+002  3.3095521e+002
  1.8159666e+002  3.3193453e+002
  1.8156955e+002  3.3294637e+002
  1.8157929e+002  3.3394048e+002
  1.8166491e+002  3.3511832e+002
  1.8171527e+002  3.3606664e+002
  1.8165779e+002  3.3705213e+002
  1.8145562e+002  3.3804492e+002
  1.8079020e+002  3.3909131e+002
  1.8062729e+002  3.4002100e+002
  1.8053508e+002  3.4093631e+002
  1.8053175e+002  3.4187667e+002
  1.8054211e+002  3.4288787e+002
  1.8060538e+002  3.4436187e+002
  1.8082861e+002  3.4534746e+002
  1.8098337e+002  3.4626713e+002
  1.8107210e+002  3.4715917e+002
  1.8110493e+002  3.4808024e+002
  1.8107195e+002  3.4906640e+002
  1.8097518e+002  3.5009352e+002
  1.8083509e+002  3.5111993e+002
  1.8073769e+002  3.5235676e+002
  1.8066023e+002  3.5327258e+002
  1.8057707e+002  3.5412375e+002
  1.8053447e+002  3.5496213e+002
  1.8046996e+002  3.5587227e+002
  1.8016526e+002  3.5736867e+002
  1.8025484e+002  3.5839343e+002
  1.8038430e+002  3.5937973e+002
  1.8061336e+002  3.6029942e+002
  1.8129027e+002  3.6118995e+002
  1.8152508e+002  3.6212792e+002
  1.8207061e+002  3.6305499e+002
  1.8203669e+002  3.6410200e+002
  1.8199547e+002  3.6518206e+002
  1.8196318e+002  3.6622495e+002
  1.8203146e+002  3.6719538e+002
  1.8214824e+002  3.6814234e+002
  1.8232106e+002  3.6906743e+002
  1.8252991e+002  3.6999150e+002
  1.8327701e+002  3.7101111e+002
  1.8349246e+002  3.7192576e+002
  1.8367141e+002  3.7285236e+002
  1.8431185e+002  3.7380588e+002
  1.8432369e+002  3.7477683e+002
  1.8438309e+002  3.7575303e+002
  1.8454169e+002  3.7672454e+002
  1.8531050e+002  3.7772710e+002
  1.8566403e+002  3.7878755e+002
  1.8651982e+002  3.7991217e+002
  1.8721765e+002  3.8103532e+002
  1.8732675e+002  3.8211204e+002
  1.8731449e+002  3.8314365e+002
  1.8730661e+002  3.8415272e+002
  1.8737596e+002  3.8513332e+002
  1.8757255e+002  3.8609771e+002
  1.8829853e+002  3.8716830e+002
  1.8862533e+002  3.8807348e+002
  1.8944843e+002  3.8901335e+002
  1.8965132e+002  3.8992317e+002
  1.9035497e+002  3.9089549e+002
  1.9045811e+002  3.9180267e+002
  1.9055059e+002  3.9270701e+002
  1.9121191e+002  3.9372851e+002
  1.9133947e+002  3.9468074e+002
  1.9153641e+002  3.9565832e+002
  1.9229802e+002  3.9676562e+002
  1.9252099e+002  3.9778855e+002
  1.9339177e+002  3.9886497e+002
  1.9366712e+002  3.9981156e+002
  1.9450352e+002  4.0082578e+002
  1.9526092e+002  4.0191677e+002
  1.9541983e+002  4.0289527e+002
  1.9555334e+002  4.0387522e+002
  1.9612786e+002  4.0503955e+002
  1.9625288e+002  4.0607138e+002
  1.9641337e+002  4.0707956e+002
