  1.9360404e+002  4.0905951e+002
  1.9445350e+002  4.1011517e+002
  1.9481535e+002  4.1101378e+002
  1.9566935e+002  4.1200832e+002
  1.9651180e+002  4.1303723e+002
  1.9731739e+002  4.1411399e+002
  1.9755642e+002  4.1502058e+002
  1.9827578e+002  4.1614577e+002
  1.9843103e+002  4.1702885e+002
  1.9860900e+002  4.1787063e+002
  1.9935754e+002  4.1891943e+002
  1.9952658e+002  4.1977496e+002
  2.0016688e+002  4.2087806e+002
  2.0031059e+002  4.2178986e+002
  2.0046561e+002  4.2271500e+002
  2.0059033e+002  4.2364230e+002
  2.0132325e+002  4.2474515e+002
  2.0136746e+002  4.2563740e+002
  2.0138481e+002  4.2644036e+002
  2.0149513e+002  4.2710027e+002
  2.0193524e+002  4.2752117e+002
  2.0276188e+002  4.2811752e+002
  2.0360506e+002  4.2852782e+002
  2.0480546e+002  4.2974133e+002
  2.0566029e+002  4.3064895e+002
  2.0694952e+002  4.3215673e+002
  2.0757906e+002  4.3330926e+002
  2.0811065e+002  4.3441524e+002
  2.0824266e+002  4.3532380e+002
  2.0832208e+002  4.3622055e+002
  2.0839354e+002  4.3713019e+002
  2.0844525e+002  4.3807058e+002
  2.0851216e+002  4.3903016e+002
  2.0916164e+002  4.4014381e+002
  2.0933028e+002  4.4104530e+002
  2.0954405e+002  4.4189239e+002
  2.1047663e+002  4.4283288e+002
  2.1074047e+002  4.4361494e+002
  2.1159956e+002  4.4461366e+002
  2.1234050e+002  4.4572132e+002
  2.1249890e+002  4.4663251e+002
  2.1269897e+002  4.4752411e+002
  2.1356878e+002  4.4870136e+002
  2.1454425e+002  4.4972866e+002
  2.1554541e+002  4.5065551e+002
  2.1654762e+002  4.5154959e+002
  2.1756042e+002  4.5252257e+002
  2.1860659e+002  4.5358881e+002
  2.1969833e+002  4.5466650e+002
  2.2068952e+002  4.5576113e+002
  2.2160501e+002  4.5682330e+002
  2.2254663e+002  4.5782275e+002
  2.2350183e+002  4.5887176e+002
  2.2437046e+002  4.5997121e+002
  2.2454379e+002  4.6081594e+002
  2.2547176e+002  4.6185898e+002
  2.2572841e+002  4.6266481e+002
  2.2682994e+002  4.6359455e+002
  2.2802523e+002  4.6468913e+002
  2.2892702e+002  4.6558996e+002
  2.2990348e+002  4.6647002e+002
  2.3070150e+002  4.6668605e+002
  2.3169860e+002  4.6763940e+002
  2.3270933e+002  4.6859398e+002
  2.3376539e+002  4.6949504e+002
  2.3457037e+002  4.6971549e+002
  2.3561556e+002  4.7062816e+002
  2.3671795e+002  4.7159657e+002
  2.3790922e+002  4.7270506e+002
  2.3872571e+002  4.7370732e+002
  2.3947043e+002  4.7471539e+002
  2.3949571e+002  4.7549858e+002
  2.4038209e+002  4.7646583e+002
  2.4138857e+002  4.7738786e+002
  2.4286831e+002  4.7886830e+002
  2.4379411e+002  4.7974470e+002
  2.4486054e+002  4.8047802e+002
  2.4572523e+002  4.8058367e+002
  2.4677432e+002  4.8135289e+002
  2.4762621e+002  4.8153179e+002
  2.4865295e+002  4.8246966e+002
  2.4949650e+002  4.8274342e+002
  2.4968297e+002  4.8348209e+002
  2.5050109e+002  4.8378948e+002
  2.5158062e+002  4.8483615e+002
  2.5274892e+002  4.8583390e+002
  2.5385706e+002  4.8675591e+002
  2.5488605e+002  4.8762303e+002
  2.5588096e+002  4.8846380e+002
  2.5665151e+002  4.8864217e+002
  2.5767728e+002  4.8955224e+002
  2.5873220e+002  4.9049999e+002
  2.5956064e+002  4.9075227e+002
  2.6058308e+002  4.9186450e+002
  2.6145333e+002  4.9287706e+002
  2.6160182e+002  4.9365704e+002
  2.6264589e+002  4.9449607e+002
  2.6354446e+002  4.9466594e+002
  2.6467111e+002  4.9545776e+002
  2.6550843e+002  4.9559114e+002
  2.6666946e+002  4.9647832e+002
  2.6777971e+002  4.9643888e+002
  2.6872704e+002  4.9662875e+002
  2.6972813e+002  4.9750370e+002
  2.7075380e+002  4.9831306e+002
  2.7169727e+002  4.9830225e+002
  2.7262750e+002  4.9830271e+002
  2.7355767e+002  4.9840647e+002
  2.7450262e+002  4.9866787e+002
  2.7546300e+002  4.9967803e+002
  2.7555364e+002  5.0039088e+002
  2.7648071e+002  5.0072735e+002
  2.7660798e+002  5.0148248e+002
  2.7751252e+002  5.0185023e+002
  2.7845119e+002  5.0293094e+002
  2.7854753e+002  5.0369628e+002
  2.7962740e+002  5.0495799e+002
  2.8076398e+002  5.0584209e+002
  2.8187084e+002  5.0667234e+002
  2.8295371e+002  5.0739345e+002
  2.8385014e+002  5.0738569e+002
  2.8477266e+002  5.0741323e+002
  2.8572205e+002  5.0745234e+002
  2.8673105e+002  5.0747708e+002
  2.8774069e+002  5.0751616e+002
  2.8890040e+002  5.0819662e+002
  2.8985284e+002  5.0829053e+002
  2.9076355e+002  5.0844793e+002
  2.9163542e+002  5.0867398e+002
  2.9262698e+002  5.0957122e+002
  2.9369163e+002  5.1045072e+002
  2.9465122e+002  5.1052447e+002
  2.9577308e+002  5.1129178e+002
  2.9674949e+002  5.1125040e+002
  2.9774408e+002  5.1120790e+002
  2.9873014e+002  5.1123298e+002
  2.9970266e+002  5.1134499e+002
  3.0068894e+002  5.1158760e+002
  3.0169452e+002  5.1245098e+002
  3.0267687e+002  5.1273776e+002
  3.0373141e+002  5.1353059e+002
  3.0483536e+002  5.1418305e+002
  3.0586689e+002  5.1401382e+002
  3.0686204e+002  5.1384982e+002
  3.0786977e+002  5.1378369e+002
  3.0889307e+002  5.1387222e+002
  3.0988827e+002  5.1406694e+002
  3.1085919e+002  5.1432673e+002
  3.1177651e+002  5.1462294e+002
  3.1273301e+002  5.1560212e+002
  3.1372386e+002  5.1659558e+002
  3.1474776e+002  5.1753481e+002
  3.1577428e+002  5.1836008e+002
  3.1672683e+002  5.1831105e+002
  3.1766781e+002  5.1826152e+002
  3.1860734e+002  5.1824470e+002
  3.1956921e+002  5.1823716e+002
  3.2047693e+002  5.1820319e+002
  3.2134063e+002  5.1916294e+002
  3.2228796e+002  5.1912750e+002
  3.2332557e+002  5.1987822e+002
  3.2507296e+002  5.1958238e+002
  3.2601417e+002  5.1936836e+002
  3.2675050e+002  5.1808978e+002
  3.2763122e+002  5.1725679e+002
  3.2924356e+002  5.1671859e+002
  3.3012087e+002  5.1688570e+002
  3.3096153e+002  5.1711420e+002
  3.3178536e+002  5.1737053e+002
  3.3265244e+002  5.1757805e+002
  3.3355580e+002  5.1841796e+002
  3.3442072e+002  5.1853447e+002
  3.3446429e+002  5.1925974e+002
  3.3533122e+002  5.1936338e+002
  3.3623385e+002  5.1946495e+002
  3.3720796e+002  5.1954335e+002
  3.3732278e+002  5.2033840e+002
  3.3923511e+002  5.2016592e+002
  3.4008742e+002  5.1998413e+002
  3.4095506e+002  5.1983736e+002
  3.4181964e+002  5.1977624e+002
  3.4270887e+002  5.1981031e+002
  3.4360487e+002  5.1988838e+002
  3.4453176e+002  5.1999013e+002
  3.4636375e+002  5.1996817e+002
  3.4723532e+002  5.1999287e+002
  3.4809043e+002  5.2003713e+002
  3.4894873e+002  5.2012428e+002
  3.4981572e+002  5.2017401e+002
  3.5072475e+002  5.2026954e+002
  3.5169054e+002  5.2038929e+002
  3.5271054e+002  5.2051976e+002
  3.5381008e+002  5.2133679e+002
  3.5478216e+002  5.2136471e+002
  3.5622451e+002  5.2124987e+002
  3.5707510e+002  5.2100244e+002
  3.5797271e+002  5.2081930e+002
  3.5889935e+002  5.2070511e+002
  3.5985420e+002  5.2067127e+002
  3.6080758e+002  5.2067679e+002
  3.6176701e+002  5.2067813e+002
  3.6276973e+002  5.2074572e+002
  3.6377432e+002  5.2081069e+002
  3.6478359e+002  5.2084378e+002
  3.6578071e+002  5.2079893e+002
  3.6676493e+002  5.2070335e+002
  3.6772749e+002  5.2056009e+002
  3.6870246e+002  5.2041111e+002
  3.6970514e+002  5.1963929e+002
  3.7070434e+002  5.1968707e+002
  3.7176746e+002  5.1976677e+002
  3.7284555e+002  5.1993753e+002
  3.7427087e+002  5.2003476e+002
  3.7516919e+002  5.2009154e+002
  3.7608376e+002  5.2011630e+002
  3.7699785e+002  5.2010560e+002
  3.7790095e+002  5.2010083e+002
  3.7916775e+002  5.2007682e+002
  3.8016715e+002  5.2001461e+002
  3.8114796e+002  5.1995650e+002
  3.8206061e+002  5.1982094e+002
  3.8294751e+002  5.1963894e+002
  3.8381098e+002  5.1942942e+002
  3.8480873e+002  5.1857622e+002
  3.8574123e+002  5.1848320e+002
  3.8682674e+002  5.1779303e+002
  3.8779321e+002  5.1774857e+002
  3.8873497e+002  5.1766275e+002
  3.8968532e+002  5.1754760e+002
  3.9059828e+002  5.1739589e+002
  3.9165628e+002  5.1647228e+002
  3.9260007e+002  5.1543174e+002
  3.9347713e+002  5.1435874e+002
  3.9356971e+002  5.1347938e+002
  3.9466472e+002  5.1247536e+002
  3.9581631e+002  5.1161648e+002
  3.9675480e+002  5.1153758e+002
  3.9772842e+002  5.1152546e+002
  3.9871084e+002  5.1150197e+002
  3.9969893e+002  5.1146440e+002
  4.0082777e+002  5.1068573e+002
  4.0140744e+002  5.1036910e+002
  4.0156503e+002  5.0959057e+002
  4.0245679e+002  5.0944267e+002
  4.0262142e+002  5.0864360e+002
  4.0348122e+002  5.0847123e+002
  4.0362556e+002  5.0764930e+002
  4.0446776e+002  5.0744056e+002
  4.0458862e+002  5.0657936e+002
  4.0553875e+002  5.0622597e+002
  4.0645563e+002  5.0520764e+002
  4.0669551e+002  5.0437446e+002
  4.0779817e+002  5.0344203e+002
  4.0889838e+002  5.0262655e+002
  4.0980860e+002  5.0253186e+002
  4.1070783e+002  5.0247440e+002
  4.1179746e+002  5.0164667e+002
  4.1263172e+002  5.0161193e+002
  4.1350126e+002  5.0160630e+002
  4.1437756e+002  5.0154682e+002
  4.1533160e+002  5.0052420e+002
  4.1661426e+002  4.9896505e+002
  4.1739888e+002  4.9790603e+002
  4.1750579e+002  4.9701684e+002
  4.1837151e+002  4.9605082e+002
  4.1857260e+002  4.9522725e+002
  4.1958097e+002  4.9430238e+002
  4.2063099e+002  4.9331314e+002
  4.2158512e+002  4.9223898e+002
  4.2239145e+002  4.9113173e+002
  4.2252549e+002  4.9016973e+002
  4.2338007e+002  4.8913686e+002
  4.2355180e+002  4.8826841e+002
  4.2449293e+002  4.8727121e+002
  4.2462665e+002  4.8636100e+002
  4.2555619e+002  4.8533205e+002
  4.2657654e+002  4.8434482e+002
  4.2763030e+002  4.8337005e+002
  4.2855843e+002  4.8232211e+002
  4.2929280e+002  4.8114236e+002
  4.2929300e+002  4.8013573e+002
  4.2937470e+002  4.7917656e+002
  4.2958607e+002  4.7824870e+002
  4.3062036e+002  4.7719383e+002
  4.3160063e+002  4.7614579e+002
  4.3252965e+002  4.7510139e+002
  4.3346000e+002  4.7414901e+002
  4.3356848e+002  4.7324574e+002
  4.3430352e+002  4.7224831e+002
  4.3429634e+002  4.7128623e+002
  4.3423708e+002  4.7029226e+002
  4.3422807e+002  4.6930351e+002
  4.3424738e+002  4.6832753e+002
  4.3431713e+002  4.6735099e+002
  4.3445487e+002  4.6637586e+002
  4.3465702e+002  4.6538478e+002
  4.3569878e+002  4.6440396e+002
  4.3676052e+002  4.6352125e+002
  4.3766248e+002  4.6360657e+002
  4.3850659e+002  4.6361167e+002
  4.3933979e+002  4.6352301e+002
  4.4017197e+002  4.6235528e+002
  4.4009950e+002  4.6127281e+002
  4.3988427e+002  4.6017578e+002
  4.3961233e+002  4.5876486e+002
  4.3952856e+002  4.5794164e+002
  4.3952241e+002  4.5703551e+002
  4.3963996e+002  4.5608385e+002
  4.3977536e+002  4.5469538e+002
  4.4002390e+002  4.5375975e+002
  4.4023066e+002  4.5285431e+002
  4.4013870e+002  4.5207373e+002
  4.4032595e+002  4.5115615e+002
  4.4050606e+002  4.5021401e+002
  4.4134748e+002  4.4916306e+002
  4.4151846e+002  4.4819802e+002
  4.4232544e+002  4.4715058e+002
  4.4244664e+002  4.4621993e+002
  4.4253558e+002  4.4528804e+002
  4.4320348e+002  4.4427124e+002
  4.4321476e+002  4.4326459e+002
  4.4314471e+002  4.4187286e+002
  4.4300730e+002  4.4097651e+002
  4.4286732e+002  4.4005912e+002
  4.4276415e+002  4.3908323e+002
  4.4274438e+002  4.3809320e+002
  4.4280310e+002  4.3696906e+002
  4.4290992e+002  4.3601015e+002
  4.4299081e+002  4.3502915e+002
  4.4307313e+002  4.3404600e+002
  4.4311634e+002  4.3307326e+002
  4.4314828e+002  4.3209097e+002
  4.4315555e+002  4.3109104e+002
  4.4311422e+002  4.3005922e+002
  4.4305631e+002  4.2901203e+002
  4.4300924e+002  4.2798822e+002
  4.4299310e+002  4.2698505e+002
  4.4301646e+002  4.2601517e+002
  4.4306696e+002  4.2505826e+002
  4.4311688e+002  4.2405769e+002
  4.4312869e+002  4.2302344e+002
  4.4310196e+002  4.2187800e+002
  4.4302810e+002  4.2091532e+002
  4.4295986e+002  4.1996772e+002
  4.4290569e+002  4.1900668e+002
  4.4289226e+002  4.1802160e+002
  4.4290708e+002  4.1701854e+002
  4.4299330e+002  4.1600462e+002
  4.4306125e+002  4.1498748e+002
  4.4315708e+002  4.1405758e+002
  4.4322495e+002  4.1310227e+002
  4.4323635e+002  4.1211293e+002
  4.4317810e+002  4.1088912e+002
  4.4308238e+002  4.0991517e+002
  4.4300870e+002  4.0896521e+002
  4.4292067e+002  4.0803577e+002
  4.4278399e+002  4.0707094e+002
  4.4259499e+002  4.0611957e+002
  4.4243553e+002  4.0516677e+002
  4.4164519e+002  4.0413304e+002
  4.4158369e+002  4.0316406e+002
  4.4157040e+002  4.0216872e+002
  4.4160328e+002  4.0111789e+002
  4.4164384e+002  4.0004407e+002
  4.4163800e+002  3.9898856e+002
  4.4157817e+002  3.9795869e+002
  4.4146660e+002  3.9696189e+002
  4.4074395e+002  3.9586716e+002
  4.4059640e+002  3.9493655e+002
  4.4041882e+002  3.9403824e+002
  4.3970993e+002  3.9304983e+002
  4.3962151e+002  3.9210789e+002
  4.3958863e+002  3.9113165e+002
  4.3956676e+002  3.9014738e+002
  4.3958066e+002  3.8914936e+002
  4.3956175e+002  3.8814574e+002
  4.3950224e+002  3.8715109e+002
  4.3941845e+002  3.8614756e+002
  4.3869282e+002  3.8508832e+002
  4.3850493e+002  3.8414066e+002
  4.3829929e+002  3.8319541e+002
  4.3760087e+002  3.8213775e+002
  4.3753219e+002  3.8112996e+002
  4.3753254e+002  3.8011931e+002
  4.3753851e+002  3.7911902e+002
  4.3751737e+002  3.7813139e+002
  4.3741067e+002  3.7715130e+002
  4.3675650e+002  3.7606669e+002
  4.3667518e+002  3.7505540e+002
  4.3657425e+002  3.7404373e+002
  4.3644601e+002  3.7306704e+002
  4.3572468e+002  3.7196919e+002
  4.3554832e+002  3.7103310e+002
  4.3539843e+002  3.7010630e+002
  4.3462092e+002  3.6902600e+002
  4.3449806e+002  3.6810215e+002
  4.3370266e+002  3.6702471e+002
  4.3351798e+002  3.6612739e+002
  4.3325033e+002  3.6523527e+002
  4.3234044e+002  3.6418203e+002
  4.3156523e+002  3.6309520e+002
  4.3148723e+002  3.6214351e+002
  4.3086667e+002  3.6097238e+002
  4.3078421e+002  3.5999796e+002
  4.3066295e+002  3.5902951e+002
  4.3051982e+002  3.5806829e+002
  4.3037859e+002  3.5711870e+002
  4.2961727e+002  3.5609056e+002
  4.2949565e+002  3.5518253e+002
  4.2869218e+002  3.5417327e+002
  4.2851361e+002  3.5325687e+002
  4.2832056e+002  3.5232274e+002
  4.2753572e+002  3.5118996e+002
  4.2735112e+002  3.5023579e+002
  4.2652043e+002  3.4911586e+002
  4.2636706e+002  3.4816237e+002
  4.2562820e+002  3.4705454e+002
  4.2553127e+002  3.4611546e+002
  4.2542077e+002  3.4521214e+002
  4.2463841e+002  3.4411295e+002
  4.2449113e+002  3.4318855e+002
  4.2368809e+002  3.4206057e+002
  4.2358964e+002  3.4111658e+002
  4.2347896e+002  3.4020615e+002
  4.2267052e+002  3.3912502e+002
  4.2245055e+002  3.3826276e+002
  4.2155338e+002  3.3722028e+002
  4.2133609e+002  3.3631917e+002
  4.2056139e+002  3.3517193e+002
  4.2046313e+002  3.3424191e+002
  4.1969694e+002  3.3309374e+002
  4.1952467e+002  3.3224109e+002
  4.1931341e+002  3.3143596e+002
  4.1829239e+002  3.3034639e+002
  4.1725067e+002  3.2928961e+002
  4.1625958e+002  3.2825855e+002
  4.1535633e+002  3.2719617e+002
  4.1458066e+002  3.2604063e+002
  4.1440700e+002  3.2508504e+002
  4.1372085e+002  3.2388007e+002
  4.1363924e+002  3.2294186e+002
  4.1354740e+002  3.2201610e+002
  4.1343539e+002  3.2108337e+002
  4.1270828e+002  3.1997235e+002
  4.1254466e+002  3.1903098e+002
  4.1236324e+002  3.1811832e+002
  4.1152588e+002  3.1705267e+002
  4.1126144e+002  3.1619194e+002
  4.1035655e+002  3.1520477e+002
  4.0948166e+002  3.1417137e+002
  4.0864209e+002  3.1308844e+002
  4.0839575e+002  3.1221860e+002
  4.0752688e+002  3.1109965e+002
  4.0729342e+002  3.1023798e+002
  4.0644191e+002  3.0922351e+002
  4.0565890e+002  3.0819502e+002
  4.0558920e+002  3.0729802e+002
  4.0555404e+002  3.0639449e+002
  4.0546353e+002  3.0552322e+002
  4.0480266e+002  3.0522955e+002
  4.0460407e+002  3.0440261e+002
  4.0428311e+002  3.0364035e+002
  4.0354664e+002  3.0339024e+002
  4.0281404e+002  3.0231723e+002
  4.0195273e+002  3.0138191e+002
  4.0109995e+002  3.0046373e+002
  4.0016324e+002  2.9949038e+002
  3.9913569e+002  2.9851368e+002
  3.9832614e+002  2.9822316e+002
  3.9722163e+002  2.9729621e+002
  3.9608534e+002  2.9651893e+002
  3.9528597e+002  2.9636017e+002
  3.9427640e+002  2.9531492e+002
  3.9331451e+002  2.9420988e+002
  3.9208827e+002  2.9301884e+002
  3.9109649e+002  2.9209067e+002
  3.9016431e+002  2.9113228e+002
  3.8926231e+002  2.9017289e+002
  3.8839148e+002  2.8922073e+002
  3.8756083e+002  2.8822377e+002
  3.8736641e+002  2.8742704e+002
  3.8654343e+002  2.8636402e+002
  3.8635297e+002  2.8558825e+002
  3.8566571e+002  2.8526566e+002
  3.8545384e+002  2.8454198e+002
  3.8440710e+002  2.8400111e+002
  3.8328489e+002  2.8324863e+002
  3.8214769e+002  2.8248597e+002
  3.8105242e+002  2.8158240e+002
  3.8028394e+002  2.8134021e+002
  3.7924243e+002  2.8037623e+002
  3.7815410e+002  2.7949292e+002
  3.7702487e+002  2.7861753e+002
  3.7619528e+002  2.7837564e+002
  3.7514339e+002  2.7741086e+002
  3.7414563e+002  2.7640027e+002
  3.7316353e+002  2.7542090e+002
  3.7215742e+002  2.7452458e+002
  3.7135911e+002  2.7434360e+002
  3.7028120e+002  2.7354091e+002
  3.6943904e+002  2.7333545e+002
  3.6836406e+002  2.7238902e+002
  3.6732735e+002  2.7134569e+002
  3.6634800e+002  2.7023522e+002
  3.6540156e+002  2.6915595e+002
  3.6452632e+002  2.6819622e+002
  3.6432857e+002  2.6752031e+002
  3.6332659e+002  2.6696112e+002
  3.6228873e+002  2.6606489e+002
  3.6122690e+002  2.6526546e+002
  3.6004951e+002  2.6462525e+002
  3.5911983e+002  2.6456689e+002
  3.5815825e+002  2.6449407e+002
  3.5692812e+002  2.6375822e+002
  3.5601882e+002  2.6350616e+002
  3.5517505e+002  2.6314633e+002
  3.5423701e+002  2.6208809e+002
  3.5329286e+002  2.6107356e+002
  3.5227681e+002  2.6020071e+002
  3.5121277e+002  2.5938000e+002
  3.5010072e+002  2.5860554e+002
  3.4919163e+002  2.5845837e+002
  3.4802143e+002  2.5771661e+002
  3.4710484e+002  2.5758153e+002
  3.4622558e+002  2.5740796e+002
  3.4522407e+002  2.5647020e+002
  3.4424906e+002  2.5548836e+002
  3.4321645e+002  2.5451925e+002
  3.4238007e+002  2.5425124e+002
  3.4119164e+002  2.5344081e+002
  3.3999436e+002  2.5274199e+002
  3.3905326e+002  2.5256722e+002
  3.3814914e+002  2.5238647e+002
  3.3708269e+002  2.5153726e+002
  3.3621621e+002  2.5131510e+002
  3.3514905e+002  2.5040993e+002
  3.3412710e+002  2.4940776e+002
  3.3311721e+002  2.4835244e+002
  3.3209780e+002  2.4731589e+002
  3.3105658e+002  2.4639068e+002
  3.2999785e+002  2.4554192e+002
  3.2912440e+002  2.4538221e+002
  3.2803837e+002  2.4465655e+002
  3.2713807e+002  2.4450792e+002
  3.2620803e+002  2.4434183e+002
  3.2504968e+002  2.4364525e+002
  3.2408503e+002  2.4351647e+002
  3.2313733e+002  2.4342157e+002
  3.2198913e+002  2.4277004e+002
  3.2104006e+002  2.4262647e+002
  3.2011340e+002  2.4242862e+002
  3.1896530e+002  2.4171363e+002
  3.1801399e+002  2.4151525e+002
  3.1708909e+002  2.4129094e+002
  3.1599989e+002  2.4047516e+002
  3.1494297e+002  2.3959272e+002
  3.1403259e+002  2.3930189e+002
  3.1296591e+002  2.3855348e+002
  3.1204742e+002  2.3842183e+002
  3.1099328e+002  2.3782069e+002
  3.1005662e+002  2.3777335e+002
  3.0910043e+002  2.3773544e+002
  3.0811018e+002  2.3767657e+002
  3.0707629e+002  2.3762292e+002
  3.0602201e+002  2.3758813e+002
  3.0495865e+002  2.3755530e+002
  3.0392321e+002  2.3753422e+002
  3.0293669e+002  2.3747482e+002
  3.0193750e+002  2.3688942e+002
  3.0098410e+002  2.3677193e+002
  2.9997327e+002  2.3676707e+002
  2.9899943e+002  2.3661633e+002
  2.9803482e+002  2.3647473e+002
  2.9702229e+002  2.3591922e+002
  2.9609334e+002  2.3579925e+002
  2.9517346e+002  2.3570430e+002
  2.9422169e+002  2.3560100e+002
  2.9321181e+002  2.3554970e+002
  2.9182574e+002  2.3556304e+002
  2.9087558e+002  2.3571116e+002
  2.8994350e+002  2.3582143e+002
  2.8903474e+002  2.3588439e+002
  2.8813393e+002  2.3585121e+002
  2.8723711e+002  2.3571659e+002
  2.8578012e+002  2.3553462e+002
  2.8479586e+002  2.3539511e+002
  2.8388295e+002  2.3492212e+002
  2.8293666e+002  2.3479002e+002
  2.8202769e+002  2.3471298e+002
  2.8114148e+002  2.3466020e+002
  2.8025734e+002  2.3466045e+002
  2.7931976e+002  2.3470495e+002
  2.7766234e+002  2.3478536e+002
  2.7674207e+002  2.3496015e+002
  2.7582478e+002  2.3511403e+002
  2.7491370e+002  2.3528106e+002
  2.7400994e+002  2.3545676e+002
  2.7311023e+002  2.3562540e+002
  2.7219736e+002  2.3624219e+002
  2.7123678e+002  2.3620656e+002
  2.7024294e+002  2.3611601e+002
  2.6918881e+002  2.3600992e+002
  2.6787606e+002  2.3600202e+002
  2.6691990e+002  2.3604696e+002
  2.6583464e+002  2.3618294e+002
  2.6476326e+002  2.3632231e+002
  2.6375418e+002  2.3654082e+002
  2.6277853e+002  2.3712981e+002
  2.6185772e+002  2.3728449e+002
  2.6092595e+002  2.3742287e+002
  2.5997126e+002  2.3753270e+002
  2.5889971e+002  2.3797047e+002
  2.5790056e+002  2.3802399e+002
  2.5692357e+002  2.3809387e+002
  2.5597334e+002  2.3822700e+002
  2.5505961e+002  2.3841941e+002
  2.5414810e+002  2.3867986e+002
  2.5313177e+002  2.3952749e+002
  2.5213962e+002  2.4030528e+002
  2.5120164e+002  2.4049415e+002
  2.5023190e+002  2.4064164e+002
  2.4909548e+002  2.4121767e+002
  2.4811247e+002  2.4135955e+002
  2.4718019e+002  2.4162835e+002
  2.4605481e+002  2.4248748e+002
  2.4517488e+002  2.4288939e+002
  2.4415412e+002  2.4375639e+002
  2.4309287e+002  2.4458931e+002
  2.4198115e+002  2.4543625e+002
  2.4111870e+002  2.4577583e+002
  2.4003328e+002  2.4658069e+002
  2.3895377e+002  2.4728584e+002
  2.3803289e+002  2.4741733e+002
  2.3713276e+002  2.4754937e+002
  2.3613001e+002  2.4824974e+002
  2.3526587e+002  2.4843270e+002
  2.3440686e+002  2.4866410e+002
  2.3331520e+002  2.4945437e+002
  2.3245395e+002  2.4973504e+002
  2.3137053e+002  2.5057736e+002
  2.3023135e+002  2.5145140e+002
  2.2933412e+002  2.5179223e+002
  2.2828633e+002  2.5282704e+002
  2.2722714e+002  2.5380032e+002
  2.2606590e+002  2.5460766e+002
  2.2495789e+002  2.5542344e+002
  2.2416751e+002  2.5572063e+002
  2.2315424e+002  2.5664725e+002
  2.2218722e+002  2.5762669e+002
  2.2127779e+002  2.5862743e+002
  2.2037849e+002  2.5968058e+002
  2.1944334e+002  2.6072787e+002
  2.1840330e+002  2.6180807e+002
  2.1738676e+002  2.6290341e+002
  2.1630153e+002  2.6384474e+002
  2.1517177e+002  2.6456089e+002
  2.1404712e+002  2.6545734e+002
  2.1330442e+002  2.6564192e+002
  2.1231970e+002  2.6654682e+002
  2.1139273e+002  2.6756853e+002
  2.1028695e+002  2.6896497e+002
  2.0952771e+002  2.7001546e+002
  2.0931950e+002  2.7072654e+002
  2.0845562e+002  2.7173367e+002
  2.0754305e+002  2.7278581e+002
  2.0726404e+002  2.7352912e+002
  2.0637622e+002  2.7468976e+002
  2.0546285e+002  2.7586300e+002
  2.0439924e+002  2.7696019e+002
  2.0328062e+002  2.7798152e+002
  2.0223363e+002  2.7891544e+002
  2.0131978e+002  2.7987318e+002
  2.0025505e+002  2.8106679e+002
  1.9937343e+002  2.8212498e+002
  1.9853493e+002  2.8311584e+002
  1.9831751e+002  2.8391305e+002
  1.9763157e+002  2.8503515e+002
  1.9760128e+002  2.8592357e+002
  1.9763072e+002  2.8685027e+002
  1.9771692e+002  2.8782008e+002
  1.9777287e+002  2.8878753e+002
  1.9768080e+002  2.8976194e+002
  1.9748302e+002  2.9071323e+002
  1.9652455e+002  2.9188523e+002
  1.9640403e+002  2.9260051e+002
  1.9565828e+002  2.9342178e+002
  1.9550947e+002  2.9415897e+002
  1.9521764e+002  2.9481510e+002
  1.9448275e+002  2.9496626e+002
  1.9318808e+002  2.9596245e+002
  1.9268567e+002  2.9720398e+002
  1.9270237e+002  2.9819762e+002
  1.9274451e+002  2.9918410e+002
  1.9269915e+002  3.0015417e+002
  1.9257786e+002  3.0108996e+002
  1.9235668e+002  3.0202249e+002
  1.9141029e+002  3.0307930e+002
  1.9042702e+002  3.0400312e+002
  1.8952111e+002  3.0499099e+002
  1.8934186e+002  3.0585046e+002
  1.8876592e+002  3.0697534e+002
  1.8877032e+002  3.0795907e+002
  1.8881774e+002  3.0899653e+002
  1.8890411e+002  3.1006832e+002
  1.8895075e+002  3.1113468e+002
  1.8891135e+002  3.1219998e+002
  1.8878101e+002  3.1319801e+002
  1.8852602e+002  3.1413828e+002
  1.8818341e+002  3.1502424e+002
  1.8737247e+002  3.1599265e+002
  1.8667950e+002  3.1695906e+002
  1.8684559e+002  3.1789554e+002
  1.8671607e+002  3.1884650e+002
  1.8664498e+002  3.1981307e+002
  1.8657891e+002  3.2082601e+002
  1.8659860e+002  3.2189313e+002
  1.8673611e+002  3.2330592e+002
  1.8690109e+002  3.2419159e+002
  1.8695626e+002  3.2508729e+002
  1.8695349e+002  3.2601051e+002
  1.8682717e+002  3.2698460e+002
  1.8670259e+002  3.2836224e+002
  1.8655391e+002  3.2926141e+002
  1.8639971e+002  3.3013968e+002
  1.8580984e+002  3.3103837e+002
  1.8574731e+002  3.3197135e+002
  1.8570765e+002  3.3290328e+002
  1.8569226e+002  3.3387972e+002
  1.8570447e+002  3.3513686e+002
  1.8579312e+002  3.3606971e+002
  1.8586441e+002  3.3702330e+002
  1.8586237e+002  3.3799106e+002
  1.8584065e+002  3.3901349e+002
  1.8578010e+002  3.3996078e+002
  1.8568763e+002  3.4093129e+002
  1.8561831e+002  3.4192088e+002
  1.8554377e+002  3.4293022e+002
  1.8551145e+002  3.4394108e+002
  1.8547340e+002  3.4494822e+002
  1.8510693e+002  3.4618846e+002
  1.8519769e+002  3.4712929e+002
  1.8526233e+002  3.4808877e+002
  1.8529275e+002  3.4905803e+002
  1.8528906e+002  3.5005252e+002
  1.8525007e+002  3.5106925e+002
  1.8518435e+002  3.5207960e+002
  1.8513248e+002  3.5306143e+002
  1.8511841e+002  3.5403846e+002
  1.8515799e+002  3.5501678e+002
  1.8528119e+002  3.5600387e+002
  1.8537142e+002  3.5699877e+002
  1.8543794e+002  3.5799850e+002
  1.8546852e+002  3.5899661e+002
  1.8548917e+002  3.5999803e+002
  1.8546399e+002  3.6101444e+002
  1.8540098e+002  3.6222924e+002
  1.8533463e+002  3.6310647e+002
  1.8526422e+002  3.6399010e+002
  1.8517769e+002  3.6489115e+002
  1.8509808e+002  3.6583936e+002
  1.8505857e+002  3.6682393e+002
  1.8516030e+002  3.6833732e+002
  1.8532472e+002  3.6928609e+002
  1.8552202e+002  3.7020449e+002
  1.8624252e+002  3.7114449e+002
  1.8642870e+002  3.7202655e+002
  1.8657986e+002  3.7290006e+002
  1.8725861e+002  3.7389861e+002
  1.8736319e+002  3.7479977e+002
  1.8740160e+002  3.7575360e+002
  1.8741004e+002  3.7677570e+002
  1.8737970e+002  3.7786331e+002
  1.8737284e+002  3.7941980e+002
  1.8736699e+002  3.8029073e+002
  1.8734269e+002  3.8112375e+002
  1.8728449e+002  3.8194597e+002
  1.8727927e+002  3.8280449e+002
  1.8734195e+002  3.8375352e+002
  1.8754287e+002  3.8526046e+002
  1.8812509e+002  3.8623462e+002
  1.8837678e+002  3.8715987e+002
  1.8859176e+002  3.8808546e+002
  1.8927120e+002  3.8912458e+002
  1.8937883e+002  3.9009391e+002
  1.8944974e+002  3.9104156e+002
  1.8948711e+002  3.9196841e+002
  1.8960495e+002  3.9288856e+002
  1.9029919e+002  3.9385567e+002
  1.9048866e+002  3.9478840e+002
  1.9066988e+002  3.9576171e+002
  1.9121156e+002  3.9685357e+002
  1.9130618e+002  3.9785741e+002
  1.9144064e+002  3.9885755e+002
  1.9159494e+002  3.9982416e+002
  1.9232610e+002  4.0092554e+002
  1.9248689e+002  4.0187938e+002
  1.9257607e+002  4.0287920e+002
  1.9311221e+002  4.0399931e+002
  1.9308151e+002  4.0506041e+002
  1.9309393e+002  4.0610962e+002
  1.9315055e+002  4.0713156e+002
