  1.9417920e+002  4.0806160e+002
  1.9428917e+002  4.0905073e+002
  1.9444900e+002  4.1002426e+002
  1.9468432e+002  4.1093887e+002
  1.9558394e+002  4.1197854e+002
  1.9650522e+002  4.1299562e+002
  1.9744218e+002  4.1402552e+002
  1.9775603e+002  4.1488678e+002
  1.9854911e+002  4.1597267e+002
  1.9926959e+002  4.1708534e+002
  1.9942542e+002  4.1796884e+002
  1.9958098e+002  4.1884414e+002
  2.0026282e+002  4.1993169e+002
  2.0035966e+002  4.2082127e+002
  2.0046177e+002  4.2171376e+002
  2.0057371e+002  4.2262238e+002
  2.0141813e+002  4.2367084e+002
  2.0164856e+002  4.2449233e+002
  2.0244439e+002  4.2464939e+002
  2.0273196e+002  4.2544336e+002
  2.0355462e+002  4.2564238e+002
  2.0461655e+002  4.2671770e+002
  2.0558097e+002  4.2787806e+002
  2.0645578e+002  4.2903747e+002
  2.0665798e+002  4.2988267e+002
  2.0749584e+002  4.3099799e+002
  2.0767886e+002  4.3190578e+002
  2.0847228e+002  4.3270178e+002
  2.0854074e+002  4.3361819e+002
  2.0920704e+002  4.3479952e+002
  2.0933917e+002  4.3569580e+002
  2.0946537e+002  4.3659865e+002
  2.0960206e+002  4.3751882e+002
  2.1043175e+002  4.3857451e+002
  2.1058540e+002  4.3944572e+002
  2.1129999e+002  4.3963010e+002
  2.1148522e+002  4.4047034e+002
  2.1243671e+002  4.4153532e+002
  2.1265876e+002  4.4239325e+002
  2.1340464e+002  4.4260489e+002
  2.1362074e+002  4.4349345e+002
  2.1434174e+002  4.4373630e+002
  2.1453513e+002  4.4462869e+002
  2.1532321e+002  4.4573242e+002
  2.1542748e+002  4.4661170e+002
  2.1553754e+002  4.4749467e+002
  2.1620976e+002  4.4767470e+002
  2.1638671e+002  4.4854748e+002
  2.1658469e+002  4.4942129e+002
  2.1731287e+002  4.4962523e+002
  2.1754580e+002  4.5048705e+002
  2.1832359e+002  4.5070702e+002
  2.1858144e+002  4.5150343e+002
  2.1986440e+002  4.5261516e+002
  2.2087518e+002  4.5352797e+002
  2.2175391e+002  4.5454217e+002
  2.2268337e+002  4.5552077e+002
  2.2363148e+002  4.5656930e+002
  2.2467127e+002  4.5774899e+002
  2.2572741e+002  4.5892741e+002
  2.2668930e+002  4.5998518e+002
  2.2753861e+002  4.6088119e+002
  2.2847529e+002  4.6179443e+002
  2.2873702e+002  4.6256196e+002
  2.2974734e+002  4.6358508e+002
  2.3071522e+002  4.6460797e+002
  2.3164307e+002  4.6560595e+002
  2.3260080e+002  4.6656549e+002
  2.3397976e+002  4.6793392e+002
  2.3495301e+002  4.6879096e+002
  2.3589591e+002  4.6958000e+002
  2.3688491e+002  4.7033056e+002
  2.3771714e+002  4.7049093e+002
  2.3857238e+002  4.7065484e+002
  2.3962352e+002  4.7149209e+002
  2.4047095e+002  4.7162704e+002
  2.4052391e+002  4.7242392e+002
  2.4128666e+002  4.7258254e+002
  2.4122264e+002  4.7347361e+002
  2.4190536e+002  4.7473710e+002
  2.4247011e+002  4.7580984e+002
  2.4252851e+002  4.7647274e+002
  2.4342038e+002  4.7687631e+002
  2.4349227e+002  4.7758186e+002
  2.4412920e+002  4.7874918e+002
  2.4533193e+002  4.7938362e+002
  2.4621075e+002  4.7941388e+002
  2.4708486e+002  4.7950678e+002
  2.4815338e+002  4.8032736e+002
  2.4892862e+002  4.8058042e+002
  2.4985122e+002  4.8161409e+002
  2.5077541e+002  4.8266608e+002
  2.5176231e+002  4.8370841e+002
  2.5274995e+002  4.8474917e+002
  2.5373816e+002  4.8574862e+002
  2.5476308e+002  4.8662970e+002
  2.5586119e+002  4.8736751e+002
  2.5678716e+002  4.8749806e+002
  2.5771669e+002  4.8765875e+002
  2.5882384e+002  4.8847297e+002
  2.5970170e+002  4.8871213e+002
  2.6064944e+002  4.8977418e+002
  2.6145427e+002  4.9092541e+002
  2.6150061e+002  4.9181243e+002
  2.6232574e+002  4.9278269e+002
  2.6243460e+002  4.9338489e+002
  2.6376482e+002  4.9429271e+002
  2.6468764e+002  4.9427551e+002
  2.6568158e+002  4.9431504e+002
  2.6668564e+002  4.9443803e+002
  2.6768879e+002  4.9465141e+002
  2.6869232e+002  4.9565100e+002
  2.6971307e+002  4.9657681e+002
  2.7087326e+002  4.9735317e+002
  2.7188227e+002  4.9739327e+002
  2.7290459e+002  4.9742976e+002
  2.7391306e+002  4.9753453e+002
  2.7493846e+002  4.9840833e+002
  2.7581304e+002  4.9860137e+002
  2.7669193e+002  4.9958978e+002
  2.7758529e+002  5.0061491e+002
  2.7857475e+002  5.0167689e+002
  2.7959818e+002  5.0274180e+002
  2.8062866e+002  5.0376198e+002
  2.8157384e+002  5.0470706e+002
  2.8256557e+002  5.0556607e+002
  2.8370543e+002  5.0632264e+002
  2.8473407e+002  5.0632495e+002
  2.8573507e+002  5.0639217e+002
  2.8671670e+002  5.0652438e+002
  2.8790241e+002  5.0730649e+002
  2.8884774e+002  5.0757177e+002
  2.8996052e+002  5.0842700e+002
  2.9089705e+002  5.0863524e+002
  2.9194018e+002  5.0950770e+002
  2.9289459e+002  5.1045532e+002
  2.9371039e+002  5.1067622e+002
  2.9471991e+002  5.1145264e+002
  2.9566881e+002  5.1154218e+002
  2.9690551e+002  5.1212250e+002
  2.9793030e+002  5.1216257e+002
  2.9894866e+002  5.1219025e+002
  2.9992443e+002  5.1228507e+002
  3.0085795e+002  5.1246991e+002
  3.0179393e+002  5.1271811e+002
  3.0277311e+002  5.1355946e+002
  3.0380450e+002  5.1427712e+002
  3.0481302e+002  5.1432449e+002
  3.0583006e+002  5.1435030e+002
  3.0683333e+002  5.1438177e+002
  3.0784409e+002  5.1438963e+002
  3.0884532e+002  5.1441179e+002
  3.0985469e+002  5.1444391e+002
  3.1085711e+002  5.1452022e+002
  3.1192443e+002  5.1522661e+002
  3.1285498e+002  5.1539728e+002
  3.1377085e+002  5.1558434e+002
  3.1467768e+002  5.1614742e+002
  3.1560816e+002  5.1625798e+002
  3.1659445e+002  5.1634767e+002
  3.1762893e+002  5.1638919e+002
  3.1867414e+002  5.1644556e+002
  3.1970435e+002  5.1646659e+002
  3.2071835e+002  5.1653849e+002
  3.2171136e+002  5.1731811e+002
  3.2275122e+002  5.1730806e+002
  3.2382989e+002  5.1725628e+002
  3.2490908e+002  5.1714644e+002
  3.2595505e+002  5.1707303e+002
  3.2696738e+002  5.1701889e+002
  3.2798059e+002  5.1698695e+002
  3.2901849e+002  5.1698208e+002
  3.3007724e+002  5.1705047e+002
  3.3108751e+002  5.1717690e+002
  3.3203760e+002  5.1737298e+002
  3.3292078e+002  5.1758087e+002
  3.3381198e+002  5.1846700e+002
  3.3474357e+002  5.1860613e+002
  3.3569734e+002  5.1934277e+002
  3.3665115e+002  5.1935940e+002
  3.3764724e+002  5.1938565e+002
  3.3865059e+002  5.1942056e+002
  3.3969262e+002  5.1939745e+002
  3.4073127e+002  5.1942978e+002
  3.4208145e+002  5.1943163e+002
  3.4300831e+002  5.1935230e+002
  3.4393873e+002  5.1926842e+002
  3.4486967e+002  5.1914986e+002
  3.4577889e+002  5.1907290e+002
  3.4667608e+002  5.1908689e+002
  3.4799931e+002  5.1918509e+002
  3.4889398e+002  5.1929321e+002
  3.4985521e+002  5.1937699e+002
  3.5085160e+002  5.1944454e+002
  3.5184237e+002  5.1948901e+002
  3.5283390e+002  5.1958406e+002
  3.5371619e+002  5.2042501e+002
  3.5463543e+002  5.2045902e+002
  3.5557276e+002  5.2041668e+002
  3.5713762e+002  5.2019145e+002
  3.5809196e+002  5.1997095e+002
  3.5903858e+002  5.1987084e+002
  3.5998934e+002  5.1984322e+002
  3.6091849e+002  5.1986709e+002
  3.6183680e+002  5.1989107e+002
  3.6278856e+002  5.1990651e+002
  3.6377519e+002  5.1989755e+002
  3.6476888e+002  5.1993489e+002
  3.6577531e+002  5.1998186e+002
  3.6678277e+002  5.1998513e+002
  3.6781492e+002  5.1993776e+002
  3.6883833e+002  5.1986011e+002
  3.6983920e+002  5.1979287e+002
  3.7082886e+002  5.1970763e+002
  3.7182952e+002  5.1968697e+002
  3.7284050e+002  5.1968944e+002
  3.7387167e+002  5.1974819e+002
  3.7493290e+002  5.1982564e+002
  3.7621589e+002  5.1988938e+002
  3.7715609e+002  5.1992891e+002
  3.7807035e+002  5.1995102e+002
  3.7896975e+002  5.1998313e+002
  3.7987929e+002  5.1999155e+002
  3.8082404e+002  5.1996797e+002
  3.8205394e+002  5.1991926e+002
  3.8298033e+002  5.1979123e+002
  3.8388415e+002  5.1967031e+002
  3.8478343e+002  5.1951399e+002
  3.8570400e+002  5.1937208e+002
  3.8676122e+002  5.1861399e+002
  3.8775449e+002  5.1855104e+002
  3.8876669e+002  5.1852901e+002
  3.8974807e+002  5.1849406e+002
  3.9083564e+002  5.1775527e+002
  3.9179538e+002  5.1764405e+002
  3.9274325e+002  5.1750635e+002
  3.9369190e+002  5.1737966e+002
  3.9466114e+002  5.1650159e+002
  3.9560933e+002  5.1635645e+002
  3.9667509e+002  5.1554133e+002
  3.9764118e+002  5.1538838e+002
  3.9874786e+002  5.1462251e+002
  3.9977299e+002  5.1448753e+002
  4.0098952e+002  5.1376073e+002
  4.0195000e+002  5.1362071e+002
  4.0284031e+002  5.1339379e+002
  4.0377191e+002  5.1233943e+002
  4.0469044e+002  5.1133521e+002
  4.0568581e+002  5.1047768e+002
  4.0675622e+002  5.0975614e+002
  4.0773387e+002  5.0978484e+002
  4.0874781e+002  5.0980520e+002
  4.0975659e+002  5.0973149e+002
  4.1070655e+002  5.0954100e+002
  4.1158992e+002  5.0925376e+002
  4.1257081e+002  5.0804147e+002
  4.1349133e+002  5.0716600e+002
  4.1373284e+002  5.0644668e+002
  4.1487476e+002  5.0552820e+002
  4.1576920e+002  5.0531221e+002
  4.1674257e+002  5.0425361e+002
  4.1759397e+002  5.0315236e+002
  4.1860884e+002  5.0193113e+002
  4.1952383e+002  5.0091732e+002
  4.2037466e+002  4.9985007e+002
  4.2029745e+002  4.9894393e+002
  4.2049833e+002  4.9804748e+002
  4.2076612e+002  4.9716882e+002
  4.2178939e+002  4.9629386e+002
  4.2272899e+002  4.9541857e+002
  4.2354185e+002  4.9440187e+002
  4.2425674e+002  4.9327901e+002
  4.2420730e+002  4.9224263e+002
  4.2420051e+002  4.9122432e+002
  4.2427166e+002  4.9026265e+002
  4.2442012e+002  4.8934934e+002
  4.2463796e+002  4.8847687e+002
  4.2564228e+002  4.8756913e+002
  4.2647652e+002  4.8751339e+002
  4.2749911e+002  4.8648892e+002
  4.2766136e+002  4.8555271e+002
  4.2857879e+002  4.8544258e+002
  4.2966813e+002  4.8441420e+002
  4.3060717e+002  4.8326523e+002
  4.3144213e+002  4.8213802e+002
  4.3143815e+002  4.8111860e+002
  4.3140563e+002  4.8009735e+002
  4.3136488e+002  4.7910163e+002
  4.3133365e+002  4.7813991e+002
  4.3142406e+002  4.7719916e+002
  4.3159094e+002  4.7626705e+002
  4.3243184e+002  4.7520156e+002
  4.3263768e+002  4.7424651e+002
  4.3346674e+002  4.7320034e+002
  4.3360784e+002  4.7224475e+002
  4.3436414e+002  4.7122998e+002
  4.3437945e+002  4.7026835e+002
  4.3433196e+002  4.6931853e+002
  4.3427118e+002  4.6837536e+002
  4.3423120e+002  4.6741446e+002
  4.3421070e+002  4.6623488e+002
  4.3417723e+002  4.6525958e+002
  4.3410297e+002  4.6425505e+002
  4.3408072e+002  4.6309562e+002
  4.3423064e+002  4.6207368e+002
  4.3442408e+002  4.6104921e+002
  4.3446426e+002  4.5996066e+002
  4.3455211e+002  4.5896053e+002
  4.3533747e+002  4.5798830e+002
  4.3537564e+002  4.5701634e+002
  4.3542798e+002  4.5605832e+002
  4.3545281e+002  4.5509656e+002
  4.3546794e+002  4.5415055e+002
  4.3548240e+002  4.5320168e+002
  4.3555679e+002  4.5223481e+002
  4.3636191e+002  4.5115488e+002
  4.3647975e+002  4.5015626e+002
  4.3658417e+002  4.4916563e+002
  4.3743999e+002  4.4819042e+002
  4.3756835e+002  4.4727908e+002
  4.3844562e+002  4.4637280e+002
  4.3855862e+002  4.4543484e+002
  4.3930090e+002  4.4446267e+002
  4.3926803e+002  4.4342584e+002
  4.3906278e+002  4.4186950e+002
  4.3879559e+002  4.4094010e+002
  4.3860874e+002  4.4000674e+002
  4.3848842e+002  4.3906973e+002
  4.3769129e+002  4.3808824e+002
  4.3774910e+002  4.3707055e+002
  4.3782157e+002  4.3610778e+002
  4.3783376e+002  4.3517027e+002
  4.3778712e+002  4.3427656e+002
  4.3767421e+002  4.3341009e+002
  4.3755995e+002  4.3248208e+002
  4.3752829e+002  4.3147504e+002
  4.3760671e+002  4.3044445e+002
  4.3774950e+002  4.2911141e+002
  4.3796114e+002  4.2817019e+002
  4.3817730e+002  4.2722218e+002
  4.3837712e+002  4.2624126e+002
  4.3848517e+002  4.2526689e+002
  4.3856190e+002  4.2430330e+002
  4.3936110e+002  4.2332620e+002
  4.3922547e+002  4.2203608e+002
  4.3912434e+002  4.2107814e+002
  4.3910698e+002  4.2011357e+002
  4.3911524e+002  4.1911199e+002
  4.3909610e+002  4.1811903e+002
  4.3905525e+002  4.1710749e+002
  4.3900020e+002  4.1608889e+002
  4.3897445e+002  4.1507224e+002
  4.3894747e+002  4.1411226e+002
  4.3885399e+002  4.1317066e+002
  4.3871535e+002  4.1224500e+002
  4.3845125e+002  4.1131851e+002
  4.3734709e+002  4.1028142e+002
  4.3651675e+002  4.0913389e+002
  4.3646988e+002  4.0813715e+002
  4.3592685e+002  4.0688254e+002
  4.3599289e+002  4.0588341e+002
  4.3602978e+002  4.0488852e+002
  4.3600574e+002  4.0391659e+002
  4.3595083e+002  4.0293448e+002
  4.3593380e+002  4.0193045e+002
  4.3598789e+002  4.0091818e+002
  4.3601437e+002  3.9991997e+002
  4.3606691e+002  3.9898604e+002
  4.3605068e+002  3.9801690e+002
  4.3602589e+002  3.9703105e+002
  4.3591729e+002  3.9575810e+002
  4.3576950e+002  3.9477500e+002
  4.3561453e+002  3.9383945e+002
  4.3548541e+002  3.9291174e+002
  4.3480254e+002  3.9191532e+002
  4.3476698e+002  3.9096082e+002
  4.3473633e+002  3.9000205e+002
  4.3468224e+002  3.8902575e+002
  4.3461697e+002  3.8805791e+002
  4.3447871e+002  3.8711345e+002
  4.3368002e+002  3.8601581e+002
  4.3342177e+002  3.8510547e+002
  4.3259699e+002  3.8407779e+002
  4.3237934e+002  3.8315142e+002
  4.3166305e+002  3.8207945e+002
  4.3155192e+002  3.8110432e+002
  4.3151830e+002  3.8012647e+002
  4.3150194e+002  3.7914142e+002
  4.3150163e+002  3.7815280e+002
  4.3147799e+002  3.7713399e+002
  4.3089367e+002  3.7598617e+002
  4.3079262e+002  3.7495671e+002
  4.3061948e+002  3.7394319e+002
  4.3044504e+002  3.7295952e+002
  4.2969326e+002  3.7190493e+002
  4.2952589e+002  3.7093370e+002
  4.2939674e+002  3.6998104e+002
  4.2872232e+002  3.6889845e+002
  4.2861082e+002  3.6793647e+002
  4.2850790e+002  3.6699190e+002
  4.2837846e+002  3.6606236e+002
  4.2770028e+002  3.6496061e+002
  4.2756223e+002  3.6403938e+002
  4.2739198e+002  3.6313972e+002
  4.2668334e+002  3.6204707e+002
  4.2650894e+002  3.6110041e+002
  4.2635621e+002  3.6015991e+002
  4.2566271e+002  3.5903541e+002
  4.2551298e+002  3.5811919e+002
  4.2537017e+002  3.5722717e+002
  4.2467220e+002  3.5615801e+002
  4.2455785e+002  3.5523476e+002
  4.2445428e+002  3.5428586e+002
  4.2374743e+002  3.5316536e+002
  4.2362138e+002  3.5216804e+002
  4.2346947e+002  3.5117380e+002
  4.2267672e+002  3.5008182e+002
  4.2248773e+002  3.4915951e+002
  4.2166998e+002  3.4809412e+002
  4.2145711e+002  3.4717673e+002
  4.2067537e+002  3.4606245e+002
  4.2047398e+002  3.4510943e+002
  4.1970226e+002  3.4400408e+002
  4.1953120e+002  3.4306759e+002
  4.1937843e+002  3.4213789e+002
  4.1862701e+002  3.4103493e+002
  4.1848458e+002  3.4012152e+002
  4.1772900e+002  3.3903603e+002
  4.1759914e+002  3.3810462e+002
  4.1744409e+002  3.3718021e+002
  4.1665871e+002  3.3604507e+002
  4.1643102e+002  3.3513400e+002
  4.1553547e+002  3.3405541e+002
  4.1521995e+002  3.3315892e+002
  4.1431775e+002  3.3207730e+002
  4.1346618e+002  3.3097345e+002
  4.1263459e+002  3.2988419e+002
  4.1241221e+002  3.2901301e+002
  4.1163870e+002  3.2795837e+002
  4.1145882e+002  3.2707131e+002
  4.1073698e+002  3.2598367e+002
  4.1057792e+002  3.2506991e+002
  4.1043291e+002  3.2417458e+002
  4.0968827e+002  3.2312606e+002
  4.0956738e+002  3.2223109e+002
  4.0947038e+002  3.2131900e+002
  4.0870148e+002  3.2020684e+002
  4.0848564e+002  3.1928799e+002
  4.0750251e+002  3.1826879e+002
  4.0720177e+002  3.1740864e+002
  4.0630853e+002  3.1637745e+002
  4.0548939e+002  3.1523382e+002
  4.0468007e+002  3.1404974e+002
  4.0453199e+002  3.1313912e+002
  4.0437445e+002  3.1227252e+002
  4.0354094e+002  3.1121500e+002
  4.0342876e+002  3.1037441e+002
  4.0266444e+002  3.0929881e+002
  4.0258761e+002  3.0841535e+002
  4.0250119e+002  3.0752771e+002
  4.0165885e+002  3.0643592e+002
  4.0141680e+002  3.0560597e+002
  4.0072963e+002  3.0532305e+002
  4.0046044e+002  3.0449288e+002
  3.9955974e+002  3.0336795e+002
  3.9894262e+002  3.0218231e+002
  3.9818960e+002  3.0122542e+002
  3.9729223e+002  3.0033490e+002
  3.9619933e+002  2.9949230e+002
  3.9505409e+002  2.9865123e+002
  3.9427258e+002  2.9841511e+002
  3.9332292e+002  2.9737729e+002
  3.9204231e+002  2.9592611e+002
  3.9113107e+002  2.9505669e+002
  3.9030641e+002  2.9404979e+002
  3.8953241e+002  2.9304814e+002
  3.8933741e+002  2.9224093e+002
  3.8850957e+002  2.9123531e+002
  3.8829049e+002  2.9042633e+002
  3.8747335e+002  2.8935650e+002
  3.8669237e+002  2.8827839e+002
  3.8652498e+002  2.8747651e+002
  3.8634569e+002  2.8670051e+002
  3.8573954e+002  2.8644382e+002
  3.8555287e+002  2.8566387e+002
  3.8472480e+002  2.8456301e+002
  3.8334357e+002  2.8318033e+002
  3.8223167e+002  2.8246858e+002
  3.8105557e+002  2.8173332e+002
  3.8025908e+002  2.8161299e+002
  3.7949123e+002  2.8140311e+002
  3.7852853e+002  2.8024367e+002
  3.7831581e+002  2.7941337e+002
  3.7707405e+002  2.7801892e+002
  3.7616648e+002  2.7708074e+002
  3.7528587e+002  2.7612135e+002
  3.7443287e+002  2.7511417e+002
  3.7357514e+002  2.7404901e+002
  3.7335022e+002  2.7323879e+002
  3.7239259e+002  2.7218876e+002
  3.7141139e+002  2.7118029e+002
  3.7044913e+002  2.7017624e+002
  3.6953345e+002  2.6911360e+002
  3.6933987e+002  2.6835278e+002
  3.6841853e+002  2.6731257e+002
  3.6743174e+002  2.6632992e+002
  3.6640382e+002  2.6536987e+002
  3.6506828e+002  2.6417580e+002
  3.6404220e+002  2.6332234e+002
  3.6302884e+002  2.6247167e+002
  3.6202784e+002  2.6163398e+002
  3.6125132e+002  2.6141385e+002
  3.6017898e+002  2.6050741e+002
  3.5935870e+002  2.6025160e+002
  3.5831826e+002  2.5922005e+002
  3.5727251e+002  2.5808339e+002
  3.5636287e+002  2.5718633e+002
  3.5542590e+002  2.5626094e+002
  3.5419949e+002  2.5509685e+002
  3.5314153e+002  2.5421542e+002
  3.5206904e+002  2.5340205e+002
  3.5098295e+002  2.5266502e+002
  3.5011957e+002  2.5257219e+002
  3.4925414e+002  2.5241379e+002
  3.4817108e+002  2.5152167e+002
  3.4731326e+002  2.5122583e+002
  3.4620716e+002  2.5028021e+002
  3.4511535e+002  2.4937034e+002
  3.4404535e+002  2.4855369e+002
  3.4313819e+002  2.4839046e+002
  3.4204117e+002  2.4769222e+002
  3.4107506e+002  2.4756632e+002
  3.4009238e+002  2.4746615e+002
  3.3892065e+002  2.4685904e+002
  3.3795234e+002  2.4674450e+002
  3.3701193e+002  2.4658212e+002
  3.3610944e+002  2.4635545e+002
  3.3506292e+002  2.4551909e+002
  3.3419459e+002  2.4524631e+002
  3.3310391e+002  2.4447137e+002
  3.3198559e+002  2.4374821e+002
  3.3105330e+002  2.4353860e+002
  3.3013782e+002  2.4333689e+002
  3.2904272e+002  2.4259114e+002
  3.2814577e+002  2.4239247e+002
  3.2707368e+002  2.4166597e+002
  3.2619889e+002  2.4149648e+002
  3.2511817e+002  2.4082319e+002
  3.2417167e+002  2.4068779e+002
  3.2320508e+002  2.4057992e+002
  3.2222426e+002  2.4049723e+002
  3.2103319e+002  2.3989315e+002
  3.2004151e+002  2.3982242e+002
  3.1902363e+002  2.3974877e+002
  3.1802488e+002  2.3960852e+002
  3.1704064e+002  2.3938538e+002
  3.1600275e+002  2.3862757e+002
  3.1505618e+002  2.3836189e+002
  3.1403321e+002  2.3766612e+002
  3.1308085e+002  2.3747375e+002
  3.1195479e+002  2.3698332e+002
  3.1096303e+002  2.3695271e+002
  3.0994542e+002  2.3695194e+002
  3.0891860e+002  2.3697348e+002
  3.0789380e+002  2.3697263e+002
  3.0677922e+002  2.3698173e+002
  3.0581433e+002  2.3702142e+002
  3.0486774e+002  2.3705614e+002
  3.0393610e+002  2.3705412e+002
  3.0279807e+002  2.3699243e+002
  3.0216707e+002  2.3692887e+002
  3.0074470e+002  2.3684923e+002
  2.9984524e+002  2.3678511e+002
  2.9897238e+002  2.3669395e+002
  2.9811149e+002  2.3655125e+002
  2.9722482e+002  2.3634410e+002
  2.9617443e+002  2.3567721e+002
  2.9522426e+002  2.3551277e+002
  2.9423616e+002  2.3538802e+002
  2.9317990e+002  2.3491684e+002
  2.9215057e+002  2.3491141e+002
  2.9075555e+002  2.3492139e+002
  2.8984341e+002  2.3499067e+002
  2.8891948e+002  2.3503116e+002
  2.8797259e+002  2.3504187e+002
  2.8676538e+002  2.3500830e+002
  2.8575199e+002  2.3496106e+002
  2.8478893e+002  2.3485323e+002
  2.8384293e+002  2.3470128e+002
  2.8292524e+002  2.3454094e+002
  2.8205564e+002  2.3442680e+002
  2.8113187e+002  2.3395128e+002
  2.8021052e+002  2.3400394e+002
  2.7856455e+002  2.3410800e+002
  2.7765680e+002  2.3430739e+002
  2.7677082e+002  2.3448994e+002
  2.7589807e+002  2.3465643e+002
  2.7493220e+002  2.3535319e+002
  2.7406473e+002  2.3555762e+002
  2.7310773e+002  2.3632373e+002
  2.7219993e+002  2.3649217e+002
  2.7122640e+002  2.3661202e+002
  2.7017282e+002  2.3712227e+002
  2.6908149e+002  2.3708794e+002
  2.6795122e+002  2.3704567e+002
  2.6690390e+002  2.3705862e+002
  2.6594410e+002  2.3707230e+002
  2.6464410e+002  2.3715358e+002
  2.6366755e+002  2.3736572e+002
  2.6276378e+002  2.3765063e+002
  2.6186541e+002  2.3839359e+002
  2.6096451e+002  2.3856990e+002
  2.5990700e+002  2.3914671e+002
  2.5895033e+002  2.3921140e+002
  2.5800409e+002  2.3926195e+002
  2.5705646e+002  2.3932525e+002
  2.5614532e+002  2.3946193e+002
  2.5525225e+002  2.3968244e+002
  2.5423437e+002  2.4057590e+002
  2.5319643e+002  2.4142716e+002
  2.5225469e+002  2.4159518e+002
  2.5104806e+002  2.4226420e+002
  2.5009760e+002  2.4241707e+002
  2.4916598e+002  2.4265108e+002
  2.4804090e+002  2.4353118e+002
  2.4696123e+002  2.4442634e+002
  2.4608742e+002  2.4471352e+002
  2.4500136e+002  2.4552150e+002
  2.4389995e+002  2.4629014e+002
  2.4302328e+002  2.4651625e+002
  2.4188476e+002  2.4731340e+002
  2.4102819e+002  2.4754945e+002
  2.3995215e+002  2.4836093e+002
  2.3911581e+002  2.4861033e+002
  2.3808389e+002  2.4944994e+002
  2.3727722e+002  2.4969847e+002
  2.3626143e+002  2.5057371e+002
  2.3524222e+002  2.5146146e+002
  2.3447141e+002  2.5167904e+002
  2.3337123e+002  2.5256283e+002
  2.3225928e+002  2.5354296e+002
  2.3122796e+002  2.5458579e+002
  2.3021589e+002  2.5559037e+002
  2.2912383e+002  2.5646543e+002
  2.2830638e+002  2.5669250e+002
  2.2711350e+002  2.5749894e+002
  2.2632515e+002  2.5777916e+002
  2.2529391e+002  2.5875717e+002
  2.2432139e+002  2.5979392e+002
  2.2326594e+002  2.6082529e+002
  2.2231571e+002  2.6185845e+002
  2.2141458e+002  2.6294865e+002
  2.2049759e+002  2.6397232e+002
  2.1951024e+002  2.6491574e+002
  2.1917681e+002  2.6558455e+002
  2.1808767e+002  2.6663463e+002
  2.1719640e+002  2.6757038e+002
  2.1619247e+002  2.6848701e+002
  2.1527261e+002  2.6891900e+002
  2.1435965e+002  2.6988943e+002
  2.1349751e+002  2.7096915e+002
  2.1266727e+002  2.7206736e+002
  2.1247291e+002  2.7282875e+002
  2.1161569e+002  2.7391585e+002
  2.1140421e+002  2.7467093e+002
  2.1050493e+002  2.7571922e+002
  2.1025316e+002  2.7643212e+002
  2.0960237e+002  2.7674922e+002
  2.0932016e+002  2.7748296e+002
  2.0866530e+002  2.7784191e+002
  2.0836740e+002  2.7861048e+002
  2.0730232e+002  2.7970653e+002
  2.0622423e+002  2.8076569e+002
  2.0523077e+002  2.8180178e+002
  2.0435853e+002  2.8288566e+002
  2.0349117e+002  2.8402952e+002
  2.0263236e+002  2.8524232e+002
  2.0241360e+002  2.8604537e+002
  2.0171586e+002  2.8721661e+002
  2.0158399e+002  2.8807132e+002
  2.0140849e+002  2.8893471e+002
  2.0062141e+002  2.9004300e+002
  2.0031506e+002  2.9088564e+002
  1.9948373e+002  2.9200275e+002
  1.9863007e+002  2.9306650e+002
  1.9833444e+002  2.9388243e+002
  1.9751720e+002  2.9496463e+002
  1.9731777e+002  2.9583789e+002
  1.9655628e+002  2.9694655e+002
  1.9643481e+002  2.9782343e+002
  1.9581969e+002  2.9893925e+002
  1.9582635e+002  2.9984602e+002
  1.9580765e+002  3.0075883e+002
  1.9575113e+002  3.0164093e+002
  1.9553483e+002  3.0246529e+002
  1.9520260e+002  3.0327981e+002
  1.9450003e+002  3.0345029e+002
  1.9413943e+002  3.0426283e+002
  1.9340436e+002  3.0444970e+002
  1.9269094e+002  3.0468864e+002
  1.9241733e+002  3.0553422e+002
  1.9153556e+002  3.0670095e+002
  1.9131736e+002  3.0755359e+002
  1.9049899e+002  3.0875683e+002
  1.8975240e+002  3.0992469e+002
  1.8968249e+002  3.1086722e+002
  1.8962451e+002  3.1184235e+002
  1.8959699e+002  3.1283952e+002
  1.8948729e+002  3.1385715e+002
  1.8874765e+002  3.1516391e+002
  1.8842976e+002  3.1608249e+002
  1.8755753e+002  3.1702335e+002
  1.8729035e+002  3.1785909e+002
  1.8663987e+002  3.1884739e+002
  1.8657234e+002  3.1982392e+002
  1.8661989e+002  3.2084062e+002
  1.8673310e+002  3.2191230e+002
  1.8685439e+002  3.2323677e+002
  1.8692139e+002  3.2393957e+002
  1.8702973e+002  3.2471544e+002
  1.8709102e+002  3.2561576e+002
  1.8705171e+002  3.2738681e+002
  1.8660341e+002  3.2824334e+002
  1.8632712e+002  3.2915015e+002
  1.8592447e+002  3.2956497e+002
  1.8577394e+002  3.3019039e+002
  1.8481863e+002  3.3156468e+002
  1.8440251e+002  3.3264468e+002
  1.8405125e+002  3.3379895e+002
  1.8421043e+002  3.3545845e+002
  1.8437570e+002  3.3635232e+002
  1.8448157e+002  3.3724766e+002
  1.8446142e+002  3.3814432e+002
  1.8433928e+002  3.3905234e+002
  1.8414189e+002  3.3995047e+002
  1.8397455e+002  3.4094648e+002
  1.8390290e+002  3.4242472e+002
  1.8392665e+002  3.4340274e+002
  1.8389865e+002  3.4433196e+002
  1.8384290e+002  3.4528844e+002
  1.8373731e+002  3.4631669e+002
  1.8372274e+002  3.4736167e+002
  1.8373953e+002  3.4838644e+002
  1.8376539e+002  3.4930447e+002
  1.8376801e+002  3.5014348e+002
  1.8364271e+002  3.5092266e+002
  1.8340112e+002  3.5171673e+002
  1.8274216e+002  3.5275257e+002
  1.8256541e+002  3.5369990e+002
  1.8239308e+002  3.5474598e+002
  1.8188323e+002  3.5598623e+002
  1.8181367e+002  3.5698660e+002
  1.8165371e+002  3.5793291e+002
  1.8159059e+002  3.5885100e+002
  1.8160462e+002  3.6043610e+002
  1.8187079e+002  3.6137553e+002
  1.8220113e+002  3.6231429e+002
  1.8248897e+002  3.6329265e+002
  1.8256361e+002  3.6427031e+002
  1.8287750e+002  3.6527077e+002
  1.8289446e+002  3.6627121e+002
  1.8290425e+002  3.6723981e+002
  1.8296622e+002  3.6819302e+002
  1.8303550e+002  3.6916735e+002
  1.8311014e+002  3.7014631e+002
  1.8317622e+002  3.7113343e+002
  1.8326328e+002  3.7209740e+002
  1.8339365e+002  3.7305487e+002
  1.8357482e+002  3.7398856e+002
  1.8423148e+002  3.7491604e+002
  1.8441750e+002  3.7588588e+002
  1.8457298e+002  3.7690593e+002
  1.8507722e+002  3.7796496e+002
  1.8513417e+002  3.7904737e+002
  1.8521420e+002  3.8010794e+002
  1.8533171e+002  3.8112251e+002
  1.8551437e+002  3.8210270e+002
  1.8607687e+002  3.8312441e+002
  1.8627635e+002  3.8410227e+002
  1.8642269e+002  3.8508739e+002
  1.8656053e+002  3.8606356e+002
  1.8712462e+002  3.8720463e+002
  1.8728193e+002  3.8815980e+002
  1.8744733e+002  3.8911656e+002
  1.8761215e+002  3.9008176e+002
  1.8833404e+002  3.9108869e+002
  1.8849582e+002  3.9199902e+002
  1.8868673e+002  3.9288008e+002
  1.8951905e+002  3.9380330e+002
  1.9031269e+002  3.9487024e+002
  1.9050513e+002  3.9583761e+002
  1.9110812e+002  3.9702879e+002
  1.9124003e+002  3.9802709e+002
  1.9138431e+002  3.9901312e+002
  1.9155706e+002  3.9997884e+002
  1.9231752e+002  4.0110032e+002
  1.9251692e+002  4.0200142e+002
  1.9326164e+002  4.0302560e+002
  1.9338671e+002  4.0397022e+002
  1.9345886e+002  4.0493153e+002
  1.9351049e+002  4.0590475e+002
