  2.1760488e+002  4.5748725e+002
  2.1844320e+002  4.5766187e+002
  2.1883736e+002  4.5837250e+002
  2.1965690e+002  4.5865064e+002
  2.2062906e+002  4.5961597e+002
  2.2141517e+002  4.6084271e+002
  2.2149502e+002  4.6181554e+002
  2.2157232e+002  4.6277181e+002
  2.2251763e+002  4.6363042e+002
  2.2350362e+002  4.6466355e+002
  2.2459762e+002  4.6556498e+002
  2.2573889e+002  4.6650673e+002
  2.2702553e+002  4.6763848e+002
  2.2795852e+002  4.6862853e+002
  2.2873942e+002  4.6964904e+002
  2.2964821e+002  4.7071992e+002
  2.3059284e+002  4.7167280e+002
  2.3158907e+002  4.7265083e+002
  2.3257466e+002  4.7372675e+002
  2.3351688e+002  4.7478422e+002
  2.3443114e+002  4.7582634e+002
  2.3452056e+002  4.7673611e+002
  2.3534557e+002  4.7777981e+002
  2.3550437e+002  4.7866061e+002
  2.3640540e+002  4.7963406e+002
  2.3660705e+002  4.8045048e+002
  2.3737175e+002  4.8060608e+002
  2.3782159e+002  4.8157147e+002
  2.3886751e+002  4.8243134e+002
  2.3974806e+002  4.8257019e+002
  2.4075846e+002  4.8335144e+002
  2.4164427e+002  4.8340757e+002
  2.4254519e+002  4.8345484e+002
  2.4348679e+002  4.8346516e+002
  2.4454276e+002  4.8425829e+002
  2.4549813e+002  4.8437741e+002
  2.4653251e+002  4.8536825e+002
  2.4745557e+002  4.8557572e+002
  2.4757295e+002  4.8639014e+002
  2.4844672e+002  4.8664205e+002
  2.4854465e+002  4.8748300e+002
  2.4940652e+002  4.8772087e+002
  2.4948901e+002  4.8856062e+002
  2.4967192e+002  4.8937859e+002
  2.5059596e+002  4.8952785e+002
  2.5173123e+002  4.9033906e+002
  2.5277232e+002  4.9029982e+002
  2.5384340e+002  4.9028397e+002
  2.5489305e+002  4.9035319e+002
  2.5586899e+002  4.9049584e+002
  2.5678730e+002  4.9067894e+002
  2.5788279e+002  4.9147504e+002
  2.5878156e+002  4.9168971e+002
  2.5979819e+002  4.9265585e+002
  2.6073681e+002  4.9375026e+002
  2.6163858e+002  4.9479804e+002
  2.6258877e+002  4.9570793e+002
  2.6366814e+002  4.9647961e+002
  2.6461471e+002  4.9653033e+002
  2.6587007e+002  4.9720714e+002
  2.6682483e+002  4.9734539e+002
  2.6777228e+002  4.9753538e+002
  2.6882436e+002  4.9849820e+002
  2.6971688e+002  4.9869834e+002
  2.7076444e+002  4.9947892e+002
  2.7175622e+002  4.9942635e+002
  2.7277205e+002  4.9934680e+002
  2.7375932e+002  4.9932892e+002
  2.7469972e+002  4.9946422e+002
  2.7559605e+002  4.9975445e+002
  2.7654313e+002  5.0093579e+002
  2.7746831e+002  5.0207061e+002
  2.7761851e+002  5.0287614e+002
  2.7845816e+002  5.0387296e+002
  2.7882332e+002  5.0474659e+002
  2.7990891e+002  5.0562863e+002
  2.8103513e+002  5.0639133e+002
  2.8193751e+002  5.0642088e+002
  2.8284469e+002  5.0640442e+002
  2.8377254e+002  5.0639126e+002
  2.8473882e+002  5.0640054e+002
  2.8573757e+002  5.0643545e+002
  2.8674222e+002  5.0649299e+002
  2.8775796e+002  5.0658352e+002
  2.8895988e+002  5.0725189e+002
  2.8993784e+002  5.0742127e+002
  2.9087003e+002  5.0764699e+002
  2.9189390e+002  5.0831963e+002
  2.9276160e+002  5.0854069e+002
  2.9374102e+002  5.0936939e+002
  2.9464122e+002  5.0949276e+002
  2.9558612e+002  5.0952505e+002
  2.9667778e+002  5.1017555e+002
  2.9767524e+002  5.1023585e+002
  2.9865983e+002  5.1032704e+002
  2.9967203e+002  5.1041914e+002
  3.0068590e+002  5.1050764e+002
  3.0179164e+002  5.1131263e+002
  3.0276910e+002  5.1143232e+002
  3.0372016e+002  5.1155480e+002
  3.0471220e+002  5.1236558e+002
  3.0562001e+002  5.1241318e+002
  3.0657875e+002  5.1246076e+002
  3.0756059e+002  5.1247004e+002
  3.0858128e+002  5.1253068e+002
  3.0966864e+002  5.1318855e+002
  3.1066080e+002  5.1328207e+002
  3.1161813e+002  5.1342209e+002
  3.1255029e+002  5.1357034e+002
  3.1347869e+002  5.1459409e+002
  3.1354532e+002  5.1539126e+002
  3.1436565e+002  5.1553464e+002
  3.1447582e+002  5.1630904e+002
  3.1535106e+002  5.1642260e+002
  3.1639698e+002  5.1725079e+002
  3.1744142e+002  5.1817979e+002
  3.1844043e+002  5.1907214e+002
  3.1947870e+002  5.1993438e+002
  3.2045737e+002  5.2083089e+002
  3.2138228e+002  5.2164859e+002
  3.2238542e+002  5.2235811e+002
  3.2348773e+002  5.2276711e+002
  3.2441131e+002  5.2443011e+002
  3.2477587e+002  5.2543687e+002
  3.2487711e+002  5.2622132e+002
  3.2430552e+002  5.2954536e+002
  3.2386372e+002  5.3081659e+002
  3.2464037e+002  5.3221219e+002
  3.2546091e+002  5.3298710e+002
  3.2546391e+002  5.3369712e+002
  3.2546660e+002  5.3453115e+002
  3.2549365e+002  5.3541360e+002
  3.2550392e+002  5.3638273e+002
  3.2647670e+002  5.3636573e+002
  3.2656655e+002  5.3735918e+002
  3.2752845e+002  5.3722053e+002
  3.2925873e+002  5.3667347e+002
  3.3000991e+002  5.3610990e+002
  3.3081134e+002  5.3517712e+002
  3.3186666e+002  5.3460427e+002
  3.3291007e+002  5.3473793e+002
  3.3418518e+002  5.3485406e+002
  3.3513674e+002  5.3494837e+002
  3.3604037e+002  5.3503020e+002
  3.3701102e+002  5.3513022e+002
  3.3804836e+002  5.3514753e+002
  3.3909850e+002  5.3505986e+002
  3.3997772e+002  5.3491965e+002
  3.4092605e+002  5.3487916e+002
  3.4202223e+002  5.3497907e+002
  3.4298387e+002  5.3509898e+002
  3.4394882e+002  5.3523538e+002
  3.4491188e+002  5.3534056e+002
  3.4584955e+002  5.3541810e+002
  3.4676410e+002  5.3543274e+002
  3.4770980e+002  5.3537586e+002
  3.4895611e+002  5.3518223e+002
  3.4988069e+002  5.3498552e+002
  3.5084215e+002  5.3489643e+002
  3.5182672e+002  5.3493753e+002
  3.5282999e+002  5.3513267e+002
  3.5452715e+002  5.3546171e+002
  3.5619079e+002  5.3587678e+002
  3.5692392e+002  5.3657379e+002
  3.5757418e+002  5.3718892e+002
  3.5836063e+002  5.3721892e+002
  3.5919122e+002  5.3729533e+002
  3.6009467e+002  5.3742718e+002
  3.6244325e+002  5.3742346e+002
  3.6336589e+002  5.3716901e+002
  3.6411000e+002  5.3673267e+002
  3.6491518e+002  5.3591725e+002
  3.6542722e+002  5.3514898e+002
  3.6555975e+002  5.3428288e+002
  3.6668697e+002  5.3335390e+002
  3.6778171e+002  5.3273299e+002
  3.6881330e+002  5.3284826e+002
  3.7057814e+002  5.3294803e+002
  3.7231045e+002  5.3320708e+002
  3.7318481e+002  5.3341101e+002
  3.7402315e+002  5.3364253e+002
  3.7490499e+002  5.3457517e+002
  3.7560828e+002  5.3549715e+002
  3.7625929e+002  5.3557278e+002
  3.7623528e+002  5.3635521e+002
  3.7694591e+002  5.3631559e+002
  3.7783117e+002  5.3618592e+002
  3.8013744e+002  5.3593203e+002
  3.8112847e+002  5.3564711e+002
  3.8207182e+002  5.3544203e+002
  3.8293613e+002  5.3444991e+002
  3.8376577e+002  5.3344985e+002
  3.8461731e+002  5.3270129e+002
  3.8559422e+002  5.3271759e+002
  3.8663009e+002  5.3280544e+002
  3.8773015e+002  5.3292880e+002
  3.8897240e+002  5.3311088e+002
  3.8978847e+002  5.3334082e+002
  3.9116655e+002  5.3347710e+002
  3.9215029e+002  5.3338943e+002
  3.9306658e+002  5.3312097e+002
  3.9389791e+002  5.3277738e+002
  3.9476279e+002  5.3247977e+002
  3.9567125e+002  5.3130439e+002
  3.9656301e+002  5.3025154e+002
  3.9750870e+002  5.2946431e+002
  3.9861853e+002  5.2905644e+002
  4.0015325e+002  5.2952444e+002
  4.0083929e+002  5.3048592e+002
  4.0157003e+002  5.3059689e+002
  4.0253244e+002  5.3129093e+002
  4.0408084e+002  5.3032198e+002
  4.0491266e+002  5.2942560e+002
  4.0574611e+002  5.2845585e+002
  4.0649886e+002  5.2744491e+002
  4.0654519e+002  5.2655317e+002
  4.0715662e+002  5.2623080e+002
  4.0715013e+002  5.2533315e+002
  4.0712730e+002  5.2446648e+002
  4.0709166e+002  5.2355471e+002
  4.0899322e+002  5.2223617e+002
  4.1011999e+002  5.2201214e+002
  4.1140059e+002  5.2205753e+002
  4.1232594e+002  5.2206108e+002
  4.1317791e+002  5.2199771e+002
  4.1399579e+002  5.2178094e+002
  4.1507270e+002  5.2140118e+002
  4.1566578e+002  5.2062458e+002
  4.1667202e+002  5.2027538e+002
  4.1723328e+002  5.1921974e+002
  4.1719189e+002  5.1819309e+002
  4.1719076e+002  5.1721422e+002
  4.1726641e+002  5.1636968e+002
  4.1746408e+002  5.1566853e+002
  4.1887583e+002  5.1509181e+002
  4.2031057e+002  5.1451185e+002
  4.2098218e+002  5.1442149e+002
  4.2165707e+002  5.1372874e+002
  4.2277918e+002  5.1380705e+002
  4.2348961e+002  5.1390288e+002
  4.2455207e+002  5.1322299e+002
  4.2542470e+002  5.1322260e+002
  4.2782911e+002  5.1125295e+002
  4.2953717e+002  5.1003573e+002
  4.3081242e+002  5.0917011e+002
  4.3117874e+002  5.0812753e+002
  4.3106040e+002  5.0721903e+002
  4.3135733e+002  5.0630504e+002
  4.3163301e+002  5.0533030e+002
  4.3283844e+002  5.0465744e+002
  4.3378552e+002  5.0469652e+002
  4.3465430e+002  5.0481981e+002
  4.3554180e+002  5.0486954e+002
  4.3642829e+002  5.0477846e+002
  4.3731960e+002  5.0336955e+002
  4.3719174e+002  5.0216399e+002
  4.3697447e+002  5.0102759e+002
  4.3678988e+002  4.9993670e+002
  4.3667285e+002  4.9889140e+002
  4.3660387e+002  4.9790719e+002
  4.3672307e+002  4.9697445e+002
  4.3689668e+002  4.9611236e+002
  4.3717046e+002  4.9522182e+002
  4.3755037e+002  4.9437739e+002
  4.3867511e+002  4.9352398e+002
  4.3891456e+002  4.9349009e+002
  4.3924649e+002  4.9265789e+002
  4.3942006e+002  4.9169750e+002
  4.3956091e+002  4.9073614e+002
  4.4040330e+002  4.9063226e+002
  4.4048538e+002  4.8952706e+002
  4.4134955e+002  4.8833824e+002
  4.4151988e+002  4.8740569e+002
  4.4230267e+002  4.8661424e+002
  4.4315483e+002  4.8562311e+002
  4.4394998e+002  4.8420500e+002
  4.4395682e+002  4.8317480e+002
  4.4411173e+002  4.8217344e+002
  4.4430603e+002  4.8123167e+002
  4.4457500e+002  4.8029412e+002
  4.4543238e+002  4.7930999e+002
  4.4563431e+002  4.7853015e+002
  4.4630015e+002  4.7845007e+002
  4.4645279e+002  4.7764323e+002
  4.4729215e+002  4.7655500e+002
  4.4811332e+002  4.7526881e+002
  4.4825450e+002  4.7420145e+002
  4.4849242e+002  4.7319027e+002
  4.4893404e+002  4.7222943e+002
  4.4985548e+002  4.7145413e+002
  4.5059764e+002  4.7061270e+002
  4.5127451e+002  4.7058439e+002
  4.5200103e+002  4.6946479e+002
  4.5207132e+002  4.6846067e+002
  4.5204905e+002  4.6742451e+002
  4.5203649e+002  4.6636786e+002
  4.5195639e+002  4.6490017e+002
  4.5191612e+002  4.6395920e+002
  4.5192275e+002  4.6302257e+002
  4.5184950e+002  4.6214581e+002
  4.5176406e+002  4.6130071e+002
  4.5172025e+002  4.5910793e+002
  4.5192523e+002  4.5756069e+002
  4.5202472e+002  4.5680086e+002
  4.5212277e+002  4.5597485e+002
  4.5224188e+002  4.5507982e+002
  4.5236180e+002  4.5415991e+002
  4.5251928e+002  4.5323317e+002
  4.5331949e+002  4.5221240e+002
  4.5336552e+002  4.5124886e+002
  4.5324971e+002  4.4957559e+002
  4.5288271e+002  4.4878006e+002
  4.5259503e+002  4.4795594e+002
  4.5238870e+002  4.4711975e+002
  4.5163355e+002  4.4620411e+002
  4.5163500e+002  4.4534034e+002
  4.5179193e+002  4.4442116e+002
  4.5211354e+002  4.4245598e+002
  4.5271246e+002  4.4088176e+002
  4.5357334e+002  4.4019373e+002
  4.5432805e+002  4.3937462e+002
  4.5428278e+002  4.3840031e+002
  4.5418899e+002  4.3737040e+002
  4.5408730e+002  4.3575091e+002
  4.5390487e+002  4.3485900e+002
  4.5379693e+002  4.3395539e+002
  4.5374364e+002  4.3305543e+002
  4.5375551e+002  4.3215088e+002
  4.5376726e+002  4.3123933e+002
  4.5372778e+002  4.3032782e+002
  4.5352868e+002  4.2942404e+002
  4.5326886e+002  4.2852885e+002
  4.5252360e+002  4.2845902e+002
  4.5221095e+002  4.2757747e+002
  4.5161115e+002  4.2745382e+002
  4.5145560e+002  4.2649339e+002
  4.5096490e+002  4.2523416e+002
  4.5106566e+002  4.2417327e+002
  4.5122208e+002  4.2311028e+002
  4.5120786e+002  4.2135537e+002
  4.5118277e+002  4.1948160e+002
  4.5133131e+002  4.1769031e+002
  4.5142232e+002  4.1679550e+002
  4.5148606e+002  4.1589410e+002
  4.5156834e+002  4.1497229e+002
  4.5210773e+002  4.1406248e+002
  4.5217318e+002  4.1310689e+002
  4.5217996e+002  4.1214901e+002
  4.5210154e+002  4.1090349e+002
  4.5200264e+002  4.0995842e+002
  4.5191344e+002  4.0899258e+002
  4.5190172e+002  4.0799781e+002
  4.5188348e+002  4.0698623e+002
  4.5183992e+002  4.0598054e+002
  4.5173568e+002  4.0499057e+002
  4.5157603e+002  4.0402759e+002
  4.5142374e+002  4.0303968e+002
  4.5081564e+002  4.0198967e+002
  4.5083641e+002  4.0099798e+002
  4.5085931e+002  4.0000492e+002
  4.5081650e+002  3.9899705e+002
  4.5073454e+002  3.9798420e+002
  4.5060401e+002  3.9698726e+002
  4.5054647e+002  3.9601535e+002
  4.5048264e+002  3.9510269e+002
  4.4986405e+002  3.9405448e+002
  4.4985153e+002  3.9305629e+002
  4.4974471e+002  3.9204662e+002
  4.4960126e+002  3.9104892e+002
  4.4942412e+002  3.9008571e+002
  4.4858060e+002  3.8904351e+002
  4.4844759e+002  3.8814284e+002
  4.4760379e+002  3.8721813e+002
  4.4753299e+002  3.8635495e+002
  4.4748841e+002  3.8544589e+002
  4.4689257e+002  3.8440543e+002
  4.4692126e+002  3.8332364e+002
  4.4696529e+002  3.8223234e+002
  4.4699804e+002  3.8091399e+002
  4.4700953e+002  3.8013766e+002
  4.4698527e+002  3.7913868e+002
  4.4691297e+002  3.7813233e+002
  4.4684525e+002  3.7711466e+002
  4.4685693e+002  3.7609556e+002
  4.4691857e+002  3.7512204e+002
  4.4710287e+002  3.7419410e+002
  4.4735191e+002  3.7336186e+002
  4.4749742e+002  3.7259442e+002
  4.4747541e+002  3.7174409e+002
  4.4711490e+002  3.7074902e+002
  4.4666294e+002  3.6956842e+002
  4.4625960e+002  3.6850340e+002
  4.4543514e+002  3.6896534e+002
  4.4449132e+002  3.6914915e+002
  4.4353281e+002  3.6924054e+002
  4.4339250e+002  3.6892574e+002
  4.4163371e+002  3.6646082e+002
  4.4143186e+002  3.6470561e+002
  4.4105576e+002  3.6403480e+002
  4.4128857e+002  3.6325784e+002
  4.4073411e+002  3.6281588e+002
  4.4004948e+002  3.6191674e+002
  4.3938704e+002  3.6029083e+002
  4.3919798e+002  3.5939115e+002
  4.3902717e+002  3.5842383e+002
  4.3888507e+002  3.5741256e+002
  4.3872094e+002  3.5641309e+002
  4.3854293e+002  3.5546544e+002
  4.3842806e+002  3.5458813e+002
  4.3780619e+002  3.5439921e+002
  4.3766674e+002  3.5354967e+002
  4.3760895e+002  3.5265131e+002
  4.3754119e+002  3.5170405e+002
  4.3745686e+002  3.5067927e+002
  4.3671658e+002  3.5060645e+002
  4.3662143e+002  3.4955750e+002
  4.3649311e+002  3.4850313e+002
  4.3582595e+002  3.4835999e+002
  4.3562798e+002  3.4736944e+002
  4.3550615e+002  3.4642751e+002
  4.3536711e+002  3.4546164e+002
  4.3452961e+002  3.4428572e+002
  4.3435334e+002  3.4330725e+002
  4.3357892e+002  3.4229843e+002
  4.3350972e+002  3.4133532e+002
  4.3347050e+002  3.4040963e+002
  4.3283291e+002  3.3933464e+002
  4.3264923e+002  3.3838205e+002
  4.3244871e+002  3.3745008e+002
  4.3157321e+002  3.3634240e+002
  4.3137806e+002  3.3541300e+002
  4.3054964e+002  3.3434738e+002
  4.3042326e+002  3.3345057e+002
  4.2954381e+002  3.3235663e+002
  4.2938139e+002  3.3144412e+002
  4.2838775e+002  3.3037524e+002
  4.2735698e+002  3.2933229e+002
  4.2629111e+002  3.2823900e+002
  4.2519268e+002  3.2716127e+002
  4.2422697e+002  3.2608484e+002
  4.2339157e+002  3.2510143e+002
  4.2265599e+002  3.2415263e+002
  4.2249821e+002  3.2338594e+002
  4.2171325e+002  3.2233039e+002
  4.2151512e+002  3.2151692e+002
  4.2064389e+002  3.2045289e+002
  4.2040987e+002  3.1961436e+002
  4.1981129e+002  3.1943410e+002
  4.1961748e+002  3.1856955e+002
  4.1894322e+002  3.1739536e+002
  4.1884823e+002  3.1641740e+002
  4.1877935e+002  3.1539512e+002
  4.1875834e+002  3.1434699e+002
  4.1873385e+002  3.1330000e+002
  4.1867842e+002  3.1232225e+002
  4.1855552e+002  3.1139724e+002
  4.1838362e+002  3.1056581e+002
  4.1738304e+002  3.1046407e+002
  4.1633943e+002  3.0954969e+002
  4.1561203e+002  3.0930187e+002
  4.1543657e+002  3.0848506e+002
  4.1451557e+002  3.0746402e+002
  4.1423854e+002  3.0672815e+002
  4.1351609e+002  3.0653606e+002
  4.1248193e+002  3.0557163e+002
  4.1181952e+002  3.0534886e+002
  4.1140793e+002  3.0456344e+002
  4.1069237e+002  3.0426155e+002
  4.1047831e+002  3.0355761e+002
  4.0979848e+002  3.0326438e+002
  4.0963815e+002  3.0243769e+002
  4.0928069e+002  3.0145347e+002
  4.0841035e+002  3.0036321e+002
  4.0752899e+002  2.9923764e+002
  4.0732406e+002  2.9856127e+002
  4.0661383e+002  2.9813848e+002
  4.0635986e+002  2.9747944e+002
  4.0534913e+002  2.9638578e+002
  4.0437241e+002  2.9521515e+002
  4.0325052e+002  2.9402334e+002
  4.0223832e+002  2.9329354e+002
  4.0117634e+002  2.9242287e+002
  3.9987658e+002  2.9099174e+002
  3.9896074e+002  2.8982934e+002
  3.9810171e+002  2.8883207e+002
  3.9725709e+002  2.8792069e+002
  3.9638279e+002  2.8709230e+002
  3.9561594e+002  2.8616925e+002
  3.9544889e+002  2.8537779e+002
  3.9480978e+002  2.8429129e+002
  3.9468895e+002  2.8346788e+002
  3.9455115e+002  2.8259402e+002
  3.9386190e+002  2.8148519e+002
  3.9377319e+002  2.8062929e+002
  3.9316160e+002  2.7964265e+002
  3.9133097e+002  2.7799615e+002
  3.9027410e+002  2.7754862e+002
  3.8932848e+002  2.7763959e+002
  3.8837087e+002  2.7761587e+002
  3.8743856e+002  2.7749541e+002
  3.8614227e+002  2.7674589e+002
  3.8532691e+002  2.7629314e+002
  3.8390324e+002  2.7480109e+002
  3.8323194e+002  2.7387420e+002
  3.8256700e+002  2.7292899e+002
  3.8243328e+002  2.7221816e+002
  3.8170721e+002  2.7119372e+002
  3.8154245e+002  2.7047787e+002
  3.8135658e+002  2.6976590e+002
  3.8061943e+002  2.6946308e+002
  3.7980924e+002  2.6833811e+002
  3.7854232e+002  2.6775475e+002
  3.7782757e+002  2.6773641e+002
  3.7714630e+002  2.6761612e+002
  3.7651421e+002  2.6732528e+002
  3.7622394e+002  2.6661349e+002
  3.7558080e+002  2.6622328e+002
  3.7521729e+002  2.6562471e+002
  3.7424732e+002  2.6506618e+002
  3.7322889e+002  2.6415956e+002
  3.7234345e+002  2.6306694e+002
  3.7129388e+002  2.6184460e+002
  3.7017284e+002  2.6080643e+002
  3.6913581e+002  2.5986622e+002
  3.6818660e+002  2.5904928e+002
  3.6719308e+002  2.5829985e+002
  3.6611409e+002  2.5757799e+002
  3.6535872e+002  2.5729954e+002
  3.6423865e+002  2.5638949e+002
  3.6317628e+002  2.5543592e+002
  3.6214654e+002  2.5443991e+002
  3.6135254e+002  2.5354431e+002
  3.6078449e+002  2.5319033e+002
  3.6057453e+002  2.5248060e+002
  3.6039597e+002  2.5178128e+002
  3.5934183e+002  2.5105068e+002
  3.5818016e+002  2.5034354e+002
  3.5690491e+002  2.4986375e+002
  3.5602663e+002  2.4999596e+002
  3.5514246e+002  2.4991381e+002
  3.5432380e+002  2.4959098e+002
  3.5355203e+002  2.4900764e+002
  3.5337900e+002  2.4846962e+002
  3.5248374e+002  2.4735262e+002
  3.5152764e+002  2.4635181e+002
  3.5131456e+002  2.4558803e+002
  3.5056742e+002  2.4538975e+002
  3.5059054e+002  2.4474117e+002
  3.4967752e+002  2.4390367e+002
  3.4803202e+002  2.4393523e+002
  3.4723210e+002  2.4430911e+002
  3.4683349e+002  2.4444327e+002
  3.4612161e+002  2.4385616e+002
  3.4312342e+002  2.4295248e+002
  3.4212488e+002  2.4180584e+002
  3.4152081e+002  2.4083364e+002
  3.4141183e+002  2.4004852e+002
  3.4069741e+002  2.3913911e+002
  3.3979043e+002  2.3796007e+002
  3.3852092e+002  2.3764267e+002
  3.3781759e+002  2.3765915e+002
  3.3682249e+002  2.3764611e+002
  3.3567424e+002  2.3757579e+002
  3.3478612e+002  2.3744806e+002
  3.3377534e+002  2.3687304e+002
  3.3288439e+002  2.3675189e+002
  3.3196907e+002  2.3661973e+002
  3.3102996e+002  2.3650323e+002
  3.3008935e+002  2.3634838e+002
  3.2899338e+002  2.3578577e+002
  3.2809138e+002  2.3562102e+002
  3.2718821e+002  2.3545283e+002
  3.2619639e+002  2.3483669e+002
  3.2527169e+002  2.3473431e+002
  3.2433353e+002  2.3462667e+002
  3.2335650e+002  2.3445485e+002
  3.2236177e+002  2.3375461e+002
  3.2136261e+002  2.3346823e+002
  3.2041955e+002  2.3279178e+002
  3.1928917e+002  2.3257972e+002
  3.1816653e+002  2.3248671e+002
  3.1689763e+002  2.3212732e+002
  3.1598743e+002  2.3200738e+002
  3.1496140e+002  2.3184725e+002
  3.1396758e+002  2.3165801e+002
  3.1298184e+002  2.3145489e+002
  3.1180692e+002  2.3090151e+002
  3.1079851e+002  2.3073806e+002
  3.0975702e+002  2.3058240e+002
  3.0875687e+002  2.3049710e+002
  3.0778391e+002  2.2990012e+002
  3.0688169e+002  2.2976472e+002
  3.0597044e+002  2.2958394e+002
  3.0502022e+002  2.2943086e+002
  3.0403855e+002  2.2906932e+002
  3.0297744e+002  2.2905679e+002
  3.0197501e+002  2.2902698e+002
  3.0105611e+002  2.2900107e+002
  2.9990549e+002  2.2895908e+002
  2.9891709e+002  2.2885250e+002
  2.9796191e+002  2.2869578e+002
  2.9701785e+002  2.2851588e+002
  2.9609727e+002  2.2832664e+002
  2.9517061e+002  2.2768455e+002
  2.9430107e+002  2.2754792e+002
  2.9323357e+002  2.2758139e+002
  2.9220883e+002  2.2738995e+002
  2.9035287e+002  2.2704433e+002
  2.8855082e+002  2.2736599e+002
  2.8775631e+002  2.2755468e+002
  2.8694023e+002  2.2794402e+002
  2.8604864e+002  2.2803073e+002
  2.8512126e+002  2.2808523e+002
  2.8414809e+002  2.2807229e+002
  2.8315385e+002  2.2797379e+002
  2.8163609e+002  2.2777404e+002
  2.8067067e+002  2.2755533e+002
  2.7969955e+002  2.2735423e+002
  2.7891512e+002  2.2697302e+002
  2.7804787e+002  2.2693662e+002
  2.7722047e+002  2.2687314e+002
  2.7637011e+002  2.2681457e+002
  2.7542492e+002  2.2679721e+002
  2.7331012e+002  2.2699103e+002
  2.7207642e+002  2.2731209e+002
  2.7139776e+002  2.2748019e+002
  2.7070517e+002  2.2767479e+002
  2.6986017e+002  2.2871858e+002
  2.6884415e+002  2.2926704e+002
  2.6797741e+002  2.2937538e+002
  2.6708494e+002  2.2940928e+002
  2.6617518e+002  2.2940552e+002
  2.6524624e+002  2.2933396e+002
  2.6340589e+002  2.2923088e+002
  2.6181166e+002  2.2897106e+002
  2.6098737e+002  2.2883448e+002
  2.6012324e+002  2.2863649e+002
  2.5923171e+002  2.2850276e+002
  2.5834454e+002  2.2838679e+002
  2.5765593e+002  2.2789562e+002
  2.5575977e+002  2.2801931e+002
  2.5505515e+002  2.2833891e+002
  2.5433086e+002  2.2871831e+002
  2.5339684e+002  2.2987735e+002
  2.5262162e+002  2.3067375e+002
  2.5246753e+002  2.3128759e+002
  2.5166809e+002  2.3150099e+002
  2.5151156e+002  2.3212051e+002
  2.5017478e+002  2.3270377e+002
  2.4889024e+002  2.3326541e+002
  2.4796944e+002  2.3331643e+002
  2.4710368e+002  2.3339949e+002
  2.4632655e+002  2.3362831e+002
  2.4543729e+002  2.3469275e+002
  2.4429582e+002  2.3548064e+002
  2.4340332e+002  2.3566272e+002
  2.4228700e+002  2.3629588e+002
  2.4135006e+002  2.3649989e+002
  2.4040460e+002  2.3670642e+002
  2.3931494e+002  2.3743342e+002
  2.3844110e+002  2.3763094e+002
  2.3736593e+002  2.3834921e+002
  2.3655740e+002  2.3851354e+002
  2.3627238e+002  2.3905689e+002
  2.3545570e+002  2.3925412e+002
  2.3457387e+002  2.3940309e+002
  2.3334360e+002  2.4011578e+002
  2.3240049e+002  2.4031276e+002
  2.3155505e+002  2.4050398e+002
  2.3123320e+002  2.4108556e+002
  2.3055414e+002  2.4135722e+002
  2.2960179e+002  2.4227857e+002
  2.2850601e+002  2.4322722e+002
  2.2725672e+002  2.4413306e+002
  2.2627292e+002  2.4438858e+002
  2.2523610e+002  2.4463517e+002
  2.2395828e+002  2.4544778e+002
  2.2313781e+002  2.4579655e+002
  2.2223928e+002  2.4665233e+002
  2.2127259e+002  2.4737461e+002
  2.2052771e+002  2.4752579e+002
  2.2021860e+002  2.4817509e+002
  2.1946786e+002  2.4837090e+002
  2.1869550e+002  2.4862427e+002
  2.1840044e+002  2.4937808e+002
  2.1765996e+002  2.4968139e+002
  2.1729995e+002  2.5044468e+002
  2.1631712e+002  2.5111468e+002
  2.1553531e+002  2.5211460e+002
  2.1532066e+002  2.5285677e+002
  2.1446977e+002  2.5381021e+002
  2.1351864e+002  2.5473069e+002
  2.1297692e+002  2.5550315e+002
  2.1199656e+002  2.5654809e+002
  2.1097504e+002  2.5752174e+002
  2.0985574e+002  2.5841167e+002
  2.0907631e+002  2.5873301e+002
  2.0792949e+002  2.5962702e+002
  2.0689352e+002  2.6048864e+002
  2.0629120e+002  2.6062613e+002
  2.0541835e+002  2.6143622e+002
  2.0475932e+002  2.6160773e+002
  2.0445844e+002  2.6236691e+002
  2.0379815e+002  2.6263108e+002
  2.0347041e+002  2.6341381e+002
  2.0249037e+002  2.6424887e+002
  2.0180143e+002  2.6537568e+002
  2.0156607e+002  2.6620828e+002
  2.0137536e+002  2.6701448e+002
  2.0063194e+002  2.6809707e+002
  2.0039657e+002  2.6890188e+002
  1.9948596e+002  2.6993065e+002
  1.9846510e+002  2.7089517e+002
  1.9737990e+002  2.7185281e+002
  1.9641261e+002  2.7284956e+002
  1.9561659e+002  2.7395103e+002
  1.9540286e+002  2.7480485e+002
  1.9468805e+002  2.7588409e+002
  1.9439150e+002  2.7673428e+002
  1.9351172e+002  2.7777570e+002
  1.9311875e+002  2.7862832e+002
  1.9215157e+002  2.7967068e+002
  1.9131990e+002  2.8070600e+002
  1.9059439e+002  2.8172397e+002
  1.9032487e+002  2.8262764e+002
  1.8955326e+002  2.8376667e+002
  1.8930358e+002  2.8471091e+002
  1.8858942e+002  2.8589183e+002
  1.8847831e+002  2.8685892e+002
  1.8786142e+002  2.8792925e+002
  1.8778047e+002  2.8888195e+002
  1.8761931e+002  2.8984539e+002
  1.8745924e+002  2.9084782e+002
  1.8678564e+002  2.9216646e+002
  1.8638031e+002  2.9318070e+002
  1.8543961e+002  2.9429877e+002
  1.8441177e+002  2.9523891e+002
  1.8354651e+002  2.9618745e+002
  1.8319132e+002  2.9700614e+002
  1.8250548e+002  2.9812826e+002
  1.8225980e+002  2.9898441e+002
  1.8160134e+002  3.0003119e+002
  1.8144826e+002  3.0092054e+002
  1.8090331e+002  3.0187961e+002
  1.8089864e+002  3.0282013e+002
  1.8090262e+002  3.0379572e+002
  1.8088660e+002  3.0481232e+002
  1.8080280e+002  3.0582568e+002
  1.8067800e+002  3.0685079e+002
  1.8043100e+002  3.0785704e+002
  1.7971385e+002  3.0889763e+002
  1.7939188e+002  3.0983639e+002
  1.7868532e+002  3.1087543e+002
  1.7849552e+002  3.1184999e+002
  1.7799528e+002  3.1292883e+002
  1.7780451e+002  3.1387754e+002
  1.7763928e+002  3.1483858e+002
  1.7749240e+002  3.1584761e+002
  1.7708212e+002  3.1700030e+002
  1.7705372e+002  3.1799779e+002
  1.7693550e+002  3.1896547e+002
  1.7671053e+002  3.1989530e+002
  1.7642446e+002  3.2082998e+002
  1.7573451e+002  3.2181634e+002
  1.7566041e+002  3.2284461e+002
  1.7575003e+002  3.2390946e+002
  1.7590429e+002  3.2496718e+002
  1.7600366e+002  3.2597695e+002
  1.7604089e+002  3.2697039e+002
  1.7601656e+002  3.2806818e+002
  1.7603441e+002  3.2898959e+002
  1.7608291e+002  3.3001325e+002
  1.7604212e+002  3.3096483e+002
  1.7597224e+002  3.3194688e+002
  1.7585027e+002  3.3296404e+002
  1.7589956e+002  3.3416100e+002
  1.7603027e+002  3.3507240e+002
  1.7621785e+002  3.3602805e+002
  1.7635937e+002  3.3701245e+002
  1.7642335e+002  3.3805242e+002
  1.7643054e+002  3.3910313e+002
  1.7639448e+002  3.4010224e+002
  1.7647574e+002  3.4102851e+002
  1.7649507e+002  3.4193962e+002
  1.7650702e+002  3.4356496e+002
  1.7660410e+002  3.4541481e+002
  1.7649216e+002  3.4624885e+002
  1.7602546e+002  3.4702397e+002
  1.7596995e+002  3.4798235e+002
  1.7595207e+002  3.4894973e+002
  1.7596244e+002  3.4989739e+002
  1.7605047e+002  3.5142005e+002
  1.7627781e+002  3.5231137e+002
  1.7649362e+002  3.5321368e+002
  1.7671008e+002  3.5412736e+002
  1.7717072e+002  3.5515511e+002
  1.7732582e+002  3.5611455e+002
  1.7745048e+002  3.5705967e+002
  1.7759966e+002  3.5799924e+002
  1.7802725e+002  3.5901514e+002
  1.7811804e+002  3.5992381e+002
  1.7815393e+002  3.6085402e+002
  1.7813298e+002  3.6184548e+002
  1.7807022e+002  3.6350661e+002
  1.7768618e+002  3.6515134e+002
  1.7751350e+002  3.6599336e+002
  1.7740726e+002  3.6686871e+002
  1.7695885e+002  3.6768237e+002
  1.7714295e+002  3.6871078e+002
  1.7748550e+002  3.7034300e+002
  1.7783527e+002  3.7125060e+002
  1.7848404e+002  3.7223351e+002
  1.7859930e+002  3.7313457e+002
  1.7909013e+002  3.7414622e+002
  1.7912117e+002  3.7508327e+002
  1.7916627e+002  3.7605075e+002
  1.7922305e+002  3.7704049e+002
  1.7931721e+002  3.7804672e+002
  1.7945322e+002  3.7903903e+002
  1.7964842e+002  3.8004822e+002
  1.8024556e+002  3.8113702e+002
  1.8037555e+002  3.8209110e+002
  1.8047543e+002  3.8307364e+002
  1.8054466e+002  3.8404286e+002
  1.8101494e+002  3.8514641e+002
  1.8107263e+002  3.8613608e+002
  1.8111864e+002  3.8712055e+002
  1.8113754e+002  3.8811148e+002
  1.8119669e+002  3.8909019e+002
  1.8131045e+002  3.9006585e+002
  1.8143586e+002  3.9104083e+002
  1.8157164e+002  3.9202353e+002
  1.8232918e+002  3.9308300e+002
  1.8244814e+002  3.9400485e+002
  1.8249430e+002  3.9489065e+002
  1.8251933e+002  3.9572099e+002
  1.8324219e+002  3.9667868e+002
  1.8334570e+002  3.9748303e+002
  1.8363385e+002  3.9833488e+002
  1.8409898e+002  3.9872104e+002
  1.8443308e+002  3.9971614e+002
  1.8458469e+002  4.0056031e+002
  1.8547849e+002  4.0184878e+002
  1.8571660e+002  4.0276533e+002
  1.8631652e+002  4.0394439e+002
  1.8640128e+002  4.0488757e+002
  1.8641078e+002  4.0582399e+002
  1.8637693e+002  4.0677807e+002
  1.8631521e+002  4.0774734e+002
  1.8637279e+002  4.0917670e+002
  1.8646384e+002  4.1004324e+002
  1.8658501e+002  4.1096100e+002
  1.8708191e+002  4.1207853e+002
  1.8713311e+002  4.1312381e+002
  1.8722996e+002  4.1415536e+002
  1.8735956e+002  4.1514696e+002
  1.8752595e+002  4.1610834e+002
  1.8841278e+002  4.1710782e+002
  1.8867982e+002  4.1801299e+002
  1.8952616e+002  4.1895023e+002
  1.9027773e+002  4.1998156e+002
  1.9048210e+002  4.2083313e+002
  1.9068290e+002  4.2173284e+002
  1.9134174e+002  4.2287680e+002
  1.9149851e+002  4.2380615e+002
  1.9163730e+002  4.2471713e+002
  1.9228085e+002  4.2566782e+002
  1.9230875e+002  4.2655949e+002
  1.9224383e+002  4.2749834e+002
  1.9209700e+002  4.2854547e+002
  1.9195339e+002  4.2979784e+002
  1.9184143e+002  4.3072705e+002
  1.9183278e+002  4.3174360e+002
  1.9202304e+002  4.3308402e+002
  1.9238852e+002  4.3406330e+002
  1.9275422e+002  4.3499457e+002
  1.9385007e+002  4.3595826e+002
  1.9482997e+002  4.3690134e+002
  1.9570031e+002  4.3793863e+002
  1.9652639e+002  4.3910731e+002
  1.9729788e+002  4.4022955e+002
  1.9755105e+002  4.4103102e+002
  1.9828279e+002  4.4210496e+002
  1.9848764e+002  4.4297279e+002
  1.9859096e+002  4.4388665e+002
  1.9916893e+002  4.4505293e+002
  1.9921304e+002  4.4599401e+002
  1.9924352e+002  4.4693432e+002
  1.9930918e+002  4.4786660e+002
  1.9943542e+002  4.4876621e+002
  1.9958349e+002  4.4966025e+002
  2.0049821e+002  4.5065587e+002
  2.0082386e+002  4.5151318e+002
  2.0178102e+002  4.5251785e+002
  2.0266099e+002  4.5360887e+002
  2.0350771e+002  4.5473731e+002
  2.0432730e+002  4.5589937e+002
  2.0450061e+002  4.5675741e+002
  2.0530763e+002  4.5779009e+002
  2.0543912e+002  4.5860822e+002
  2.0553964e+002  4.5944742e+002
  2.0619356e+002  4.5973427e+002
  2.0624736e+002  4.6065317e+002
  2.0630151e+002  4.6156862e+002
  2.0635405e+002  4.6249004e+002
  2.0724256e+002  4.6378432e+002
  2.0781188e+002  4.6502042e+002
  2.0870580e+002  4.6571811e+002
  2.0978561e+002  4.6637990e+002
  2.1068366e+002  4.6655145e+002
  2.1162842e+002  4.6761860e+002
  2.1247325e+002  4.6890352e+002
  2.1265813e+002  4.6982204e+002
  2.1342849e+002  4.7107037e+002
  2.1368656e+002  4.7202611e+002
  2.1462218e+002  4.7306753e+002
  2.1542282e+002  4.7375294e+002
  2.1593146e+002  4.7469568e+002
  2.1691018e+002  4.7573170e+002
  2.1762576e+002  4.7703179e+002
  2.1819603e+002  4.7823655e+002
  2.1833913e+002  4.7904815e+002
  2.1859370e+002  4.7980243e+002
  2.1975851e+002  4.8048023e+002
  2.2062192e+002  4.8040076e+002
  2.2144322e+002  4.8039421e+002
  2.2254489e+002  4.8167788e+002
  2.2365018e+002  4.8311330e+002
  2.2443138e+002  4.8399571e+002
  2.2458729e+002  4.8477847e+002
