  1.9849173e+002  4.0877712e+002
  1.9856847e+002  4.0978113e+002
  1.9934775e+002  4.1091856e+002
  1.9954863e+002  4.1187030e+002
  2.0037866e+002  4.1291590e+002
  2.0062025e+002  4.1382321e+002
  2.0138863e+002  4.1490322e+002
  2.0160473e+002  4.1578474e+002
  2.0233282e+002  4.1687966e+002
  2.0247618e+002  4.1781135e+002
  2.0255274e+002  4.1876736e+002
  2.0321942e+002  4.1992792e+002
  2.0330294e+002  4.2082389e+002
  2.0350291e+002  4.2163254e+002
  2.0467795e+002  4.2261934e+002
  2.0599755e+002  4.2378123e+002
  2.0678437e+002  4.2472228e+002
  2.0760416e+002  4.2568516e+002
  2.0876740e+002  4.2704894e+002
  2.0952230e+002  4.2814223e+002
  2.1020305e+002  4.2924868e+002
  2.1028765e+002  4.3012061e+002
  2.1037242e+002  4.3100452e+002
  2.1046035e+002  4.3191639e+002
  2.1058595e+002  4.3283191e+002
  2.1133689e+002  4.3389694e+002
  2.1151807e+002  4.3477064e+002
  2.1240372e+002  4.3574647e+002
  2.1257850e+002  4.3658377e+002
  2.1349722e+002  4.3753004e+002
  2.1367835e+002  4.3827854e+002
  2.1445251e+002  4.3849476e+002
  2.1463662e+002  4.3928019e+002
  2.1540055e+002  4.3959265e+002
  2.1553602e+002  4.4042992e+002
  2.1627973e+002  4.4073503e+002
  2.1642709e+002  4.4156953e+002
  2.1661224e+002  4.4237783e+002
  2.1733949e+002  4.4265469e+002
  2.1755653e+002  4.4348368e+002
  2.1843116e+002  4.4361980e+002
  2.1856544e+002  4.4445137e+002
  2.1927924e+002  4.4477232e+002
  2.1946094e+002  4.4561667e+002
  2.1969532e+002  4.4648728e+002
  2.2046840e+002  4.4672104e+002
  2.2076718e+002  4.4755751e+002
  2.2179688e+002  4.4862444e+002
  2.2274098e+002  4.4970013e+002
  2.2371584e+002  4.5072344e+002
  2.2464967e+002  4.5168625e+002
  2.2547702e+002  4.5275241e+002
  2.2560546e+002  4.5363344e+002
  2.2651688e+002  4.5484304e+002
  2.2763296e+002  4.5596882e+002
  2.2876175e+002  4.5689515e+002
  2.2961543e+002  4.5777982e+002
  2.3028440e+002  4.5884144e+002
  2.3038139e+002  4.5971586e+002
  2.3054957e+002  4.6062619e+002
  2.3152285e+002  4.6173997e+002
  2.3250314e+002  4.6280981e+002
  2.3341259e+002  4.6385480e+002
  2.3357831e+002  4.6464560e+002
  2.3438896e+002  4.6563726e+002
  2.3452094e+002  4.6638708e+002
  2.3524411e+002  4.6664382e+002
  2.3545572e+002  4.6740664e+002
  2.3650677e+002  4.6842862e+002
  2.3730134e+002  4.6863510e+002
  2.3792304e+002  4.6955085e+002
  2.3901703e+002  4.7032190e+002
  2.3983253e+002  4.7050231e+002
  2.4085078e+002  4.7139135e+002
  2.4164510e+002  4.7157363e+002
  2.4252242e+002  4.7253926e+002
  2.4337623e+002  4.7353781e+002
  2.4354116e+002  4.7432418e+002
  2.4433433e+002  4.7463524e+002
  2.4457563e+002  4.7548653e+002
  2.4539991e+002  4.7584690e+002
  2.4567309e+002  4.7672155e+002
  2.4674416e+002  4.7780176e+002
  2.4781866e+002  4.7868869e+002
  2.4888863e+002  4.7960476e+002
  2.4989140e+002  4.8062647e+002
  2.5083303e+002  4.8169359e+002
  2.5175604e+002  4.8276195e+002
  2.5265079e+002  4.8375271e+002
  2.5356657e+002  4.8473269e+002
  2.5476660e+002  4.8586228e+002
  2.5584218e+002  4.8671095e+002
  2.5693066e+002  4.8750169e+002
  2.5799397e+002  4.8830712e+002
  2.5881453e+002  4.8852148e+002
  2.5985028e+002  4.8943777e+002
  2.6064673e+002  4.8970499e+002
  2.6159986e+002  4.9076607e+002
  2.6253027e+002  4.9186204e+002
  2.6352608e+002  4.9286891e+002
  2.6464812e+002  4.9370386e+002
  2.6583368e+002  4.9439890e+002
  2.6678878e+002  4.9448131e+002
  2.6774103e+002  4.9459063e+002
  2.6891025e+002  4.9530810e+002
  2.6984992e+002  4.9546355e+002
  2.7076723e+002  4.9565505e+002
  2.7182564e+002  4.9651172e+002
  2.7284343e+002  4.9741385e+002
  2.7378560e+002  4.9764845e+002
  2.7479520e+002  4.9851685e+002
  2.7576005e+002  4.9945024e+002
  2.7662691e+002  4.9976796e+002
  2.7764305e+002  5.0082365e+002
  2.7870968e+002  5.0177470e+002
  2.7975791e+002  5.0259915e+002
  2.8074556e+002  5.0332781e+002
  2.8167849e+002  5.0337016e+002
  2.8266215e+002  5.0343397e+002
  2.8370283e+002  5.0352369e+002
  2.8481727e+002  5.0432920e+002
  2.8580633e+002  5.0450570e+002
  2.8681869e+002  5.0538026e+002
  2.8777117e+002  5.0559658e+002
  2.8880571e+002  5.0648508e+002
  2.8975847e+002  5.0670819e+002
  2.9083471e+002  5.0755260e+002
  2.9185226e+002  5.0840766e+002
  2.9273216e+002  5.0862476e+002
  2.9374545e+002  5.0945446e+002
  2.9467102e+002  5.0956028e+002
  2.9582583e+002  5.1019980e+002
  2.9683856e+002  5.1014823e+002
  2.9783777e+002  5.1013126e+002
  2.9881492e+002  5.1020861e+002
  2.9976578e+002  5.1035565e+002
  3.0071045e+002  5.1056441e+002
  3.0164683e+002  5.1148141e+002
  3.0260965e+002  5.1163914e+002
  3.0360571e+002  5.1245082e+002
  3.0455411e+002  5.1253706e+002
  3.0559016e+002  5.1329341e+002
  3.0659545e+002  5.1324454e+002
  3.0763365e+002  5.1320282e+002
  3.0870467e+002  5.1323104e+002
  3.0975264e+002  5.1339874e+002
  3.1074889e+002  5.1367443e+002
  3.1168951e+002  5.1468393e+002
  3.1260764e+002  5.1566526e+002
  3.1356689e+002  5.1655214e+002
  3.1461282e+002  5.1737365e+002
  3.1552396e+002  5.1737816e+002
  3.1646213e+002  5.1736231e+002
  3.1745040e+002  5.1738834e+002
  3.1846358e+002  5.1819503e+002
  3.1938743e+002  5.1910736e+002
  3.2037067e+002  5.2006347e+002
  3.2136400e+002  5.2096183e+002
  3.2244570e+002  5.2156835e+002
  3.2472048e+002  5.2192825e+002
  3.2615247e+002  5.2078788e+002
  3.2682294e+002  5.1988722e+002
  3.2760182e+002  5.1915712e+002
  3.2935378e+002  5.1862261e+002
  3.3023983e+002  5.1894203e+002
  3.3107132e+002  5.1924885e+002
  3.3188485e+002  5.1951077e+002
  3.3270016e+002  5.2008832e+002
  3.3355998e+002  5.2024713e+002
  3.3447156e+002  5.2034905e+002
  3.3543000e+002  5.2036956e+002
  3.3644530e+002  5.2032144e+002
  3.3823359e+002  5.2020864e+002
  3.3911731e+002  5.2005400e+002
  3.4001426e+002  5.1999233e+002
  3.4095982e+002  5.1993215e+002
  3.4193411e+002  5.1990654e+002
  3.4293509e+002  5.1991104e+002
  3.4392151e+002  5.1996198e+002
  3.4488846e+002  5.2004789e+002
  3.4632483e+002  5.2008238e+002
  3.4724217e+002  5.2010641e+002
  3.4815469e+002  5.2007513e+002
  3.4905640e+002  5.2004461e+002
  3.4995039e+002  5.2003669e+002
  3.5087213e+002  5.2010777e+002
  3.5182296e+002  5.2021145e+002
  3.5278591e+002  5.2029679e+002
  3.5376079e+002  5.2035938e+002
  3.5473810e+002  5.2039403e+002
  3.5628893e+002  5.2033750e+002
  3.5716804e+002  5.2014809e+002
  3.5804047e+002  5.1993885e+002
  3.5893603e+002  5.1973062e+002
  3.5987254e+002  5.1955796e+002
  3.6082010e+002  5.1945137e+002
  3.6188542e+002  5.1891285e+002
  3.6290617e+002  5.1895155e+002
  3.6393445e+002  5.1902661e+002
  3.6494790e+002  5.1907375e+002
  3.6593283e+002  5.1905779e+002
  3.6690233e+002  5.1902146e+002
  3.6784539e+002  5.1893235e+002
  3.6879549e+002  5.1883684e+002
  3.6976682e+002  5.1876406e+002
  3.7076424e+002  5.1874987e+002
  3.7177365e+002  5.1876514e+002
  3.7278008e+002  5.1876125e+002
  3.7380323e+002  5.1876620e+002
  3.7485053e+002  5.1874033e+002
  3.7612095e+002  5.1872901e+002
  3.7705063e+002  5.1875575e+002
  3.7800167e+002  5.1882051e+002
  3.7896229e+002  5.1886113e+002
  3.8004306e+002  5.1884022e+002
  3.8102863e+002  5.1875332e+002
  3.8200474e+002  5.1867735e+002
  3.8299760e+002  5.1860945e+002
  3.8397778e+002  5.1856316e+002
  3.8491597e+002  5.1850134e+002
  3.8580670e+002  5.1841835e+002
  3.8674173e+002  5.1761962e+002
  3.8765975e+002  5.1747702e+002
  3.8863166e+002  5.1662876e+002
  3.8956104e+002  5.1647262e+002
  3.9049812e+002  5.1545597e+002
  3.9054897e+002  5.1452727e+002
  3.9146755e+002  5.1431566e+002
  3.9159691e+002  5.1339004e+002
  3.9269641e+002  5.1230243e+002
  3.9379776e+002  5.1142593e+002
  3.9492302e+002  5.1080148e+002
  3.9591826e+002  5.1087450e+002
  3.9694618e+002  5.1097272e+002
  3.9751518e+002  5.1064761e+002
  3.9851028e+002  5.1067792e+002
  3.9953096e+002  5.1070919e+002
  4.0053534e+002  5.1067597e+002
  4.0151315e+002  5.1058092e+002
  4.0243803e+002  5.1038043e+002
  4.0248721e+002  5.0956231e+002
  4.0332698e+002  5.0924795e+002
  4.0336628e+002  5.0840541e+002
  4.0373631e+002  5.0722208e+002
  4.0442562e+002  5.0614833e+002
  4.0450504e+002  5.0531504e+002
  4.0557344e+002  5.0452484e+002
  4.0661800e+002  5.0440439e+002
  4.0782359e+002  5.0368644e+002
  4.0881054e+002  5.0361572e+002
  4.0975706e+002  5.0352591e+002
  4.1068345e+002  5.0339014e+002
  4.1168759e+002  5.0248292e+002
  4.1280112e+002  5.0163812e+002
  4.1366094e+002  5.0156741e+002
  4.1453758e+002  5.0149433e+002
  4.1546860e+002  5.0037090e+002
  4.1557483e+002  4.9946649e+002
  4.1680155e+002  4.9810932e+002
  4.1775344e+002  4.9705399e+002
  4.1874111e+002  4.9606051e+002
  4.1968682e+002  4.9510321e+002
  4.2062501e+002  4.9410466e+002
  4.2148289e+002  4.9305854e+002
  4.2157767e+002  4.9213375e+002
  4.2230946e+002  4.9103811e+002
  4.2240260e+002  4.9011957e+002
  4.2255697e+002  4.8922802e+002
  4.2347448e+002  4.8820301e+002
  4.2368358e+002  4.8731684e+002
  4.2457553e+002  4.8627980e+002
  4.2542474e+002  4.8521292e+002
  4.2545378e+002  4.8431385e+002
  4.2547713e+002  4.8345288e+002
  4.2554391e+002  4.8260273e+002
  4.2639562e+002  4.8245825e+002
  4.2655418e+002  4.8160618e+002
  4.2740936e+002  4.8142645e+002
  4.2754718e+002  4.8053428e+002
  4.2835815e+002  4.8032192e+002
  4.2847338e+002  4.7935619e+002
  4.2865231e+002  4.7842073e+002
  4.2968924e+002  4.7735696e+002
  4.3080207e+002  4.7633037e+002
  4.3183801e+002  4.7530521e+002
  4.3269948e+002  4.7426933e+002
  4.3342315e+002  4.7321787e+002
  4.3345116e+002  4.7224926e+002
  4.3349843e+002  4.7128120e+002
  4.3360370e+002  4.7033736e+002
  4.3437080e+002  4.6927558e+002
  4.3447235e+002  4.6833908e+002
  4.3454275e+002  4.6739953e+002
  4.3536599e+002  4.6632795e+002
  4.3553837e+002  4.6546668e+002
  4.3662886e+002  4.6457951e+002
  4.3748095e+002  4.6452924e+002
  4.3778127e+002  4.6373297e+002
  4.3859563e+002  4.6359861e+002
  4.3939450e+002  4.6346726e+002
  4.3947739e+002  4.6247926e+002
  4.3941256e+002  4.6138541e+002
  4.3927451e+002  4.6026324e+002
  4.3911941e+002  4.5915343e+002
  4.3908265e+002  4.5808678e+002
  4.3915786e+002  4.5706677e+002
  4.3934713e+002  4.5604370e+002
  4.3956985e+002  4.5506382e+002
  4.4042628e+002  4.5399299e+002
  4.4054996e+002  4.5305299e+002
  4.4118124e+002  4.5187649e+002
  4.4132412e+002  4.5099205e+002
  4.4147884e+002  4.5009321e+002
  4.4160061e+002  4.4917545e+002
  4.4240341e+002  4.4809231e+002
  4.4249998e+002  4.4713781e+002
  4.4254997e+002  4.4618937e+002
  4.4323127e+002  4.4518723e+002
  4.4324487e+002  4.4424337e+002
  4.4325135e+002  4.4327026e+002
  4.4323314e+002  4.4226546e+002
  4.4316105e+002  4.4122692e+002
  4.4312183e+002  4.4016552e+002
  4.4306839e+002  4.3908894e+002
  4.4308871e+002  4.3797210e+002
  4.4316400e+002  4.3697652e+002
  4.4328320e+002  4.3595680e+002
  4.4341034e+002  4.3493371e+002
  4.4347643e+002  4.3392935e+002
  4.4348474e+002  4.3295221e+002
  4.4344685e+002  4.3199547e+002
  4.4342910e+002  4.3103564e+002
  4.4344697e+002  4.3004917e+002
  4.4351057e+002  4.2904701e+002
  4.4408356e+002  4.2806842e+002
  4.4415021e+002  4.2708092e+002
  4.4419433e+002  4.2609335e+002
  4.4424880e+002  4.2510045e+002
  4.4427369e+002  4.2407625e+002
  4.4430902e+002  4.2304136e+002
  4.4428911e+002  4.2199885e+002
  4.4425493e+002  4.2084757e+002
  4.4423868e+002  4.1987616e+002
  4.4427227e+002  4.1888581e+002
  4.4433807e+002  4.1790984e+002
  4.4436499e+002  4.1687318e+002
  4.4439592e+002  4.1584762e+002
  4.4441972e+002  4.1484841e+002
  4.4445774e+002  4.1390695e+002
  4.4451008e+002  4.1297909e+002
  4.4501855e+002  4.1205473e+002
  4.4507338e+002  4.1109295e+002
  4.4513958e+002  4.1008395e+002
  4.4521918e+002  4.0905192e+002
  4.4526449e+002  4.0800484e+002
  4.4526235e+002  4.0705682e+002
  4.4525785e+002  4.0609000e+002
  4.4528953e+002  4.0508835e+002
  4.4533921e+002  4.0397015e+002
  4.4538859e+002  4.0302968e+002
  4.4543548e+002  4.0206403e+002
  4.4548398e+002  4.0108936e+002
  4.4551234e+002  4.0008961e+002
  4.4598303e+002  3.9910314e+002
  4.4592224e+002  3.9783736e+002
  4.4580091e+002  3.9687590e+002
  4.4567875e+002  3.9593710e+002
  4.4553291e+002  3.9500471e+002
  4.4542394e+002  3.9407043e+002
  4.4486085e+002  3.9304522e+002
  4.4488260e+002  3.9203993e+002
  4.4496931e+002  3.9099477e+002
  4.4507213e+002  3.8992266e+002
  4.4513985e+002  3.8897082e+002
  4.4517975e+002  3.8799393e+002
  4.4510279e+002  3.8676408e+002
  4.4497190e+002  3.8575004e+002
  4.4481545e+002  3.8477715e+002
  4.4468900e+002  3.8386260e+002
  4.4456437e+002  3.8297141e+002
  4.4443024e+002  3.8207915e+002
  4.4375159e+002  3.8100921e+002
  4.4361532e+002  3.8001956e+002
  4.4351955e+002  3.7901411e+002
  4.4342322e+002  3.7800518e+002
  4.4278829e+002  3.7692565e+002
  4.4266094e+002  3.7599194e+002
  4.4253284e+002  3.7508468e+002
  4.4235234e+002  3.7419698e+002
  4.4164825e+002  3.7316830e+002
  4.4154976e+002  3.7219328e+002
  4.4148162e+002  3.7119929e+002
  4.4092124e+002  3.7000995e+002
  4.4083637e+002  3.6900556e+002
  4.4069026e+002  3.6801856e+002
  4.4047551e+002  3.6706680e+002
  4.3960853e+002  3.6599237e+002
  4.3935629e+002  3.6505840e+002
  4.3850171e+002  3.6402272e+002
  4.3827256e+002  3.6309487e+002
  4.3747256e+002  3.6202301e+002
  4.3673939e+002  3.6092947e+002
  4.3663582e+002  3.5999630e+002
  4.3650407e+002  3.5907959e+002
  4.3635148e+002  3.5817710e+002
  4.3567680e+002  3.5704424e+002
  4.3547840e+002  3.5612571e+002
  4.3467985e+002  3.5501057e+002
  4.3440677e+002  3.5411365e+002
  4.3357238e+002  3.5304321e+002
  4.3335008e+002  3.5216436e+002
  4.3254734e+002  3.5109059e+002
  4.3234252e+002  3.5022672e+002
  4.3146425e+002  3.4913857e+002
  4.3055290e+002  3.4806624e+002
  4.3033051e+002  3.4722756e+002
  4.2946857e+002  3.4616178e+002
  4.2868657e+002  3.4507276e+002
  4.2850219e+002  3.4417970e+002
  4.2833985e+002  3.4326112e+002
  4.2763188e+002  3.4203911e+002
  4.2747502e+002  3.4109140e+002
  4.2676289e+002  3.3996199e+002
  4.2654307e+002  3.3906092e+002
  4.2627466e+002  3.3816545e+002
  4.2548221e+002  3.3704226e+002
  4.2465476e+002  3.3595012e+002
  4.2445707e+002  3.3506866e+002
  4.2365802e+002  3.3408759e+002
  4.2349830e+002  3.3327410e+002
  4.2270011e+002  3.3230229e+002
  4.2252367e+002  3.3148678e+002
  4.2233482e+002  3.3064157e+002
  4.2177270e+002  3.3037291e+002
  4.2155512e+002  3.2948175e+002
  4.2130856e+002  3.2859914e+002
  4.2058770e+002  3.2833511e+002
  4.2019278e+002  3.2749985e+002
  4.1893067e+002  3.2654790e+002
  4.1816432e+002  3.2638139e+002
  4.1713677e+002  3.2530238e+002
  4.1631958e+002  3.2408965e+002
  4.1562338e+002  3.2286368e+002
  4.1553188e+002  3.2193741e+002
  4.1514052e+002  3.2122185e+002
  4.1442961e+002  3.1999653e+002
  4.1371394e+002  3.1887634e+002
  4.1354565e+002  3.1812218e+002
  4.1334927e+002  3.1735220e+002
  4.1233378e+002  3.1630230e+002
  4.1131782e+002  3.1525201e+002
  4.1034881e+002  3.1423567e+002
  4.0944197e+002  3.1323288e+002
  4.0855052e+002  3.1225267e+002
  4.0828416e+002  3.1147358e+002
  4.0735457e+002  3.1044000e+002
  4.0645987e+002  3.0930442e+002
  4.0569828e+002  3.0807230e+002
  4.0555427e+002  3.0717951e+002
  4.0540882e+002  3.0632172e+002
  4.0459489e+002  3.0526203e+002
  4.0438404e+002  3.0451575e+002
  4.0371118e+002  3.0425160e+002
  4.0348405e+002  3.0350741e+002
  4.0279074e+002  3.0321426e+002
  4.0254059e+002  3.0245441e+002
  4.0231959e+002  3.0167655e+002
  4.0160399e+002  3.0134460e+002
  4.0139153e+002  3.0054106e+002
  4.0069812e+002  3.0022644e+002
  4.0048892e+002  2.9942585e+002
  3.9929543e+002  2.9815566e+002
  3.9832074e+002  2.9726169e+002
  3.9728426e+002  2.9636374e+002
  3.9627825e+002  2.9541095e+002
  3.9533805e+002  2.9443325e+002
  3.9428851e+002  2.9348849e+002
  3.9312506e+002  2.9261159e+002
  3.9188721e+002  2.9203103e+002
  3.9098039e+002  2.9120605e+002
  3.9018183e+002  2.9017942e+002
  3.8938721e+002  2.8908404e+002
  3.8859521e+002  2.8806094e+002
  3.8842365e+002  2.8726526e+002
  3.8764505e+002  2.8630489e+002
  3.8747479e+002  2.8551959e+002
  3.8688085e+002  2.8527385e+002
  3.8669466e+002  2.8450288e+002
  3.8583150e+002  2.8344374e+002
  3.8563451e+002  2.8270286e+002
  3.8404302e+002  2.8129567e+002
  3.8291311e+002  2.8054281e+002
  3.8207188e+002  2.8044415e+002
  3.8096107e+002  2.7964409e+002
  3.8016027e+002  2.7947615e+002
  3.7906600e+002  2.7862308e+002
  3.7830043e+002  2.7840820e+002
  3.7720853e+002  2.7747173e+002
  3.7611929e+002  2.7650049e+002
  3.7534497e+002  2.7619529e+002
  3.7436686e+002  2.7513503e+002
  3.7349334e+002  2.7407075e+002
  3.7244280e+002  2.7304218e+002
  3.7130340e+002  2.7219811e+002
  3.7018624e+002  2.7134479e+002
  3.6912154e+002  2.7045644e+002
  3.6803982e+002  2.6951936e+002
  3.6725932e+002  2.6923507e+002
  3.6633593e+002  2.6840177e+002
  3.6538154e+002  2.6744553e+002
  3.6412281e+002  2.6618471e+002
  3.6305978e+002  2.6528113e+002
  3.6195859e+002  2.6451079e+002
  3.6106822e+002  2.6439696e+002
  3.5990404e+002  2.6374808e+002
  3.5899618e+002  2.6364338e+002
  3.5809931e+002  2.6345473e+002
  3.5701734e+002  2.6253997e+002
  3.5616383e+002  2.6219319e+002
  3.5511042e+002  2.6124762e+002
  3.5406927e+002  2.6040405e+002
  3.5307027e+002  2.5962747e+002
  3.5218219e+002  2.5944168e+002
  3.5109513e+002  2.5872832e+002
  3.5015608e+002  2.5859414e+002
  3.4919809e+002  2.5848163e+002
  3.4800312e+002  2.5779351e+002
  3.4703670e+002  2.5762508e+002
  3.4611864e+002  2.5740479e+002
  3.4508923e+002  2.5650767e+002
  3.4424464e+002  2.5625704e+002
  3.4318320e+002  2.5541609e+002
  3.4203911e+002  2.5467432e+002
  3.4108902e+002  2.5449226e+002
  3.3989460e+002  2.5379777e+002
  3.3895377e+002  2.5357110e+002
  3.3803309e+002  2.5334137e+002
  3.3697108e+002  2.5256128e+002
  3.3606152e+002  2.5235283e+002
  3.3501250e+002  2.5157030e+002
  3.3411137e+002  2.5140609e+002
  3.3311051e+002  2.5059117e+002
  3.3223217e+002  2.5040447e+002
  3.3118778e+002  2.4962443e+002
  3.3021993e+002  2.4951697e+002
  3.2922632e+002  2.4942464e+002
  3.2805954e+002  2.4878193e+002
  3.2705106e+002  2.4862085e+002
  3.2606156e+002  2.4841755e+002
  3.2501323e+002  2.4761209e+002
  3.2404477e+002  2.4744185e+002
  3.2300911e+002  2.4672379e+002
  3.2207937e+002  2.4658917e+002
  3.2115926e+002  2.4645195e+002
  3.2010399e+002  2.4578539e+002
  3.1912315e+002  2.4566440e+002
  3.1813878e+002  2.4551248e+002
  3.1718045e+002  2.4535695e+002
  3.1610086e+002  2.4458255e+002
  3.1519216e+002  2.4435204e+002
  3.1422761e+002  2.4350370e+002
  3.1329117e+002  2.4336625e+002
  3.1224160e+002  2.4275873e+002
  3.1121173e+002  2.4273044e+002
  3.1014892e+002  2.4270370e+002
  3.0905262e+002  2.4264404e+002
  3.0795950e+002  2.4259201e+002
  3.0686060e+002  2.4251994e+002
  3.0578856e+002  2.4246048e+002
  3.0471219e+002  2.4189759e+002
  3.0376001e+002  2.4173064e+002
  3.0283735e+002  2.4155071e+002
  3.0193280e+002  2.4137859e+002
  3.0106646e+002  2.4098315e+002
  3.0012293e+002  2.4089094e+002
  2.9916253e+002  2.4084207e+002
  2.9817397e+002  2.4079223e+002
  2.9715982e+002  2.4072921e+002
  2.9575152e+002  2.4071251e+002
  2.9479443e+002  2.4071312e+002
  2.9388287e+002  2.4069590e+002
  2.9298307e+002  2.4065365e+002
  2.9204657e+002  2.4064431e+002
  2.9104949e+002  2.4062745e+002
  2.8978664e+002  2.4062462e+002
  2.8879803e+002  2.4064525e+002
  2.8784199e+002  2.4061937e+002
  2.8690735e+002  2.4057538e+002
  2.8596421e+002  2.4053915e+002
  2.8502499e+002  2.4051130e+002
  2.8407496e+002  2.4050669e+002
  2.8312139e+002  2.4048655e+002
  2.8214900e+002  2.3998483e+002
  2.8118121e+002  2.3995230e+002
  2.8019736e+002  2.3992429e+002
  2.7876787e+002  2.3997272e+002
  2.7778702e+002  2.4011926e+002
  2.7681575e+002  2.4032541e+002
  2.7584641e+002  2.4052240e+002
  2.7488395e+002  2.4118921e+002
  2.7397090e+002  2.4131129e+002
  2.7303786e+002  2.4135310e+002
  2.7209114e+002  2.4131987e+002
  2.7109330e+002  2.4123376e+002
  2.7006173e+002  2.4117343e+002
  2.6883220e+002  2.4117542e+002
  2.6789101e+002  2.4122120e+002
  2.6694450e+002  2.4130206e+002
  2.6584088e+002  2.4139204e+002
  2.6485147e+002  2.4150426e+002
  2.6383793e+002  2.4209322e+002
  2.6291830e+002  2.4222035e+002
  2.6199491e+002  2.4232557e+002
  2.6107496e+002  2.4243531e+002
  2.6012681e+002  2.4255339e+002
  2.5908271e+002  2.4323440e+002
  2.5816013e+002  2.4348390e+002
  2.5728799e+002  2.4376626e+002
  2.5622032e+002  2.4474260e+002
  2.5517674e+002  2.4569298e+002
  2.5411418e+002  2.4644128e+002
  2.5315211e+002  2.4660852e+002
  2.5197936e+002  2.4725105e+002
  2.5095206e+002  2.4738819e+002
  2.4995488e+002  2.4753505e+002
  2.4882608e+002  2.4820132e+002
  2.4791944e+002  2.4840617e+002
  2.4702373e+002  2.4865602e+002
  2.4595926e+002  2.4942129e+002
  2.4501131e+002  2.4961502e+002
  2.4387678e+002  2.5022751e+002
  2.4290196e+002  2.5036968e+002
  2.4193608e+002  2.5050291e+002
  2.4084961e+002  2.5117805e+002
  2.3995160e+002  2.5139201e+002
  2.3908109e+002  2.5159708e+002
  2.3803764e+002  2.5236343e+002
  2.3716600e+002  2.5254570e+002
  2.3603846e+002  2.5326700e+002
  2.3513077e+002  2.5341583e+002
  2.3423290e+002  2.5362114e+002
  2.3319378e+002  2.5451870e+002
  2.3222075e+002  2.5544510e+002
  2.3136671e+002  2.5576379e+002
  2.3030503e+002  2.5658545e+002
  2.2906626e+002  2.5724472e+002
  2.2805319e+002  2.5733681e+002
  2.2708402e+002  2.5741923e+002
  2.2617261e+002  2.5753527e+002
  2.2505551e+002  2.5837711e+002
  2.2425877e+002  2.5874226e+002
  2.2327562e+002  2.5985024e+002
  2.2231349e+002  2.6086178e+002
  2.2145704e+002  2.6186636e+002
  2.2030556e+002  2.6300092e+002
  2.1915578e+002  2.6378474e+002
  2.1799438e+002  2.6450878e+002
  2.1691934e+002  2.6528474e+002
  2.1609903e+002  2.6544753e+002
  2.1530208e+002  2.6562642e+002
  2.1428602e+002  2.6642548e+002
  2.1348760e+002  2.6665039e+002
  2.1260411e+002  2.6765462e+002
  2.1230134e+002  2.6832951e+002
  2.1155638e+002  2.6856459e+002
  2.1124463e+002  2.6927235e+002
  2.1051942e+002  2.6957064e+002
  2.1021783e+002  2.7028796e+002
  2.0930774e+002  2.7083681e+002
  2.0845492e+002  2.7185875e+002
  2.0747284e+002  2.7285523e+002
  2.0644567e+002  2.7379818e+002
  2.0532119e+002  2.7486926e+002
  2.0431066e+002  2.7591389e+002
  2.0325233e+002  2.7690969e+002
  2.0221185e+002  2.7780988e+002
  2.0118899e+002  2.7867751e+002
  2.0018259e+002  2.7958973e+002
  1.9924363e+002  2.8054323e+002
  1.9801383e+002  2.8184110e+002
  1.9714279e+002  2.8282465e+002
  1.9628170e+002  2.8380841e+002
  1.9551498e+002  2.8485718e+002
  1.9538960e+002  2.8569568e+002
  1.9465571e+002  2.8687253e+002
  1.9452052e+002  2.8777521e+002
  1.9439320e+002  2.8867122e+002
  1.9353472e+002  2.8976542e+002
  1.9331700e+002  2.9060198e+002
  1.9232811e+002  2.9160011e+002
  1.9138113e+002  2.9261345e+002
  1.9063213e+002  2.9380114e+002
  1.9047715e+002  2.9484373e+002
  1.8989940e+002  2.9616854e+002
  1.8983148e+002  2.9720581e+002
  1.8980253e+002  2.9819465e+002
  1.8969787e+002  2.9913967e+002
  1.8949395e+002  3.0005034e+002
  1.8853653e+002  3.0117736e+002
  1.8839175e+002  3.0175597e+002
  1.8748185e+002  3.0265002e+002
  1.8617709e+002  3.0405525e+002
  1.8546030e+002  3.0512290e+002
  1.8487018e+002  3.0623030e+002
  1.8479537e+002  3.0715508e+002
  1.8475467e+002  3.0811746e+002
  1.8472936e+002  3.0911189e+002
  1.8470781e+002  3.1013213e+002
  1.8464947e+002  3.1114632e+002
  1.8456246e+002  3.1214711e+002
  1.8441221e+002  3.1310628e+002
  1.8376534e+002  3.1414527e+002
  1.8354729e+002  3.1507166e+002
  1.8334834e+002  3.1600495e+002
  1.8295828e+002  3.1694403e+002
  1.8279868e+002  3.1785412e+002
  1.8263642e+002  3.1877430e+002
  1.8246743e+002  3.1973186e+002
  1.8198423e+002  3.2082551e+002
  1.8190956e+002  3.2184018e+002
  1.8182000e+002  3.2285642e+002
  1.8172561e+002  3.2386588e+002
  1.8159398e+002  3.2490042e+002
  1.8147550e+002  3.2595004e+002
  1.8103055e+002  3.2698658e+002
  1.8096804e+002  3.2802012e+002
  1.8090432e+002  3.2901787e+002
  1.8085760e+002  3.3002523e+002
  1.8084158e+002  3.3104933e+002
  1.8085896e+002  3.3210105e+002
  1.8088771e+002  3.3313279e+002
  1.8087517e+002  3.3414347e+002
  1.8084670e+002  3.3511744e+002
  1.8081123e+002  3.3607952e+002
  1.8076328e+002  3.3704585e+002
  1.8072455e+002  3.3803302e+002
  1.8073674e+002  3.3914976e+002
  1.8071067e+002  3.4021733e+002
  1.8065482e+002  3.4130402e+002
  1.8062808e+002  3.4233772e+002
  1.8073583e+002  3.4329526e+002
  1.8099212e+002  3.4419223e+002
  1.8133783e+002  3.4510351e+002
  1.8165187e+002  3.4602851e+002
  1.8229600e+002  3.4696035e+002
  1.8246389e+002  3.4791198e+002
  1.8259379e+002  3.4881538e+002
  1.8316654e+002  3.4973877e+002
  1.8318687e+002  3.5070207e+002
  1.8312235e+002  3.5173791e+002
  1.8299751e+002  3.5281559e+002
  1.8291716e+002  3.5410351e+002
  1.8292252e+002  3.5495671e+002
  1.8297163e+002  3.5587310e+002
  1.8308976e+002  3.5686951e+002
  1.8329189e+002  3.5841456e+002
  1.8354038e+002  3.5946201e+002
  1.8425493e+002  3.6030860e+002
  1.8443550e+002  3.6120804e+002
  1.8456264e+002  3.6211801e+002
  1.8505400e+002  3.6316964e+002
  1.8509614e+002  3.6417516e+002
  1.8512747e+002  3.6520122e+002
  1.8516063e+002  3.6619414e+002
  1.8524072e+002  3.6716171e+002
  1.8539277e+002  3.6809656e+002
  1.8561244e+002  3.6903199e+002
  1.8634486e+002  3.7004039e+002
  1.8657630e+002  3.7098622e+002
  1.8727026e+002  3.7204278e+002
  1.8745757e+002  3.7299739e+002
  1.8762450e+002  3.7393906e+002
  1.8835302e+002  3.7491985e+002
  1.8849258e+002  3.7586948e+002
  1.8863434e+002  3.7682897e+002
  1.8917778e+002  3.7793675e+002
  1.8928248e+002  3.7896248e+002
  1.8937059e+002  3.8000999e+002
  1.8943599e+002  3.8107213e+002
  1.8949011e+002  3.8214574e+002
  1.8953167e+002  3.8320501e+002
  1.9007266e+002  3.8423347e+002
  1.9017260e+002  3.8514732e+002
  1.9032960e+002  3.8603607e+002
  1.9049344e+002  3.8696217e+002
  1.9065472e+002  3.8793176e+002
  1.9122391e+002  3.8903267e+002
  1.9140166e+002  3.9003169e+002
  1.9162095e+002  3.9098565e+002
  1.9244476e+002  3.9199498e+002
  1.9267791e+002  3.9287181e+002
  1.9342282e+002  3.9388631e+002
  1.9352837e+002  3.9483037e+002
  1.9408922e+002  3.9595830e+002
  1.9421651e+002  3.9696055e+002
  1.9436756e+002  3.9794760e+002
  1.9458451e+002  3.9890785e+002
  1.9536865e+002  4.0001516e+002
  1.9559689e+002  4.0091455e+002
  1.9639225e+002  4.0193499e+002
  1.9657878e+002  4.0282487e+002
  1.9735591e+002  4.0385220e+002
  1.9754007e+002  4.0474432e+002
  1.9828709e+002  4.0584551e+002
  1.9839392e+002  4.0680433e+002
