  1.9355399e+002  4.1107755e+002
  1.9428070e+002  4.1208822e+002
  1.9447559e+002  4.1298794e+002
  1.9467489e+002  4.1387944e+002
  1.9544398e+002  4.1495085e+002
  1.9567030e+002  4.1583380e+002
  1.9652955e+002  4.1686608e+002
  1.9741854e+002  4.1789129e+002
  1.9765780e+002  4.1876293e+002
  1.9836160e+002  4.1986195e+002
  1.9839234e+002  4.2083284e+002
  1.9835383e+002  4.2181781e+002
  1.9831069e+002  4.2280409e+002
  1.9831495e+002  4.2378218e+002
  1.9840094e+002  4.2474672e+002
  1.9853054e+002  4.2570052e+002
  1.9915110e+002  4.2684393e+002
  1.9921319e+002  4.2782204e+002
  1.9925097e+002  4.2881201e+002
  1.9931771e+002  4.2977402e+002
  1.9942661e+002  4.3072448e+002
  1.9952871e+002  4.3165172e+002
  2.0054408e+002  4.3243984e+002
  2.0147854e+002  4.3239139e+002
  2.0201112e+002  4.3336527e+002
  2.0262182e+002  4.3343300e+002
  2.0336580e+002  4.3351777e+002
  2.0363712e+002  4.3439897e+002
  2.0440199e+002  4.3455605e+002
  2.0462411e+002  4.3544929e+002
  2.0559100e+002  4.3615722e+002
  2.0615042e+002  4.3735354e+002
  2.0626911e+002  4.3827699e+002
  2.0639002e+002  4.3919197e+002
  2.0653904e+002  4.4009089e+002
  2.0729050e+002  4.4117708e+002
  2.0750156e+002  4.4203676e+002
  2.0832851e+002  4.4301921e+002
  2.0848063e+002  4.4386110e+002
  2.0859813e+002  4.4469855e+002
  2.0934561e+002  4.4573285e+002
  2.0947707e+002  4.4656522e+002
  2.0967719e+002  4.4738010e+002
  2.1037242e+002  4.4755434e+002
  2.1069834e+002  4.4835008e+002
  2.1140591e+002  4.4854741e+002
  2.1177013e+002  4.4933277e+002
  2.1248651e+002  4.4955392e+002
  2.1295032e+002  4.5050483e+002
  2.1388112e+002  4.5144790e+002
  2.1458886e+002  4.5165192e+002
  2.1550221e+002  4.5257198e+002
  2.1643517e+002  4.5364396e+002
  2.1657420e+002  4.5444595e+002
  2.1744626e+002  4.5471103e+002
  2.1763529e+002  4.5544708e+002
  2.1856999e+002  4.5567699e+002
  2.1962609e+002  4.5654388e+002
  2.2063739e+002  4.5748853e+002
  2.2138792e+002  4.5773752e+002
  2.2164495e+002  4.5856519e+002
  2.2276661e+002  4.5984154e+002
  2.2345198e+002  4.6099343e+002
  2.2344674e+002  4.6190322e+002
  2.2350904e+002  4.6276007e+002
  2.2461208e+002  4.6356539e+002
  2.2593187e+002  4.6418022e+002
  2.2721661e+002  4.6475561e+002
  2.2804127e+002  4.6560825e+002
  2.2890017e+002  4.6649935e+002
  2.2973023e+002  4.6667483e+002
  2.3077334e+002  4.6749040e+002
  2.3165820e+002  4.6770453e+002
  2.3262285e+002  4.6863342e+002
  2.3362089e+002  4.6957231e+002
  2.3475121e+002  4.7041335e+002
  2.3557122e+002  4.7059418e+002
  2.3670799e+002  4.7140468e+002
  2.3749627e+002  4.7156178e+002
  2.3783957e+002  4.7221649e+002
  2.3863126e+002  4.7239628e+002
  2.3941545e+002  4.7256235e+002
  2.3990853e+002  4.7374325e+002
  2.4053258e+002  4.7480117e+002
  2.4126394e+002  4.7584766e+002
  2.4130007e+002  4.7664367e+002
  2.4134062e+002  4.7746846e+002
  2.4233476e+002  4.7834816e+002
  2.4427005e+002  4.7970860e+002
  2.4534201e+002  4.7989806e+002
  2.4625612e+002  4.7992714e+002
  2.4712600e+002  4.8006746e+002
  2.4798244e+002  4.8027585e+002
  2.4882702e+002  4.8054804e+002
  2.4983100e+002  4.8164701e+002
  2.5075102e+002  4.8276006e+002
  2.5155934e+002  4.8380426e+002
  2.5254154e+002  4.8483827e+002
  2.5379984e+002  4.8576733e+002
  2.5493467e+002  4.8649402e+002
  2.5581709e+002  4.8660172e+002
  2.5688355e+002  4.8740511e+002
  2.5774339e+002  4.8762419e+002
  2.5872307e+002  4.8855634e+002
  2.5966501e+002  4.8953966e+002
  2.6064751e+002  4.9058922e+002
  2.6164932e+002  4.9167911e+002
  2.6240523e+002  4.9275203e+002
  2.6241328e+002  4.9348100e+002
  2.6366304e+002  4.9476281e+002
  2.6489778e+002  4.9538021e+002
  2.6585993e+002  4.9535729e+002
  2.6683518e+002  4.9537905e+002
  2.6778270e+002  4.9546464e+002
  2.6873995e+002  4.9556525e+002
  2.6987174e+002  4.9631392e+002
  2.7082396e+002  4.9640778e+002
  2.7179042e+002  4.9654091e+002
  2.7279111e+002  4.9732079e+002
  2.7372852e+002  4.9754975e+002
  2.7466198e+002  4.9847686e+002
  2.7555160e+002  4.9876777e+002
  2.7646203e+002  4.9984269e+002
  2.7676127e+002  5.0084195e+002
  2.7749382e+002  5.0192142e+002
  2.7756579e+002  5.0271285e+002
  2.7830125e+002  5.0365941e+002
  2.7839511e+002  5.0442232e+002
  2.7913573e+002  5.0531448e+002
  2.8080518e+002  5.0699304e+002
  2.8188290e+002  5.0769503e+002
  2.8300762e+002  5.0825044e+002
  2.8400812e+002  5.0802725e+002
  2.8502489e+002  5.0773881e+002
  2.8607696e+002  5.0755291e+002
  2.8712712e+002  5.0757248e+002
  2.8815540e+002  5.0770613e+002
  2.8912516e+002  5.0795768e+002
  2.9006274e+002  5.0822284e+002
  2.9093459e+002  5.0850203e+002
  2.9186146e+002  5.0959259e+002
  2.9285963e+002  5.1015023e+002
  2.9374246e+002  5.1026591e+002
  2.9466247e+002  5.1027839e+002
  2.9561475e+002  5.1022950e+002
  2.9658702e+002  5.1022057e+002
  2.9756893e+002  5.1028569e+002
  2.9857674e+002  5.1039786e+002
  2.9963732e+002  5.1053064e+002
  3.0083961e+002  5.1129144e+002
  3.0183140e+002  5.1140052e+002
  3.0277138e+002  5.1148803e+002
  3.0366480e+002  5.1167947e+002
  3.0457518e+002  5.1252483e+002
  3.0555980e+002  5.1334262e+002
  3.0654484e+002  5.1336488e+002
  3.0757670e+002  5.1335919e+002
  3.0860553e+002  5.1336215e+002
  3.0966743e+002  5.1338240e+002
  3.1068312e+002  5.1341984e+002
  3.1164904e+002  5.1355963e+002
  3.1263649e+002  5.1443696e+002
  3.1353668e+002  5.1471002e+002
  3.1451622e+002  5.1567245e+002
  3.1553411e+002  5.1651208e+002
  3.1660208e+002  5.1723310e+002
  3.1764360e+002  5.1713104e+002
  3.1912076e+002  5.1694180e+002
  3.2004904e+002  5.1680515e+002
  3.2100514e+002  5.1678965e+002
  3.2193413e+002  5.1684416e+002
  3.2290978e+002  5.1693457e+002
  3.2411792e+002  5.1688956e+002
  3.2521754e+002  5.1683410e+002
  3.2622706e+002  5.1678263e+002
  3.2717172e+002  5.1676945e+002
  3.2806822e+002  5.1676530e+002
  3.2899423e+002  5.1682820e+002
  3.2992483e+002  5.1689944e+002
  3.3085102e+002  5.1705430e+002
  3.3177234e+002  5.1727071e+002
  3.3270315e+002  5.1754669e+002
  3.3363601e+002  5.1851369e+002
  3.3459742e+002  5.1946102e+002
  3.3552672e+002  5.1952939e+002
  3.3651268e+002  5.2034660e+002
  3.3745169e+002  5.2032292e+002
  3.3843589e+002  5.2029206e+002
  3.4005199e+002  5.2023207e+002
  3.4099642e+002  5.2017071e+002
  3.4195065e+002  5.2014981e+002
  3.4289944e+002  5.2008305e+002
  3.4381933e+002  5.2005714e+002
  3.4472243e+002  5.2009019e+002
  3.4611778e+002  5.2011475e+002
  3.4702138e+002  5.2016459e+002
  3.4798489e+002  5.2020639e+002
  3.4896248e+002  5.2025319e+002
  3.4992474e+002  5.2030781e+002
  3.5085622e+002  5.2042140e+002
  3.5178804e+002  5.2059388e+002
  3.5274546e+002  5.2142432e+002
  3.5368960e+002  5.2158924e+002
  3.5460207e+002  5.2230415e+002
  3.5555563e+002  5.2228585e+002
  3.5655600e+002  5.2218599e+002
  3.5826060e+002  5.2197214e+002
  3.5916170e+002  5.2176470e+002
  3.6004436e+002  5.2165613e+002
  3.6091828e+002  5.2158807e+002
  3.6179697e+002  5.2157526e+002
  3.6269572e+002  5.2161856e+002
  3.6363684e+002  5.2167105e+002
  3.6461382e+002  5.2174736e+002
  3.6564272e+002  5.2181121e+002
  3.6696755e+002  5.2188577e+002
  3.6791518e+002  5.2194931e+002
  3.6892008e+002  5.2200282e+002
  3.6996415e+002  5.2204765e+002
  3.7102461e+002  5.2201693e+002
  3.7204699e+002  5.2196226e+002
  3.7303956e+002  5.2189773e+002
  3.7404331e+002  5.2189887e+002
  3.7503222e+002  5.2190567e+002
  3.7613319e+002  5.2189930e+002
  3.7708689e+002  5.2191566e+002
  3.7799053e+002  5.2194854e+002
  3.7888276e+002  5.2200618e+002
  3.7979431e+002  5.2202783e+002
  3.8074556e+002  5.2203704e+002
  3.8209638e+002  5.2191043e+002
  3.8304622e+002  5.2175585e+002
  3.8396645e+002  5.2160617e+002
  3.8484160e+002  5.2149445e+002
  3.8582329e+002  5.2066623e+002
  3.8670750e+002  5.2050637e+002
  3.8765137e+002  5.2038725e+002
  3.8878792e+002  5.1977323e+002
  3.8983016e+002  5.1977449e+002
  3.9084004e+002  5.1979543e+002
  3.9182481e+002  5.1981125e+002
  3.9278236e+002  5.1982432e+002
  3.9372609e+002  5.1979264e+002
  3.9463936e+002  5.1969761e+002
  3.9552500e+002  5.1948224e+002
  3.9634690e+002  5.1828580e+002
  3.9638538e+002  5.1738311e+002
  3.9646836e+002  5.1655495e+002
  3.9744112e+002  5.1626651e+002
  3.9768553e+002  5.1560558e+002
  3.9872942e+002  5.1539654e+002
  3.9999509e+002  5.1456961e+002
  4.0095857e+002  5.1442318e+002
  4.0203568e+002  5.1358613e+002
  4.0255362e+002  5.1340626e+002
  4.0363514e+002  5.1251698e+002
  4.0449104e+002  5.1241022e+002
  4.0475673e+002  5.1163821e+002
  4.0560630e+002  5.1150833e+002
  4.0646996e+002  5.1138062e+002
  4.0697355e+002  5.1024887e+002
  4.0778245e+002  5.0943349e+002
  4.0864635e+002  5.0857803e+002
  4.0955447e+002  5.0829583e+002
  4.1057866e+002  5.0711444e+002
  4.1149881e+002  5.0619787e+002
  4.1162750e+002  5.0539713e+002
  4.1264996e+002  5.0464050e+002
  4.1356549e+002  5.0454767e+002
  4.1447347e+002  5.0443570e+002
  4.1470130e+002  5.0363380e+002
  4.1596139e+002  5.0307377e+002
  4.1671495e+002  5.0199376e+002
  4.1731609e+002  5.0083659e+002
  4.1729711e+002  4.9990202e+002
  4.1736199e+002  4.9899753e+002
  4.1752805e+002  4.9809646e+002
  4.1849401e+002  4.9711368e+002
  4.1874348e+002  4.9627657e+002
  4.1976671e+002  4.9531898e+002
  4.2073026e+002  4.9431440e+002
  4.2159027e+002  4.9328765e+002
  4.2244751e+002  4.9224426e+002
  4.2256764e+002  4.9132371e+002
  4.2337126e+002  4.9025016e+002
  4.2342755e+002  4.8929234e+002
  4.2347047e+002  4.8835941e+002
  4.2350699e+002  4.8747067e+002
  4.2438753e+002  4.8641085e+002
  4.2451464e+002  4.8552590e+002
  4.2533565e+002  4.8537833e+002
  4.2547021e+002  4.8444454e+002
  4.2566777e+002  4.8356004e+002
  4.2658358e+002  4.8339976e+002
  4.2778565e+002  4.8239044e+002
  4.2892378e+002  4.8141673e+002
  4.2980488e+002  4.8033206e+002
  4.3047586e+002  4.7913076e+002
  4.3051449e+002  4.7811002e+002
  4.3123739e+002  4.7693315e+002
  4.3139438e+002  4.7599228e+002
  4.3156202e+002  4.7506450e+002
  4.3248387e+002  4.7410883e+002
  4.3259907e+002  4.7320537e+002
  4.3339616e+002  4.7228954e+002
  4.3345932e+002  4.7138225e+002
  4.3349857e+002  4.7044584e+002
  4.3354383e+002  4.6946227e+002
  4.3414782e+002  4.6832935e+002
  4.3412629e+002  4.6724899e+002
  4.3410977e+002  4.6618946e+002
  4.3415086e+002  4.6517890e+002
  4.3421120e+002  4.6422810e+002
  4.3435788e+002  4.6328996e+002
  4.3449656e+002  4.6233319e+002
  4.3463467e+002  4.6135057e+002
  4.3547500e+002  4.6035912e+002
  4.3555424e+002  4.5942904e+002
  4.3635561e+002  4.5851776e+002
  4.3641031e+002  4.5755024e+002
  4.3649046e+002  4.5650227e+002
  4.3656781e+002  4.5542268e+002
  4.3743547e+002  4.5426795e+002
  4.3749193e+002  4.5320326e+002
  4.3759472e+002  4.5219971e+002
  4.3860196e+002  4.5123174e+002
  4.3963895e+002  4.5024899e+002
  4.4056690e+002  4.4921030e+002
  4.4138396e+002  4.4818542e+002
  4.4140376e+002  4.4724087e+002
  4.4136744e+002  4.4626442e+002
  4.4129166e+002  4.4527330e+002
  4.4122355e+002  4.4424653e+002
  4.4113825e+002  4.4297197e+002
  4.4110792e+002  4.4201889e+002
  4.4104800e+002  4.4108215e+002
  4.4100877e+002  4.4011956e+002
  4.4098770e+002  4.3913069e+002
  4.4101492e+002  4.3788343e+002
  4.4108408e+002  4.3692649e+002
  4.4117114e+002  4.3588529e+002
  4.4124582e+002  4.3490246e+002
  4.4130317e+002  4.3393547e+002
  4.4136200e+002  4.3297461e+002
  4.4137960e+002  4.3207414e+002
  4.4136383e+002  4.3114151e+002
  4.4129122e+002  4.3013942e+002
  4.4124228e+002  4.2898150e+002
  4.4122257e+002  4.2799629e+002
  4.4124365e+002  4.2704243e+002
  4.4127194e+002  4.2613735e+002
  4.4131067e+002  4.2523224e+002
  4.4134689e+002  4.2427017e+002
  4.4135191e+002  4.2321029e+002
  4.4118551e+002  4.2190825e+002
  4.4097996e+002  4.2094008e+002
  4.4079252e+002  4.1999779e+002
  4.4067671e+002  4.1904501e+002
  4.4063838e+002  4.1808711e+002
  4.4071946e+002  4.1709568e+002
  4.4084149e+002  4.1607680e+002
  4.4093542e+002  4.1516781e+002
  4.4097631e+002  4.1414810e+002
  4.4086429e+002  4.1300590e+002
  4.4066912e+002  4.1206893e+002
  4.4043692e+002  4.1117572e+002
  4.3952309e+002  4.1019832e+002
  4.3940282e+002  4.0931948e+002
  4.3853379e+002  4.0826598e+002
  4.3838805e+002  4.0736445e+002
  4.3758625e+002  4.0620212e+002
  4.3748042e+002  4.0521333e+002
  4.3681956e+002  4.0403492e+002
  4.3682597e+002  4.0300901e+002
  4.3680638e+002  4.0200055e+002
  4.3678717e+002  4.0099932e+002
  4.3669273e+002  3.9998744e+002
  4.3655416e+002  3.9897265e+002
  4.3640475e+002  3.9798130e+002
  4.3566007e+002  3.9691558e+002
  4.3552078e+002  3.9596964e+002
  4.3541027e+002  3.9502312e+002
  4.3472239e+002  3.9396186e+002
  4.3468203e+002  3.9298180e+002
  4.3470532e+002  3.9198010e+002
  4.3473032e+002  3.9098256e+002
  4.3472297e+002  3.9002895e+002
  4.3465277e+002  3.8909329e+002
  4.3452777e+002  3.8816620e+002
  4.3435452e+002  3.8721075e+002
  4.3358195e+002  3.8602555e+002
  4.3338970e+002  3.8508009e+002
  4.3255749e+002  3.8402359e+002
  4.3237763e+002  3.8313387e+002
  4.3158198e+002  3.8209274e+002
  4.3144827e+002  3.8118666e+002
  4.3071197e+002  3.8005797e+002
  4.3057687e+002  3.7909218e+002
  4.3046836e+002  3.7811827e+002
  4.2970704e+002  3.7697214e+002
  4.2957068e+002  3.7602368e+002
  4.2940596e+002  3.7510039e+002
  4.2859293e+002  3.7405243e+002
  4.2843472e+002  3.7310326e+002
  4.2774416e+002  3.7199490e+002
  4.2765647e+002  3.7101133e+002
  4.2757918e+002  3.7003994e+002
  4.2750179e+002  3.6906366e+002
  4.2741419e+002  3.6811241e+002
  4.2675500e+002  3.6700522e+002
  4.2663604e+002  3.6601821e+002
  4.2653518e+002  3.6502455e+002
  4.2645036e+002  3.6404046e+002
  4.2580388e+002  3.6293728e+002
  4.2569657e+002  3.6198009e+002
  4.2556328e+002  3.6102824e+002
  4.2539680e+002  3.6008950e+002
  4.2465212e+002  3.5905147e+002
  4.2445889e+002  3.5811933e+002
  4.2370892e+002  3.5708006e+002
  4.2352845e+002  3.5615225e+002
  4.2338241e+002  3.5521409e+002
  4.2267616e+002  3.5409352e+002
  4.2258814e+002  3.5309958e+002
  4.2247968e+002  3.5211439e+002
  4.2179738e+002  3.5102354e+002
  4.2163375e+002  3.5004902e+002
  4.2148562e+002  3.4907373e+002
  4.2078552e+002  3.4799042e+002
  4.2063744e+002  3.4703350e+002
  4.2049099e+002  3.4610799e+002
  4.1977947e+002  3.4500026e+002
  4.1960713e+002  3.4404114e+002
  4.1944599e+002  3.4310058e+002
  4.1873873e+002  3.4201105e+002
  4.1860115e+002  3.4108177e+002
  4.1846868e+002  3.4015666e+002
  4.1775218e+002  3.3905901e+002
  4.1759518e+002  3.3812870e+002
  4.1742880e+002  3.3721688e+002
  4.1666130e+002  3.3610692e+002
  4.1646677e+002  3.3520220e+002
  4.1560292e+002  3.3408421e+002
  4.1533256e+002  3.3317707e+002
  4.1437778e+002  3.3206031e+002
  4.1338346e+002  3.3097412e+002
  4.1248528e+002  3.2995685e+002
  4.1175716e+002  3.2889097e+002
  4.1165574e+002  3.2796106e+002
  4.1158233e+002  3.2700493e+002
  4.1150062e+002  3.2605744e+002
  4.1140257e+002  3.2510826e+002
  4.1075146e+002  3.2397120e+002
  4.1064019e+002  3.2302412e+002
  4.1049911e+002  3.2208556e+002
  4.0972976e+002  3.2107640e+002
  4.0950948e+002  3.2016096e+002
  4.0926478e+002  3.1925579e+002
  4.0840109e+002  3.1821887e+002
  4.0751364e+002  3.1716003e+002
  4.0727507e+002  3.1627380e+002
  4.0641995e+002  3.1523379e+002
  4.0561090e+002  3.1423772e+002
  4.0544015e+002  3.1335192e+002
  4.0469875e+002  3.1230539e+002
  4.0454715e+002  3.1139307e+002
  4.0439606e+002  3.1046395e+002
  4.0354106e+002  3.0938265e+002
  4.0338378e+002  3.0846331e+002
  4.0250840e+002  3.0744429e+002
  4.0240296e+002  3.0658091e+002
  4.0173063e+002  3.0640293e+002
  4.0159039e+002  3.0553812e+002
  4.0077175e+002  3.0437010e+002
  4.0046156e+002  3.0349554e+002
  3.9956128e+002  3.0227720e+002
  3.9919395e+002  3.0141050e+002
  3.9805207e+002  3.0019248e+002
  3.9701150e+002  2.9932803e+002
  3.9593068e+002  2.9843749e+002
  3.9490005e+002  2.9752963e+002
  3.9416911e+002  2.9732509e+002
  3.9313046e+002  2.9645750e+002
  3.9210786e+002  2.9549201e+002
  3.9084540e+002  2.9411545e+002
  3.9016748e+002  2.9304024e+002
  3.8937882e+002  2.9216864e+002
  3.8860448e+002  2.9113374e+002
  3.8836930e+002  2.9035538e+002
  3.8754704e+002  2.8937096e+002
  3.8734930e+002  2.8856221e+002
  3.8676245e+002  2.8833626e+002
  3.8654902e+002  2.8749965e+002
  3.8634242e+002  2.8667854e+002
  3.8570493e+002  2.8638881e+002
  3.8544786e+002  2.8558137e+002
  3.8430942e+002  2.8498910e+002
  3.8333885e+002  2.8419387e+002
  3.8226228e+002  2.8345280e+002
  3.8112398e+002  2.8267202e+002
  3.8030651e+002  2.8253145e+002
  3.7954471e+002  2.8232316e+002
  3.7924953e+002  2.8152172e+002
  3.7855309e+002  2.8116557e+002
  3.7829719e+002  2.8037995e+002
  3.7733892e+002  2.7925452e+002
  3.7632260e+002  2.7824875e+002
  3.7526096e+002  2.7732657e+002
  3.7419163e+002  2.7640509e+002
  3.7320663e+002  2.7543234e+002
  3.7227214e+002  2.7446669e+002
  3.7116662e+002  2.7338667e+002
  3.7003920e+002  2.7241658e+002
  3.6894383e+002  2.7145865e+002
  3.6798586e+002  2.7047055e+002
  3.6715058e+002  2.6943410e+002
  3.6629796e+002  2.6838559e+002
  3.6533728e+002  2.6736808e+002
  3.6411068e+002  2.6624053e+002
  3.6302327e+002  2.6541246e+002
  3.6196469e+002  2.6454934e+002
  3.6120799e+002  2.6429604e+002
  3.6017133e+002  2.6334433e+002
  3.5911349e+002  2.6246523e+002
  3.5805153e+002  2.6161857e+002
  3.5729547e+002  2.6140662e+002
  3.5620992e+002  2.6045839e+002
  3.5505130e+002  2.5949240e+002
  3.5395250e+002  2.5847366e+002
  3.5294316e+002  2.5746225e+002
  3.5193406e+002  2.5658814e+002
  3.5108395e+002  2.5643912e+002
  3.4994564e+002  2.5576035e+002
  3.4906882e+002  2.5563268e+002
  3.4821794e+002  2.5547642e+002
  3.4709085e+002  2.5456129e+002
  3.4625017e+002  2.5423653e+002
  3.4521649e+002  2.5322416e+002
  3.4416114e+002  2.5225010e+002
  3.4310383e+002  2.5135392e+002
  3.4204383e+002  2.5050045e+002
  3.4121459e+002  2.5037767e+002
  3.4010875e+002  2.4967216e+002
  3.3919542e+002  2.4957292e+002
  3.3825042e+002  2.4938793e+002
  3.3706163e+002  2.4855906e+002
  3.3615563e+002  2.4825315e+002
  3.3506703e+002  2.4731403e+002
  3.3402532e+002  2.4639547e+002
  3.3298094e+002  2.4553243e+002
  3.3211008e+002  2.4529682e+002
  3.3103397e+002  2.4456558e+002
  3.3009708e+002  2.4440939e+002
  3.2900931e+002  2.4377531e+002
  3.2808502e+002  2.4363931e+002
  3.2713625e+002  2.4352952e+002
  3.2613592e+002  2.4342695e+002
  3.2496476e+002  2.4293302e+002
  3.2392129e+002  2.4292005e+002
  3.2289405e+002  2.4287954e+002
  3.2191058e+002  2.4276011e+002
  3.2097845e+002  2.4257254e+002
  3.2008393e+002  2.4236917e+002
  3.1900475e+002  2.4167200e+002
  3.1802613e+002  2.4148921e+002
  3.1690640e+002  2.4081014e+002
  3.1594490e+002  2.4057700e+002
  3.1501098e+002  2.4033767e+002
  3.1397518e+002  2.3956082e+002
  3.1307735e+002  2.3938566e+002
  3.1207007e+002  2.3871809e+002
  3.1113921e+002  2.3868796e+002
  3.1016258e+002  2.3869569e+002
  3.0915705e+002  2.3870059e+002
  3.0810998e+002  2.3870224e+002
  3.0702684e+002  2.3866731e+002
  3.0594681e+002  2.3860900e+002
  3.0488535e+002  2.3857458e+002
  3.0386150e+002  2.3852885e+002
  3.0284433e+002  2.3844935e+002
  3.0178131e+002  2.3794095e+002
  3.0084259e+002  2.3791679e+002
  2.9988679e+002  2.3779554e+002
  2.9897072e+002  2.3765031e+002
  2.9809102e+002  2.3749140e+002
  2.9715572e+002  2.3684587e+002
  2.9624076e+002  2.3666183e+002
  2.9530111e+002  2.3649496e+002
  2.9427300e+002  2.3594549e+002
  2.9325391e+002  2.3588761e+002
  2.9219093e+002  2.3590313e+002
  2.9088240e+002  2.3603120e+002
  2.8997552e+002  2.3616133e+002
  2.8902181e+002  2.3619051e+002
  2.8804383e+002  2.3613046e+002
  2.8705241e+002  2.3594718e+002
  2.8578503e+002  2.3582029e+002
  2.8482444e+002  2.3572526e+002
  2.8388305e+002  2.3563336e+002
  2.8293273e+002  2.3550701e+002
  2.8201942e+002  2.3537462e+002
  2.8112399e+002  2.3486352e+002
  2.8019718e+002  2.3484377e+002
  2.7924623e+002  2.3488717e+002
  2.7760689e+002  2.3501649e+002
  2.7673464e+002  2.3517380e+002
  2.7587234e+002  2.3531071e+002
  2.7499084e+002  2.3545752e+002
  2.7408674e+002  2.3558681e+002
  2.7315014e+002  2.3623848e+002
  2.7221472e+002  2.3624481e+002
  2.7124974e+002  2.3618463e+002
  2.7024224e+002  2.3611610e+002
  2.6920343e+002  2.3608048e+002
  2.6774337e+002  2.3614712e+002
  2.6682573e+002  2.3623903e+002
  2.6581556e+002  2.3633523e+002
  2.6472211e+002  2.3642440e+002
  2.6367813e+002  2.3655897e+002
  2.6267639e+002  2.3712408e+002
  2.6174267e+002  2.3727250e+002
  2.6082709e+002  2.3740274e+002
  2.5990163e+002  2.3749594e+002
  2.5896083e+002  2.3755128e+002
  2.5791274e+002  2.3805478e+002
  2.5695277e+002  2.3817894e+002
  2.5598879e+002  2.3831505e+002
  2.5504320e+002  2.3848379e+002
  2.5413009e+002  2.3867464e+002
  2.5312794e+002  2.3946573e+002
  2.5226586e+002  2.3971313e+002
  2.5121277e+002  2.4049525e+002
  2.5025255e+002  2.4062164e+002
  2.4904927e+002  2.4120794e+002
  2.4807452e+002  2.4134503e+002
  2.4714155e+002  2.4156225e+002
  2.4603814e+002  2.4249233e+002
  2.4521096e+002  2.4290275e+002
  2.4419303e+002  2.4395988e+002
  2.4315909e+002  2.4495659e+002
  2.4207880e+002  2.4584604e+002
  2.4096401e+002  2.4666565e+002
  2.3989229e+002  2.4746708e+002
  2.3907293e+002  2.4768120e+002
  2.3805621e+002  2.4839905e+002
  2.3721812e+002  2.4856520e+002
  2.3613580e+002  2.4930388e+002
  2.3530169e+002  2.4955907e+002
  2.3426128e+002  2.5048095e+002
  2.3349630e+002  2.5081351e+002
  2.3254242e+002  2.5188710e+002
  2.3236730e+002  2.5266688e+002
  2.3136679e+002  2.5372483e+002
  2.3027665e+002  2.5470958e+002
  2.2915059e+002  2.5561221e+002
  2.2798133e+002  2.5641677e+002
  2.2715294e+002  2.5660146e+002
  2.2602372e+002  2.5743852e+002
  2.2526274e+002  2.5772627e+002
  2.2441561e+002  2.5878233e+002
  2.2345497e+002  2.5982349e+002
  2.2228735e+002  2.6110416e+002
  2.2137622e+002  2.6212415e+002
  2.2047187e+002  2.6308104e+002
  2.1958921e+002  2.6403955e+002
  2.1928304e+002  2.6476325e+002
  2.1836129e+002  2.6576796e+002
  2.1741278e+002  2.6682624e+002
  2.1640425e+002  2.6788149e+002
  2.1533564e+002  2.6886025e+002
  2.1435396e+002  2.6960648e+002
  2.1322094e+002  2.7069139e+002
  2.1238858e+002  2.7176908e+002
  2.1160118e+002  2.7292375e+002
  2.1145911e+002  2.7366177e+002
  2.1053062e+002  2.7477515e+002
  2.1026062e+002  2.7547199e+002
  2.0951968e+002  2.7581106e+002
  2.0922311e+002  2.7651082e+002
  2.0818159e+002  2.7753068e+002
  2.0715927e+002  2.7858020e+002
  2.0616538e+002  2.7965596e+002
  2.0520743e+002  2.8077074e+002
  2.0437287e+002  2.8189344e+002
  2.0356851e+002  2.8304358e+002
  2.0333355e+002  2.8384709e+002
  2.0245171e+002  2.8501422e+002
  2.0157198e+002  2.8619018e+002
  2.0131832e+002  2.8706307e+002
  2.0062376e+002  2.8824573e+002
  2.0054183e+002  2.8914941e+002
  2.0043765e+002  2.9005241e+002
  1.9974500e+002  2.9116404e+002
  1.9948742e+002  2.9200449e+002
  1.9860883e+002  2.9311368e+002
  1.9828214e+002  2.9392785e+002
  1.9743054e+002  2.9500563e+002
  1.9666154e+002  2.9606476e+002
  1.9649974e+002  2.9690957e+002
  1.9579512e+002  2.9799417e+002
  1.9567099e+002  2.9887497e+002
  1.9557122e+002  2.9977137e+002
  1.9549906e+002  3.0066116e+002
  1.9471032e+002  3.0179962e+002
  1.9448101e+002  3.0262427e+002
  1.9341831e+002  3.0364672e+002
  1.9236116e+002  3.0465563e+002
  1.9151265e+002  3.0577039e+002
  1.9134482e+002  3.0671497e+002
  1.9072592e+002  3.0792945e+002
  1.9066488e+002  3.0895298e+002
  1.9060513e+002  3.0999245e+002
  1.9053881e+002  3.1100969e+002
  1.9042114e+002  3.1199460e+002
  1.8972398e+002  3.1313607e+002
  1.8947743e+002  3.1405350e+002
  1.8864982e+002  3.1510733e+002
  1.8832523e+002  3.1600607e+002
  1.8752725e+002  3.1705236e+002
  1.8730279e+002  3.1796265e+002
  1.8667940e+002  3.1901300e+002
  1.8663113e+002  3.1997164e+002
  1.8664452e+002  3.2093330e+002
  1.8669490e+002  3.2192114e+002
  1.8672382e+002  3.2292899e+002
  1.8671428e+002  3.2395475e+002
  1.8668176e+002  3.2501950e+002
  1.8659992e+002  3.2607773e+002
  1.8641675e+002  3.2708291e+002
  1.8563367e+002  3.2811115e+002
  1.8533646e+002  3.2898345e+002
  1.8483351e+002  3.2992707e+002
  1.8464499e+002  3.3081877e+002
  1.8448097e+002  3.3176089e+002
  1.8396599e+002  3.3283390e+002
  1.8391155e+002  3.3382298e+002
  1.8386364e+002  3.3481502e+002
  1.8380339e+002  3.3581535e+002
  1.8370582e+002  3.3683110e+002
  1.8354945e+002  3.3785989e+002
  1.8333847e+002  3.3889410e+002
  1.8278312e+002  3.4001271e+002
  1.8261256e+002  3.4104322e+002
  1.8244837e+002  3.4203737e+002
  1.8208756e+002  3.4293996e+002
  1.8206834e+002  3.4397444e+002
  1.8212347e+002  3.4549991e+002
  1.8221149e+002  3.4640836e+002
  1.8231284e+002  3.4728349e+002
  1.8236525e+002  3.4815547e+002
  1.8234816e+002  3.4903380e+002
  1.8229598e+002  3.4995739e+002
  1.8217096e+002  3.5091745e+002
  1.8204814e+002  3.5215090e+002
  1.8191533e+002  3.5311106e+002
  1.8183359e+002  3.5404925e+002
  1.8177624e+002  3.5496299e+002
  1.8174221e+002  3.5586114e+002
  1.8171445e+002  3.5678443e+002
  1.8169542e+002  3.5778339e+002
  1.8177837e+002  3.5935967e+002
  1.8199288e+002  3.6039291e+002
  1.8219604e+002  3.6137225e+002
  1.8236370e+002  3.6231837e+002
  1.8248212e+002  3.6322217e+002
  1.8256444e+002  3.6413706e+002
  1.8296861e+002  3.6518538e+002
  1.8300000e+002  3.6620399e+002
  1.8302082e+002  3.6722708e+002
  1.8307308e+002  3.6823732e+002
  1.8318657e+002  3.6920258e+002
  1.8333640e+002  3.7013825e+002
  1.8350234e+002  3.7102466e+002
  1.8424863e+002  3.7201568e+002
  1.8443658e+002  3.7293468e+002
  1.8460744e+002  3.7385563e+002
  1.8531087e+002  3.7492992e+002
  1.8542462e+002  3.7591033e+002
  1.8552471e+002  3.7691845e+002
  1.8616619e+002  3.7798790e+002
  1.8634777e+002  3.7899825e+002
  1.8654963e+002  3.8002975e+002
  1.8706096e+002  3.8123654e+002
  1.8713734e+002  3.8228372e+002
  1.8720979e+002  3.8327486e+002
  1.8731838e+002  3.8423383e+002
  1.8747187e+002  3.8516501e+002
  1.8766473e+002  3.8610262e+002
  1.8835251e+002  3.8711636e+002
  1.8856572e+002  3.8803127e+002
  1.8926059e+002  3.8903328e+002
  1.8943615e+002  3.8996938e+002
  1.8956989e+002  3.9091068e+002
  1.9030013e+002  3.9191531e+002
  1.9044011e+002  3.9283749e+002
  1.9056547e+002  3.9374666e+002
  1.9117662e+002  3.9477664e+002
  1.9121570e+002  3.9578324e+002
  1.9124582e+002  3.9682186e+002
  1.9131938e+002  3.9785938e+002
  1.9142672e+002  3.9889325e+002
  1.9154645e+002  3.9990655e+002
  1.9220236e+002  4.0102151e+002
  1.9232151e+002  4.0202780e+002
  1.9235109e+002  4.0305977e+002
  1.9233136e+002  4.0408998e+002
  1.9227822e+002  4.0514895e+002
  1.9230856e+002  4.0618526e+002
  1.9241354e+002  4.0718026e+002
  1.9258393e+002  4.0816772e+002
  1.9322619e+002  4.0918935e+002
