  1.9538569e+002  4.0798447e+002
  1.9561794e+002  4.0897904e+002
  1.9640972e+002  4.1009261e+002
  1.9665814e+002  4.1101678e+002
  1.9745258e+002  4.1204927e+002
  1.9765398e+002  4.1294066e+002
  1.9834462e+002  4.1403568e+002
  1.9852352e+002  4.1495965e+002
  1.9920871e+002  4.1607593e+002
  1.9941326e+002  4.1699451e+002
  1.9956591e+002  4.1789466e+002
  2.0029387e+002  4.1894830e+002
  2.0041955e+002  4.1981860e+002
  2.0054900e+002  4.2066513e+002
  2.0135991e+002  4.2170153e+002
  2.0157890e+002  4.2250362e+002
  2.0256548e+002  4.2348676e+002
  2.0331431e+002  4.2370686e+002
  2.0352791e+002  4.2455640e+002
  2.0448356e+002  4.2571543e+002
  2.0474361e+002  4.2658442e+002
  2.0582041e+002  4.2770783e+002
  2.0684773e+002  4.2883304e+002
  2.0773865e+002  4.2999075e+002
  2.0842961e+002  4.3115438e+002
  2.0855679e+002  4.3205438e+002
  2.0919532e+002  4.3319131e+002
  2.0933464e+002  4.3409025e+002
  2.0946950e+002  4.3499869e+002
  2.0957705e+002  4.3590564e+002
  2.1026184e+002  4.3700226e+002
  2.1033912e+002  4.3791866e+002
  2.1043038e+002  4.3882979e+002
  2.1056181e+002  4.3970005e+002
  2.1147970e+002  4.4063729e+002
  2.1169277e+002  4.4144650e+002
  2.1242893e+002  4.4160924e+002
  2.1264541e+002  4.4245983e+002
  2.1334176e+002  4.4267675e+002
  2.1352153e+002  4.4357627e+002
  2.1433162e+002  4.4477296e+002
  2.1448507e+002  4.4571572e+002
  2.1464162e+002  4.4663529e+002
  2.1556022e+002  4.4773321e+002
  2.1660367e+002  4.4873597e+002
  2.1764807e+002  4.4964895e+002
  2.1861678e+002  4.5062221e+002
  2.1956765e+002  4.5166086e+002
  2.2060483e+002  4.5270045e+002
  2.2170368e+002  4.5372115e+002
  2.2273569e+002  4.5468188e+002
  2.2364885e+002  4.5564054e+002
  2.2458506e+002  4.5670283e+002
  2.2558976e+002  4.5783554e+002
  2.2677903e+002  4.5888408e+002
  2.2773548e+002  4.5979700e+002
  2.2854694e+002  4.6073375e+002
  2.2937672e+002  4.6181531e+002
  2.2953203e+002  4.6267636e+002
  2.3052666e+002  4.6376834e+002
  2.3153073e+002  4.6474320e+002
  2.3246105e+002  4.6566916e+002
  2.3257852e+002  4.6642454e+002
  2.3330872e+002  4.6666344e+002
  2.3344663e+002  4.6747415e+002
  2.3440798e+002  4.6853714e+002
  2.3501899e+002  4.6964145e+002
  2.3604042e+002  4.7032585e+002
  2.3689235e+002  4.7040995e+002
  2.3771571e+002  4.7052583e+002
  2.3877825e+002  4.7136606e+002
  2.3960507e+002  4.7151271e+002
  2.4053204e+002  4.7243373e+002
  2.4131239e+002  4.7259691e+002
  2.4129469e+002  4.7344052e+002
  2.4203818e+002  4.7467931e+002
  2.4254385e+002  4.7581069e+002
  2.4346597e+002  4.7692629e+002
  2.4347703e+002  4.7768899e+002
  2.4354392e+002  4.7845399e+002
  2.4486508e+002  4.7887143e+002
  2.4612250e+002  4.7950808e+002
  2.4724953e+002  4.8020407e+002
  2.4807665e+002  4.8037901e+002
  2.4886758e+002  4.8063544e+002
  2.4980107e+002  4.8159717e+002
  2.5075763e+002  4.8261100e+002
  2.5171998e+002  4.8366673e+002
  2.5275029e+002  4.8477917e+002
  2.5366797e+002  4.8572291e+002
  2.5467771e+002  4.8670284e+002
  2.5571998e+002  4.8763669e+002
  2.5682024e+002  4.8848166e+002
  2.5769281e+002  4.8860878e+002
  2.5875591e+002  4.8946219e+002
  2.5956579e+002  4.8970514e+002
  2.6046122e+002  4.9079792e+002
  2.6055473e+002  4.9165525e+002
  2.6146348e+002  4.9279397e+002
  2.6143425e+002  4.9338486e+002
  2.6270998e+002  4.9449054e+002
  2.6362962e+002  4.9456443e+002
  2.6481309e+002  4.9530161e+002
  2.6578127e+002  4.9535742e+002
  2.6673403e+002  4.9544358e+002
  2.6769776e+002  4.9557962e+002
  2.6881586e+002  4.9646978e+002
  2.6977611e+002  4.9664607e+002
  2.7084454e+002  4.9749430e+002
  2.7178488e+002  4.9764297e+002
  2.7277863e+002  4.9850267e+002
  2.7376125e+002  4.9933854e+002
  2.7468370e+002  4.9953160e+002
  2.7564297e+002  5.0042067e+002
  2.7657694e+002  5.0067960e+002
  2.7762655e+002  5.0162780e+002
  2.7866970e+002  5.0258295e+002
  2.7966888e+002  5.0353621e+002
  2.8060516e+002  5.0455576e+002
  2.8164491e+002  5.0547333e+002
  2.8255633e+002  5.0541377e+002
  2.8353948e+002  5.0531180e+002
  2.8456473e+002  5.0530576e+002
  2.8561782e+002  5.0540873e+002
  2.8667757e+002  5.0560163e+002
  2.8781406e+002  5.0641951e+002
  2.8888332e+002  5.0656554e+002
  2.8995555e+002  5.0729774e+002
  2.9091421e+002  5.0746593e+002
  2.9182989e+002  5.0768682e+002
  2.9281125e+002  5.0855528e+002
  2.9384380e+002  5.0938631e+002
  2.9478490e+002  5.0947511e+002
  2.9575197e+002  5.0952388e+002
  2.9685213e+002  5.1018083e+002
  2.9787019e+002  5.1024527e+002
  2.9888081e+002  5.1033098e+002
  2.9987098e+002  5.1044387e+002
  3.0083629e+002  5.1060643e+002
  3.0179446e+002  5.1142448e+002
  3.0273937e+002  5.1161493e+002
  3.0376568e+002  5.1241593e+002
  3.0474734e+002  5.1254612e+002
  3.0578796e+002  5.1327433e+002
  3.0674581e+002  5.1332605e+002
  3.0772080e+002  5.1338430e+002
  3.0868827e+002  5.1348295e+002
  3.0968259e+002  5.1363509e+002
  3.1074440e+002  5.1439146e+002
  3.1176071e+002  5.1455671e+002
  3.1280267e+002  5.1537319e+002
  3.1374194e+002  5.1554037e+002
  3.1469973e+002  5.1639815e+002
  3.1560630e+002  5.1648554e+002
  3.1653981e+002  5.1652753e+002
  3.1752797e+002  5.1725933e+002
  3.1851888e+002  5.1730682e+002
  3.1954608e+002  5.1729546e+002
  3.2060322e+002  5.1721731e+002
  3.2169280e+002  5.1707663e+002
  3.2301512e+002  5.1695561e+002
  3.2397158e+002  5.1690088e+002
  3.2492750e+002  5.1693145e+002
  3.2590380e+002  5.1696269e+002
  3.2688589e+002  5.1700953e+002
  3.2814349e+002  5.1706874e+002
  3.2901722e+002  5.1709011e+002
  3.2992156e+002  5.1720176e+002
  3.3082820e+002  5.1731467e+002
  3.3175827e+002  5.1739320e+002
  3.3269826e+002  5.1747696e+002
  3.3364901e+002  5.1756013e+002
  3.3465963e+002  5.1824939e+002
  3.3559463e+002  5.1830668e+002
  3.3658125e+002  5.1836393e+002
  3.3765507e+002  5.1846740e+002
  3.3877669e+002  5.1854418e+002
  3.3976610e+002  5.1923674e+002
  3.4085279e+002  5.1932554e+002
  3.4192974e+002  5.1937932e+002
  3.4301092e+002  5.1940111e+002
  3.4402471e+002  5.1935895e+002
  3.4494514e+002  5.1929299e+002
  3.4616390e+002  5.1926944e+002
  3.4713870e+002  5.1923388e+002
  3.4806990e+002  5.1925785e+002
  3.4899209e+002  5.1927244e+002
  3.4989872e+002  5.1934439e+002
  3.5083288e+002  5.1944514e+002
  3.5177926e+002  5.1956253e+002
  3.5278487e+002  5.2034347e+002
  3.5375086e+002  5.2045218e+002
  3.5475497e+002  5.2050906e+002
  3.5567876e+002  5.2113746e+002
  3.5716051e+002  5.2095605e+002
  3.5808947e+002  5.2077358e+002
  3.5899500e+002  5.2069097e+002
  3.5990657e+002  5.2065467e+002
  3.6077902e+002  5.2065389e+002
  3.6164360e+002  5.2064410e+002
  3.6254434e+002  5.2060592e+002
  3.6353603e+002  5.2054335e+002
  3.6459263e+002  5.2051335e+002
  3.6567534e+002  5.2049184e+002
  3.6683532e+002  5.1984359e+002
  3.6782871e+002  5.1981304e+002
  3.6876846e+002  5.1983082e+002
  3.6969980e+002  5.1982477e+002
  3.7065314e+002  5.1986042e+002
  3.7167249e+002  5.1988576e+002
  3.7312330e+002  5.1996471e+002
  3.7409888e+002  5.1996482e+002
  3.7506537e+002  5.2000493e+002
  3.7602281e+002  5.2004806e+002
  3.7696710e+002  5.2004236e+002
  3.7792375e+002  5.2003791e+002
  3.7891232e+002  5.1995399e+002
  3.8011453e+002  5.1987678e+002
  3.8111728e+002  5.1984282e+002
  3.8209675e+002  5.1985483e+002
  3.8303425e+002  5.1991699e+002
  3.8394780e+002  5.1992695e+002
  3.8487088e+002  5.1989632e+002
  3.8581672e+002  5.1975155e+002
  3.8678421e+002  5.1961201e+002
  3.8777368e+002  5.1948379e+002
  3.8884322e+002  5.1865908e+002
  3.8977269e+002  5.1852869e+002
  3.9069111e+002  5.1839600e+002
  3.9163916e+002  5.1753209e+002
  3.9257458e+002  5.1758163e+002
  3.9346823e+002  5.1768223e+002
  3.9436788e+002  5.1774467e+002
  3.9530090e+002  5.1762491e+002
  3.9628471e+002  5.1737802e+002
  3.9634913e+002  5.1645768e+002
  3.9645104e+002  5.1560802e+002
  3.9752266e+002  5.1542949e+002
  3.9873175e+002  5.1452408e+002
  3.9972453e+002  5.1438812e+002
  4.0091036e+002  5.1352673e+002
  4.0183654e+002  5.1333702e+002
  4.0290058e+002  5.1235568e+002
  4.0388311e+002  5.1137512e+002
  4.0481828e+002  5.1045567e+002
  4.0580869e+002  5.0960173e+002
  4.0652361e+002  5.0934848e+002
  4.0763312e+002  5.0842311e+002
  4.0870663e+002  5.0751317e+002
  4.0958378e+002  5.0744029e+002
  4.1060254e+002  5.0654566e+002
  4.1155967e+002  5.0647095e+002
  4.1271704e+002  5.0559897e+002
  4.1364958e+002  5.0544230e+002
  4.1470463e+002  5.0445793e+002
  4.1569775e+002  5.0345279e+002
  4.1703034e+002  5.0211293e+002
  4.1782462e+002  5.0118107e+002
  4.1857057e+002  5.0013623e+002
  4.1934783e+002  4.9904487e+002
  4.1946918e+002  4.9813959e+002
  4.1963983e+002  4.9722088e+002
  4.2054514e+002  4.9619114e+002
  4.2147543e+002  4.9525402e+002
  4.2164632e+002  4.9434325e+002
  4.2252958e+002  4.9337914e+002
  4.2340900e+002  4.9233255e+002
  4.2342717e+002  4.9137146e+002
  4.2340846e+002  4.9042051e+002
  4.2339352e+002  4.8949528e+002
  4.2350611e+002  4.8862834e+002
  4.2437575e+002  4.8843428e+002
  4.2464576e+002  4.8764415e+002
  4.2563440e+002  4.8755393e+002
  4.2668727e+002  4.8743426e+002
  4.2797654e+002  4.8646986e+002
  4.2878665e+002  4.8559123e+002
  4.2956808e+002  4.8551184e+002
  4.3061347e+002  4.8508532e+002
  4.3137306e+002  4.8405376e+002
  4.3138787e+002  4.8311538e+002
  4.3142949e+002  4.8212905e+002
  4.3139376e+002  4.8111221e+002
  4.3135179e+002  4.8008074e+002
  4.3126763e+002  4.7905743e+002
  4.3125086e+002  4.7803869e+002
  4.3133515e+002  4.7704998e+002
  4.3155568e+002  4.7608826e+002
  4.3256228e+002  4.7513655e+002
  4.3347744e+002  4.7419415e+002
  4.3332657e+002  4.7324719e+002
  4.3340582e+002  4.7230218e+002
  4.3347003e+002  4.7137443e+002
  4.3354026e+002  4.7043573e+002
  4.3426464e+002  4.6940606e+002
  4.3431706e+002  4.6783168e+002
  4.3431765e+002  4.6693167e+002
  4.3430176e+002  4.6604250e+002
  4.3420813e+002  4.6517036e+002
  4.3411670e+002  4.6431616e+002
  4.3403315e+002  4.6341833e+002
  4.3410744e+002  4.6247094e+002
  4.3434623e+002  4.6145776e+002
  4.3454785e+002  4.6007556e+002
  4.3544500e+002  4.5924234e+002
  4.3549180e+002  4.5818968e+002
  4.3542622e+002  4.5719582e+002
  4.3536103e+002  4.5625362e+002
  4.3534128e+002  4.5532132e+002
  4.3531307e+002  4.5435271e+002
  4.3533193e+002  4.5336869e+002
  4.3542850e+002  4.5237130e+002
  4.3559208e+002  4.5108387e+002
  4.3657571e+002  4.5005894e+002
  4.3779819e+002  4.4910698e+002
  4.3903359e+002  4.4822622e+002
  4.3989450e+002  4.4731505e+002
  4.4056785e+002  4.4638579e+002
  4.4128830e+002  4.4538403e+002
  4.4119147e+002  4.4374211e+002
  4.4100363e+002  4.4285050e+002
  4.4080043e+002  4.4198783e+002
  4.4058623e+002  4.4113516e+002
  4.4045727e+002  4.4025821e+002
  4.3974874e+002  4.3931306e+002
  4.3988546e+002  4.3829249e+002
  4.4004614e+002  4.3705976e+002
  4.4016846e+002  4.3611346e+002
  4.4025068e+002  4.3515293e+002
  4.4028781e+002  4.3417035e+002
  4.4025376e+002  4.3320755e+002
  4.4023919e+002  4.3223404e+002
  4.4015280e+002  4.3103353e+002
  4.4014874e+002  4.3003269e+002
  4.4019715e+002  4.2905361e+002
  4.4028118e+002  4.2811863e+002
  4.4034626e+002  4.2716473e+002
  4.4041613e+002  4.2599588e+002
  4.4047340e+002  4.2496578e+002
  4.4043546e+002  4.2398660e+002
  4.4036750e+002  4.2302479e+002
  4.4026890e+002  4.2206553e+002
  4.4020385e+002  4.2109440e+002
  4.4019273e+002  4.2011395e+002
  4.4022730e+002  4.1915706e+002
  4.4024634e+002  4.1819389e+002
  4.4027086e+002  4.1723501e+002
  4.4033939e+002  4.1601290e+002
  4.4036318e+002  4.1501716e+002
  4.4039164e+002  4.1403198e+002
  4.4034582e+002  4.1305097e+002
  4.4026067e+002  4.1208784e+002
  4.4010950e+002  4.1116022e+002
  4.3990784e+002  4.1028504e+002
  4.3961604e+002  4.0944657e+002
  4.3932382e+002  4.0860120e+002
  4.3832265e+002  4.0869858e+002
  4.3745473e+002  4.0857090e+002
  4.3676842e+002  4.0828360e+002
  4.3668339e+002  4.0726440e+002
  4.3659584e+002  4.0621269e+002
  4.3656358e+002  4.0513469e+002
  4.3656581e+002  4.0404549e+002
  4.3660672e+002  4.0286154e+002
  4.3666009e+002  4.0187474e+002
  4.3668728e+002  4.0090579e+002
  4.3662803e+002  3.9988302e+002
  4.3651860e+002  3.9888108e+002
  4.3638844e+002  3.9790019e+002
  4.3580208e+002  3.9688461e+002
  4.3574903e+002  3.9587237e+002
  4.3571948e+002  3.9488349e+002
  4.3566758e+002  3.9390042e+002
  4.3563095e+002  3.9293002e+002
  4.3562934e+002  3.9196515e+002
  4.3565232e+002  3.9099167e+002
  4.3568252e+002  3.9001441e+002
  4.3569754e+002  3.8903181e+002
  4.3566774e+002  3.8802375e+002
  4.3553554e+002  3.8705375e+002
  4.3528517e+002  3.8614226e+002
  4.3429954e+002  3.8516122e+002
  4.3336118e+002  3.8416985e+002
  4.3258310e+002  3.8312581e+002
  4.3245671e+002  3.8217631e+002
  4.3185776e+002  3.8108315e+002
  4.3182314e+002  3.8008492e+002
  4.3180768e+002  3.7905680e+002
  4.3179528e+002  3.7802726e+002
  4.3179538e+002  3.7700723e+002
  4.3174902e+002  3.7601228e+002
  4.3165479e+002  3.7502750e+002
  4.3153963e+002  3.7405593e+002
  4.3137206e+002  3.7305731e+002
  4.3074703e+002  3.7193611e+002
  4.3064661e+002  3.7091219e+002
  4.3053702e+002  3.6992444e+002
  4.3039162e+002  3.6897766e+002
  4.2962979e+002  3.6793422e+002
  4.2944116e+002  3.6701360e+002
  4.2865484e+002  3.6600204e+002
  4.2847488e+002  3.6508168e+002
  4.2770465e+002  3.6402689e+002
  4.2752386e+002  3.6308956e+002
  4.2731133e+002  3.6218327e+002
  4.2648598e+002  3.6111421e+002
  4.2568235e+002  3.6007388e+002
  4.2552605e+002  3.5915668e+002
  4.2539130e+002  3.5821532e+002
  4.2472314e+002  3.5712717e+002
  4.2460317e+002  3.5615758e+002
  4.2449240e+002  3.5518586e+002
  4.2385049e+002  3.5402709e+002
  4.2374367e+002  3.5304377e+002
  4.2359877e+002  3.5206900e+002
  4.2341913e+002  3.5113188e+002
  4.2257523e+002  3.5003693e+002
  4.2229566e+002  3.4916007e+002
  4.2141284e+002  3.4812338e+002
  4.2056804e+002  3.4709703e+002
  4.2040801e+002  3.4617872e+002
  4.1976309e+002  3.4504068e+002
  4.1970596e+002  3.4406408e+002
  4.1964865e+002  3.4312766e+002
  4.1951672e+002  3.4222048e+002
  4.1932047e+002  3.4133533e+002
  4.1840483e+002  3.4023445e+002
  4.1754684e+002  3.3913195e+002
  4.1737833e+002  3.3819183e+002
  4.1668369e+002  3.3702930e+002
  4.1656191e+002  3.3607409e+002
  4.1641439e+002  3.3514323e+002
  4.1559457e+002  3.3399017e+002
  4.1527444e+002  3.3310787e+002
  4.1419133e+002  3.3204332e+002
  4.1312249e+002  3.3104867e+002
  4.1226031e+002  3.3003159e+002
  4.1158216e+002  3.2894816e+002
  4.1147708e+002  3.2801609e+002
  4.1086919e+002  3.2690801e+002
  4.1075624e+002  3.2596375e+002
  4.1062991e+002  3.2501646e+002
  4.1049836e+002  3.2407512e+002
  4.0978002e+002  3.2300510e+002
  4.0963421e+002  3.2208195e+002
  4.0946387e+002  3.2116384e+002
  4.0862139e+002  3.2010593e+002
  4.0836487e+002  3.1916239e+002
  4.0751206e+002  3.1811613e+002
  4.0726863e+002  3.1718059e+002
  4.0646768e+002  3.1613254e+002
  4.0566208e+002  3.1503494e+002
  4.0548011e+002  3.1413771e+002
  4.0464853e+002  3.1307892e+002
  4.0446328e+002  3.1219905e+002
  4.0362914e+002  3.1117897e+002
  4.0349388e+002  3.1026827e+002
  4.0275592e+002  3.0919237e+002
  4.0265981e+002  3.0823564e+002
  4.0253171e+002  3.0730517e+002
  4.0231497e+002  3.0640197e+002
  4.0148984e+002  3.0529636e+002
  4.0072487e+002  3.0414445e+002
  4.0046309e+002  3.0325327e+002
  3.9970201e+002  3.0212682e+002
  3.9946754e+002  3.0123313e+002
  3.9869557e+002  3.0012499e+002
  3.9845140e+002  2.9927631e+002
  3.9747968e+002  2.9833694e+002
  3.9634588e+002  2.9748437e+002
  3.9515827e+002  2.9663367e+002
  3.9418379e+002  2.9614615e+002
  3.9324962e+002  2.9507247e+002
  3.9241556e+002  2.9392782e+002
  3.9154274e+002  2.9270736e+002
  3.9120093e+002  2.9192486e+002
  3.9019503e+002  2.9088665e+002
  3.8937068e+002  2.9018087e+002
  3.8862627e+002  2.8914404e+002
  3.8842790e+002  2.8827405e+002
  3.8775560e+002  2.8720115e+002
  3.8755686e+002  2.8637644e+002
  3.8736043e+002  2.8556031e+002
  3.8679550e+002  2.8528839e+002
  3.8658881e+002  2.8448071e+002
  3.8641480e+002  2.8367927e+002
  3.8581808e+002  2.8336718e+002
  3.8560143e+002  2.8262952e+002
  3.8406259e+002  2.8121057e+002
  3.8294916e+002  2.8045416e+002
  3.8184905e+002  2.7970679e+002
  3.8106207e+002  2.7959271e+002
  3.8029857e+002  2.7947234e+002
  3.7927791e+002  2.7857108e+002
  3.7859178e+002  2.7827759e+002
  3.7829110e+002  2.7758823e+002
  3.7758685e+002  2.7723653e+002
  3.7725762e+002  2.7658132e+002
  3.7653817e+002  2.7625085e+002
  3.7622215e+002  2.7553779e+002
  3.7521079e+002  2.7490785e+002
  3.7447571e+002  2.7402492e+002
  3.7379925e+002  2.7292543e+002
  3.7360247e+002  2.7216123e+002
  3.7338554e+002  2.7137771e+002
  3.7242153e+002  2.7030432e+002
  3.7132619e+002  2.6929817e+002
  3.6999046e+002  2.6815103e+002
  3.6890122e+002  2.6723952e+002
  3.6793967e+002  2.6622886e+002
  3.6696190e+002  2.6523874e+002
  3.6596705e+002  2.6430462e+002
  3.6494080e+002  2.6343603e+002
  3.6389639e+002  2.6262459e+002
  3.6308779e+002  2.6245847e+002
  3.6203144e+002  2.6173142e+002
  3.6119950e+002  2.6162923e+002
  3.6038991e+002  2.6149773e+002
  3.5935240e+002  2.6059348e+002
  3.5856347e+002  2.6027850e+002
  3.5834562e+002  2.5951352e+002
  3.5727837e+002  2.5886217e+002
  3.5634497e+002  2.5793185e+002
  3.5548628e+002  2.5700997e+002
  3.5461882e+002  2.5611053e+002
  3.5439709e+002  2.5541619e+002
  3.5312626e+002  2.5416242e+002
  3.5210436e+002  2.5330888e+002
  3.5101295e+002  2.5257886e+002
  3.5014453e+002  2.5249594e+002
  3.4899294e+002  2.5178670e+002
  3.4809575e+002  2.5163045e+002
  3.4723576e+002  2.5144484e+002
  3.4618809e+002  2.5048341e+002
  3.4518361e+002  2.4944182e+002
  3.4415921e+002  2.4842359e+002
  3.4306960e+002  2.4755953e+002
  3.4210771e+002  2.4747722e+002
  3.4091152e+002  2.4686538e+002
  3.3991862e+002  2.4681498e+002
  3.3897111e+002  2.4671159e+002
  3.3808275e+002  2.4651572e+002
  3.3723271e+002  2.4620993e+002
  3.3611012e+002  2.4529135e+002
  3.3499380e+002  2.4443328e+002
  3.3394273e+002  2.4360883e+002
  3.3301975e+002  2.4338435e+002
  3.3192703e+002  2.4276400e+002
  3.3097714e+002  2.4266615e+002
  3.3005454e+002  2.4256434e+002
  3.2914898e+002  2.4245141e+002
  3.2801271e+002  2.4184256e+002
  3.2706975e+002  2.4167198e+002
  3.2611636e+002  2.4152203e+002
  3.2513080e+002  2.4137664e+002
  3.2401135e+002  2.4070894e+002
  3.2303660e+002  2.4058661e+002
  3.2207743e+002  2.4046287e+002
  3.2103382e+002  2.3981134e+002
  3.2005058e+002  2.3974706e+002
  3.1904087e+002  2.3969796e+002
  3.1799493e+002  2.3956810e+002
  3.1695032e+002  2.3939097e+002
  3.1581901e+002  2.3870956e+002
  3.1486578e+002  2.3849391e+002
  3.1385607e+002  2.3782857e+002
  3.1292878e+002  2.3766720e+002
  3.1200928e+002  2.3752327e+002
  3.1109430e+002  2.3739494e+002
  3.1001987e+002  2.3681868e+002
  3.0906665e+002  2.3675417e+002
  3.0809575e+002  2.3671932e+002
  3.0709800e+002  2.3671705e+002
  3.0608030e+002  2.3673807e+002
  3.0503600e+002  2.3678405e+002
  3.0396388e+002  2.3684551e+002
  3.0287022e+002  2.3689408e+002
  3.0181191e+002  2.3691620e+002
  3.0078975e+002  2.3684287e+002
  2.9983330e+002  2.3665475e+002
  2.9879309e+002  2.3653285e+002
  2.9790260e+002  2.3626011e+002
  2.9702520e+002  2.3553559e+002
  2.9616300e+002  2.3535062e+002
  2.9520475e+002  2.3478081e+002
  2.9423538e+002  2.3472305e+002
  2.9320728e+002  2.3471939e+002
  2.9214200e+002  2.3472846e+002
  2.9086849e+002  2.3474414e+002
  2.8994637e+002  2.3473466e+002
  2.8902080e+002  2.3462074e+002
  2.8794872e+002  2.3449688e+002
  2.8687391e+002  2.3394826e+002
  2.8588632e+002  2.3381784e+002
  2.8492364e+002  2.3368592e+002
  2.8397508e+002  2.3356278e+002
  2.8304941e+002  2.3348602e+002
  2.8214588e+002  2.3302772e+002
  2.8115005e+002  2.3308363e+002
  2.8013313e+002  2.3318219e+002
  2.7866947e+002  2.3333562e+002
  2.7773222e+002  2.3346564e+002
  2.7678054e+002  2.3357039e+002
  2.7579523e+002  2.3415035e+002
  2.7486391e+002  2.3425166e+002
  2.7395139e+002  2.3434478e+002
  2.7304521e+002  2.3444010e+002
  2.7213537e+002  2.3456152e+002
  2.7113959e+002  2.3514861e+002
  2.7013912e+002  2.3527913e+002
  2.6909262e+002  2.3537099e+002
  2.6801386e+002  2.3543959e+002
  2.6692944e+002  2.3546955e+002
  2.6589414e+002  2.3556651e+002
  2.6483121e+002  2.3626948e+002
  2.6392546e+002  2.3651787e+002
  2.6297598e+002  2.3733200e+002
  2.6206549e+002  2.3759986e+002
  2.6103958e+002  2.3831169e+002
  2.6006064e+002  2.3848787e+002
  2.5906898e+002  2.3859619e+002
  2.5790897e+002  2.3914354e+002
  2.5691980e+002  2.3919209e+002
  2.5596456e+002  2.3928991e+002
  2.5504593e+002  2.3946052e+002
  2.5416193e+002  2.3975125e+002
  2.5314090e+002  2.4062187e+002
  2.5209536e+002  2.4148523e+002
  2.5118143e+002  2.4171281e+002
  2.5003836e+002  2.4241054e+002
  2.4915009e+002  2.4258158e+002
  2.4806658e+002  2.4341155e+002
  2.4723414e+002  2.4373816e+002
  2.4619092e+002  2.4464541e+002
  2.4509825e+002  2.4550597e+002
  2.4396285e+002  2.4636674e+002
  2.4310562e+002  2.4665253e+002
  2.4200271e+002  2.4751483e+002
  2.4092226e+002  2.4833551e+002
  2.4011060e+002  2.4856099e+002
  2.3906860e+002  2.4942536e+002
  2.3829499e+002  2.4969800e+002
  2.3723989e+002  2.5060781e+002
  2.3616887e+002  2.5155474e+002
  2.3513054e+002  2.5255756e+002
  2.3411362e+002  2.5357245e+002
  2.3312925e+002  2.5448431e+002
  2.3234086e+002  2.5468604e+002
  2.3127909e+002  2.5549951e+002
  2.3047828e+002  2.5573656e+002
  2.2935194e+002  2.5664414e+002
  2.2815709e+002  2.5749017e+002
  2.2729214e+002  2.5769944e+002
  2.2623596e+002  2.5860686e+002
  2.2531418e+002  2.5966735e+002
  2.2416540e+002  2.6084337e+002
  2.2311624e+002  2.6188949e+002
  2.2215171e+002  2.6289395e+002
  2.2129470e+002  2.6384731e+002
  2.2050754e+002  2.6478891e+002
  2.2025147e+002  2.6549573e+002
  2.1960504e+002  2.6579137e+002
  2.1929349e+002  2.6653413e+002
  2.1822888e+002  2.6766260e+002
  2.1717054e+002  2.6864473e+002
  2.1608858e+002  2.6957754e+002
  2.1501728e+002  2.7046778e+002
  2.1425865e+002  2.7078441e+002
  2.1334109e+002  2.7190209e+002
  2.1249092e+002  2.7305864e+002
  2.1162408e+002  2.7414817e+002
  2.1134693e+002  2.7485205e+002
  2.1048809e+002  2.7587156e+002
  2.0961294e+002  2.7689732e+002
  2.0932100e+002  2.7762024e+002
  2.0833220e+002  2.7868086e+002
  2.0725473e+002  2.7967802e+002
  2.0618496e+002  2.8055548e+002
  2.0506655e+002  2.8160169e+002
  2.0411616e+002  2.8272260e+002
  2.0323203e+002  2.8389687e+002
  2.0233738e+002  2.8509366e+002
  2.0152079e+002  2.8624652e+002
  2.0138654e+002  2.8708385e+002
  2.0080500e+002  2.8824559e+002
  2.0068523e+002  2.8912437e+002
  2.0048733e+002  2.9000697e+002
  1.9974816e+002  2.9113719e+002
  1.9944193e+002  2.9199616e+002
  1.9860501e+002  2.9309791e+002
  1.9829912e+002  2.9393005e+002
  1.9745333e+002  2.9495779e+002
  1.9662752e+002  2.9596807e+002
  1.9646378e+002  2.9683194e+002
  1.9578607e+002  2.9795366e+002
  1.9575049e+002  2.9889735e+002
  1.9576470e+002  2.9984935e+002
  1.9574254e+002  3.0075152e+002
  1.9563362e+002  3.0163398e+002
  1.9542485e+002  3.0244756e+002
  1.9473141e+002  3.0262941e+002
  1.9443199e+002  3.0345545e+002
  1.9374565e+002  3.0371134e+002
  1.9342438e+002  3.0454481e+002
  1.9244807e+002  3.0564205e+002
  1.9154214e+002  3.0671532e+002
  1.9134721e+002  3.0762312e+002
  1.9063797e+002  3.0878263e+002
  1.9063629e+002  3.0978444e+002
  1.9063294e+002  3.1076164e+002
  1.9053834e+002  3.1169238e+002
  1.9028735e+002  3.1262116e+002
  1.8953875e+002  3.1393249e+002
  1.8921484e+002  3.1486826e+002
  1.8833646e+002  3.1605640e+002
  1.8743137e+002  3.1704818e+002
  1.8660877e+002  3.1793311e+002
  1.8641400e+002  3.1877352e+002
  1.8593262e+002  3.1984726e+002
  1.8601877e+002  3.2087527e+002
  1.8623174e+002  3.2230834e+002
  1.8634961e+002  3.2316093e+002
  1.8647947e+002  3.2401825e+002
  1.8658041e+002  3.2490398e+002
  1.8712362e+002  3.2565402e+002
  1.8688574e+002  3.2742379e+002
  1.8637369e+002  3.2832788e+002
  1.8600277e+002  3.2901745e+002
  1.8589662e+002  3.2964302e+002
  1.8576882e+002  3.3025230e+002
  1.8471269e+002  3.3177780e+002
  1.8432880e+002  3.3269288e+002
  1.8393775e+002  3.3380135e+002
  1.8397330e+002  3.3546678e+002
  1.8411889e+002  3.3634557e+002
  1.8422398e+002  3.3727532e+002
  1.8426014e+002  3.3820467e+002
  1.8419931e+002  3.3914274e+002
  1.8405338e+002  3.4007843e+002
  1.8391109e+002  3.4103226e+002
  1.8384357e+002  3.4211373e+002
  1.8385785e+002  3.4313228e+002
  1.8395621e+002  3.4419485e+002
  1.8406781e+002  3.4513956e+002
  1.8413258e+002  3.4618229e+002
  1.8410192e+002  3.4717311e+002
  1.8402485e+002  3.4813582e+002
  1.8389319e+002  3.4909802e+002
  1.8384177e+002  3.5007288e+002
  1.8378959e+002  3.5103102e+002
  1.8377431e+002  3.5199994e+002
  1.8380130e+002  3.5298032e+002
  1.8382878e+002  3.5397060e+002
  1.8380775e+002  3.5502587e+002
  1.8371229e+002  3.5613930e+002
  1.8356723e+002  3.5714483e+002
  1.8341333e+002  3.5822322e+002
  1.8312725e+002  3.5925030e+002
  1.8324302e+002  3.6028625e+002
  1.8337654e+002  3.6127768e+002
  1.8348345e+002  3.6239583e+002
  1.8353223e+002  3.6334541e+002
  1.8387123e+002  3.6428551e+002
  1.8388778e+002  3.6528708e+002
  1.8391501e+002  3.6624550e+002
  1.8399633e+002  3.6724431e+002
  1.8410601e+002  3.6823708e+002
  1.8420795e+002  3.6921352e+002
  1.8433395e+002  3.7017342e+002
  1.8447080e+002  3.7112096e+002
  1.8465168e+002  3.7206163e+002
  1.8532004e+002  3.7306031e+002
  1.8557179e+002  3.7397308e+002
  1.8626697e+002  3.7490783e+002
  1.8644554e+002  3.7587279e+002
  1.8654438e+002  3.7686349e+002
  1.8705608e+002  3.7801553e+002
  1.8715100e+002  3.7902158e+002
  1.8723810e+002  3.8006731e+002
  1.8734309e+002  3.8109886e+002
  1.8743121e+002  3.8212421e+002
  1.8751412e+002  3.8311185e+002
  1.8806396e+002  3.8419065e+002
  1.8825608e+002  3.8512257e+002
  1.8850027e+002  3.8603584e+002
  1.8920438e+002  3.8704020e+002
  1.8945977e+002  3.8799970e+002
  1.8961449e+002  3.8896971e+002
  1.9023552e+002  3.9002750e+002
  1.9031187e+002  3.9101227e+002
  1.9042464e+002  3.9197172e+002
  1.9061196e+002  3.9292815e+002
  1.9125338e+002  3.9394961e+002
  1.9143265e+002  3.9494759e+002
  1.9157770e+002  3.9594072e+002
  1.9213429e+002  3.9705599e+002
  1.9230452e+002  3.9802519e+002
  1.9248021e+002  3.9898407e+002
  1.9266879e+002  3.9992709e+002
  1.9332959e+002  4.0101627e+002
  1.9348707e+002  4.0198623e+002
  1.9360153e+002  4.0294216e+002
  1.9427082e+002  4.0400490e+002
  1.9436694e+002  4.0494716e+002
  1.9449470e+002  4.0590812e+002
