  2.2545002e+002  4.6467143e+002
  2.2566011e+002  4.6539192e+002
  2.2665271e+002  4.6554447e+002
  2.2825376e+002  4.6669145e+002
  2.2917686e+002  4.6745444e+002
  2.2989517e+002  4.6759308e+002
  2.3082334e+002  4.6845817e+002
  2.3164972e+002  4.6866304e+002
  2.3261373e+002  4.6961748e+002
  2.3385180e+002  4.7089312e+002
  2.3483394e+002  4.7184028e+002
  2.3575396e+002  4.7272804e+002
  2.3653024e+002  4.7371085e+002
  2.3718272e+002  4.7484153e+002
  2.3720806e+002  4.7571731e+002
  2.3735783e+002  4.7666553e+002
  2.3756029e+002  4.7760071e+002
  2.3850479e+002  4.7862173e+002
  2.3942626e+002  4.7960501e+002
  2.3956481e+002  4.8041860e+002
  2.4035408e+002  4.8060910e+002
  2.4042256e+002  4.8141590e+002
  2.4139686e+002  4.8229917e+002
  2.4279652e+002  4.8343444e+002
  2.4367328e+002  4.8346131e+002
  2.4457916e+002  4.8352036e+002
  2.4567549e+002  4.8441112e+002
  2.4664438e+002  4.8454215e+002
  2.4774489e+002  4.8545707e+002
  2.4862406e+002  4.8563368e+002
  2.4959372e+002  4.8668937e+002
  2.5050449e+002  4.8772953e+002
  2.5155874e+002  4.8868350e+002
  2.5265548e+002  4.8962250e+002
  2.5376210e+002  4.9056793e+002
  2.5484393e+002  4.9150397e+002
  2.5586109e+002  4.9236912e+002
  2.5676362e+002  4.9253701e+002
  2.5776772e+002  4.9349075e+002
  2.5860069e+002  4.9377634e+002
  2.5963010e+002  4.9498838e+002
  2.6049395e+002  4.9598760e+002
  2.6065749e+002  4.9677727e+002
  2.6153329e+002  4.9768625e+002
  2.6245649e+002  4.9853252e+002
  2.6257649e+002  4.9924624e+002
  2.6345468e+002  4.9930884e+002
  2.6456871e+002  5.0007695e+002
  2.6583665e+002  5.0060841e+002
  2.6686683e+002  5.0145501e+002
  2.6769468e+002  5.0160007e+002
  2.6870049e+002  5.0246733e+002
  2.6962303e+002  5.0258394e+002
  2.7081459e+002  5.0334033e+002
  2.7174998e+002  5.0345081e+002
  2.7267241e+002  5.0356106e+002
  2.7377727e+002  5.0443852e+002
  2.7466891e+002  5.0463640e+002
  2.7567880e+002  5.0556140e+002
  2.7669741e+002  5.0644098e+002
  2.7760135e+002  5.0666342e+002
  2.7862562e+002  5.0758545e+002
  2.7962364e+002  5.0850373e+002
  2.8063252e+002  5.0934445e+002
  2.8150068e+002  5.0939244e+002
  2.8242122e+002  5.0942569e+002
  2.8348563e+002  5.1015980e+002
  2.8464080e+002  5.1091137e+002
  2.8559673e+002  5.1099905e+002
  2.8653813e+002  5.1108293e+002
  2.8750125e+002  5.1117714e+002
  2.8848286e+002  5.1127145e+002
  2.8952856e+002  5.1219519e+002
  2.9046406e+002  5.1238040e+002
  2.9139604e+002  5.1259855e+002
  2.9149416e+002  5.1330594e+002
  2.9247624e+002  5.1346911e+002
  2.9368745e+002  5.1430325e+002
  2.9466911e+002  5.1438828e+002
  2.9566085e+002  5.1446730e+002
  2.9663745e+002  5.1454212e+002
  2.9763005e+002  5.1533601e+002
  2.9854254e+002  5.1543815e+002
  2.9944021e+002  5.1552397e+002
  2.9956191e+002  5.1625355e+002
  3.0049590e+002  5.1636283e+002
  3.0162806e+002  5.1723611e+002
  3.0261686e+002  5.1736645e+002
  3.0357885e+002  5.1750264e+002
  3.0453897e+002  5.1836327e+002
  3.0543889e+002  5.1848480e+002
  3.0649075e+002  5.1925713e+002
  3.0768428e+002  5.1997607e+002
  3.0868909e+002  5.2005019e+002
  3.0969716e+002  5.2010873e+002
  3.1066037e+002  5.2023313e+002
  3.1161485e+002  5.2036191e+002
  3.1256568e+002  5.2054673e+002
  3.1357099e+002  5.2148793e+002
  3.1450215e+002  5.2168263e+002
  3.1550572e+002  5.2247790e+002
  3.1642425e+002  5.2255206e+002
  3.1655642e+002  5.2320578e+002
  3.1745370e+002  5.2331630e+002
  3.1834335e+002  5.2345946e+002
  3.1923136e+002  5.2363400e+002
  3.1933352e+002  5.2437903e+002
  3.2024120e+002  5.2456357e+002
  3.2032512e+002  5.2530872e+002
  3.2135603e+002  5.2618309e+002
  3.2250189e+002  5.2687634e+002
  3.2347793e+002  5.2692771e+002
  3.2488011e+002  5.2732205e+002
  3.2557611e+002  5.2689965e+002
  3.2646273e+002  5.2685109e+002
  3.2757370e+002  5.2763838e+002
  3.2858480e+002  5.2770886e+002
  3.2957301e+002  5.2782239e+002
  3.3048725e+002  5.2795596e+002
  3.3139035e+002  5.2811118e+002
  3.3229104e+002  5.2826478e+002
  3.3319527e+002  5.2838225e+002
  3.3413716e+002  5.2843361e+002
  3.3510945e+002  5.2842305e+002
  3.3613168e+002  5.2839015e+002
  3.3754700e+002  5.2841064e+002
  3.3836714e+002  5.2837920e+002
  3.3920674e+002  5.2827958e+002
  3.4007543e+002  5.2812427e+002
  3.4100751e+002  5.2796677e+002
  3.4197383e+002  5.2782836e+002
  3.4331614e+002  5.2777998e+002
  3.4438243e+002  5.2785463e+002
  3.4541275e+002  5.2795907e+002
  3.4638136e+002  5.2798665e+002
  3.4732571e+002  5.2796764e+002
  3.4826283e+002  5.2794747e+002
  3.4918578e+002  5.2792986e+002
  3.5072655e+002  5.2792915e+002
  3.5161538e+002  5.2789594e+002
  3.5247150e+002  5.2789190e+002
  3.5336994e+002  5.2794539e+002
  3.5428076e+002  5.2796984e+002
  3.5524826e+002  5.2805795e+002
  3.5618602e+002  5.2810646e+002
  3.5707784e+002  5.2809185e+002
  3.5798176e+002  5.2805341e+002
  3.5890240e+002  5.2789661e+002
  3.5981668e+002  5.2769128e+002
  3.6070865e+002  5.2739996e+002
  3.6080808e+002  5.2672838e+002
  3.6160229e+002  5.2649058e+002
  3.6162295e+002  5.2570142e+002
  3.6240956e+002  5.2550913e+002
  3.6313277e+002  5.2527641e+002
  3.6396599e+002  5.2497285e+002
  3.6487443e+002  5.2456953e+002
  3.6627070e+002  5.2383289e+002
  3.6551129e+002  5.2341072e+002
  3.6573417e+002  5.2261207e+002
  3.6697097e+002  5.2179561e+002
  3.6811136e+002  5.2102403e+002
  3.6913265e+002  5.2030058e+002
  3.7010039e+002  5.1951136e+002
  3.7107071e+002  5.1864867e+002
  3.7214183e+002  5.1792677e+002
  3.7369568e+002  5.1736192e+002
  3.7449688e+002  5.1797046e+002
  3.7420211e+002  5.1861242e+002
  3.7418436e+002  5.1932286e+002
  3.7524471e+002  5.1934648e+002
  3.7637447e+002  5.1941762e+002
  3.7733036e+002  5.1942993e+002
  3.7845435e+002  5.1943319e+002
  3.7949587e+002  5.1945085e+002
  3.8049407e+002  5.1941169e+002
  3.8145654e+002  5.1934165e+002
  3.8233666e+002  5.1929847e+002
  3.8322277e+002  5.1930492e+002
  3.8408039e+002  5.1928164e+002
  3.8493283e+002  5.1912069e+002
  3.8582895e+002  5.1886484e+002
  3.8677415e+002  5.1860461e+002
  3.8771817e+002  5.1845820e+002
  3.8788428e+002  5.1785902e+002
  3.8884370e+002  5.1777314e+002
  3.8974110e+002  5.1767986e+002
  3.9058801e+002  5.1748323e+002
  3.9078419e+002  5.1687310e+002
  3.9232937e+002  5.1665611e+002
  3.9328134e+002  5.1652780e+002
  3.9415270e+002  5.1642895e+002
  3.9424914e+002  5.1566676e+002
  3.9507314e+002  5.1560662e+002
  3.9582659e+002  5.1561943e+002
  3.9655638e+002  5.1568174e+002
  3.9725825e+002  5.1562905e+002
  3.9881226e+002  5.1553659e+002
  4.0007106e+002  5.1489100e+002
  3.9958820e+002  5.1448005e+002
  3.9964854e+002  5.1374913e+002
  4.0043567e+002  5.1336906e+002
  4.0144620e+002  5.1249537e+002
  4.0076726e+002  5.1198303e+002
  4.0186633e+002  5.1115134e+002
  4.0300327e+002  5.1036047e+002
  4.0397415e+002  5.0945687e+002
  4.0484338e+002  5.0845966e+002
  4.0580727e+002  5.0743273e+002
  4.0694419e+002  5.0646235e+002
  4.0806371e+002  5.0558076e+002
  4.0919507e+002  5.0488333e+002
  4.1037912e+002  5.0435189e+002
  4.1163926e+002  5.0368231e+002
  4.1214059e+002  5.0501399e+002
  4.1205909e+002  5.0582612e+002
  4.1195370e+002  5.0666213e+002
  4.1235655e+002  5.0693669e+002
  4.1315035e+002  5.0698653e+002
  4.1388901e+002  5.0694826e+002
  4.1461560e+002  5.0680870e+002
  4.1521101e+002  5.0649094e+002
  4.1547228e+002  5.0579760e+002
  4.1433605e+002  5.0382321e+002
  4.1224389e+002  5.0648996e+002
  4.1968188e+002  5.0351393e+002
  4.1687907e+002  5.0216893e+002
  4.1676407e+002  5.0236189e+002
  4.1769100e+002  5.0137302e+002
  4.1858959e+002  5.0026656e+002
  4.1941119e+002  4.9917977e+002
  4.2039603e+002  4.9811358e+002
  4.2134897e+002  4.9723081e+002
  4.2225214e+002  4.9631531e+002
  4.2318414e+002  4.9532951e+002
  4.2415310e+002  4.9431976e+002
  4.2501704e+002  4.9314566e+002
  4.2590721e+002  4.9199606e+002
  4.2671427e+002  4.9089534e+002
  4.2769405e+002  4.8987477e+002
  4.2882947e+002  4.8881762e+002
  4.2998074e+002  4.8791463e+002
  4.3109310e+002  4.8711936e+002
  4.3195254e+002  4.8620118e+002
  4.3259590e+002  4.8519876e+002
  4.3317507e+002  4.8400526e+002
  4.3368677e+002  4.8325388e+002
  4.3301426e+002  4.8172716e+002
  4.2241047e+002  4.7643075e+002
  4.4141122e+002  4.7545980e+002
  4.3391121e+002  4.7194210e+002
  4.3431242e+002  4.7314278e+002
  4.3438067e+002  4.7230607e+002
  4.3448156e+002  4.7141504e+002
  4.3462956e+002  4.7048649e+002
  4.3488813e+002  4.6952098e+002
  4.3513437e+002  4.6825603e+002
  4.3533067e+002  4.6734217e+002
  4.3537076e+002  4.6647271e+002
  4.3526580e+002  4.6565349e+002
  4.3576232e+002  4.6442155e+002
  4.3653387e+002  4.6540039e+002
  4.3720488e+002  4.6611078e+002
  4.3709484e+002  4.6699139e+002
  4.3697830e+002  4.6790479e+002
  4.3689930e+002  4.6879282e+002
  4.3682732e+002  4.6971472e+002
  4.3674460e+002  4.7061893e+002
  4.3661557e+002  4.7153815e+002
  4.3646003e+002  4.7245198e+002
  4.3572282e+002  4.7271859e+002
  4.3558540e+002  4.7362668e+002
  4.3537696e+002  4.7454883e+002
  4.3450762e+002  4.7555417e+002
  4.3431678e+002  4.7642864e+002
  4.3363942e+002  4.7649830e+002
  4.3351680e+002  4.7740507e+002
  4.3276020e+002  4.7851501e+002
  4.3271632e+002  4.7950946e+002
  4.3264218e+002  4.8052901e+002
  4.3255467e+002  4.8153884e+002
  4.3246880e+002  4.8274648e+002
  4.3169922e+002  4.8352494e+002
  4.3161557e+002  4.8446589e+002
  4.3147185e+002  4.8537146e+002
  4.3073327e+002  4.8541174e+002
  4.3055558e+002  4.8626498e+002
  4.3029393e+002  4.8708819e+002
  4.2928274e+002  4.8726718e+002
  4.2847786e+002  4.8730260e+002
  4.2766634e+002  4.8736129e+002
  4.2654603e+002  4.8841075e+002
  4.2556179e+002  4.8949462e+002
  4.2473349e+002  4.9064618e+002
  4.2462810e+002  4.9159057e+002
  4.2436590e+002  4.9232237e+002
  4.2362349e+002  4.9247549e+002
  4.2271826e+002  4.9356140e+002
  4.2256705e+002  4.9445870e+002
  4.2170286e+002  4.9549915e+002
  4.2081414e+002  4.9649893e+002
  4.1985353e+002  4.9742301e+002
  4.1890809e+002  4.9836086e+002
  4.1804761e+002  4.9942475e+002
  4.1719584e+002  5.0049870e+002
  4.1630482e+002  5.0147804e+002
  4.1506840e+002  5.0270817e+002
  4.1488042e+002  5.0355144e+002
  4.1511211e+002  5.0402045e+002
  4.1371406e+002  5.0544275e+002
  4.1271633e+002  5.0637302e+002
  4.1170575e+002  5.0720964e+002
  4.1056519e+002  5.0790012e+002
  4.0941228e+002  5.0862183e+002
  4.0839781e+002  5.0855877e+002
  4.0739015e+002  5.0861792e+002
  4.0639627e+002  5.0878743e+002
  4.0530874e+002  5.0927384e+002
  4.0461691e+002  5.0927483e+002
  4.0382677e+002  5.1019510e+002
  4.0241856e+002  5.1124140e+002
  4.0145906e+002  5.1128099e+002
  4.0053213e+002  5.1124022e+002
  3.9963503e+002  5.1126343e+002
  3.9874137e+002  5.1127190e+002
  3.9781319e+002  5.1125766e+002
  3.9685110e+002  5.1122890e+002
  3.9585194e+002  5.1122979e+002
  3.9487419e+002  5.1133130e+002
  3.9393586e+002  5.1146838e+002
  3.9302426e+002  5.1163061e+002
  3.9295504e+002  5.1222394e+002
  3.9203870e+002  5.1239908e+002
  3.9112530e+002  5.1262516e+002
  3.9108688e+002  5.1332509e+002
  3.9010251e+002  5.1355420e+002
  3.9001760e+002  5.1431106e+002
  3.8902972e+002  5.1450887e+002
  3.8891390e+002  5.1524535e+002
  3.8777835e+002  5.1611458e+002
  3.8670714e+002  5.1696759e+002
  3.8564178e+002  5.1779839e+002
  3.8467628e+002  5.1864486e+002
  3.8374700e+002  5.1943924e+002
  3.8284792e+002  5.2003845e+002
  3.8193811e+002  5.2055159e+002
  3.8019309e+002  5.2121897e+002
  3.7987480e+002  5.2040337e+002
  3.7983985e+002  5.1974272e+002
  3.8087092e+002  5.1960109e+002
  3.8187129e+002  5.1949905e+002
  3.8185106e+002  5.1885163e+002
  3.8283691e+002  5.1881294e+002
  3.8376177e+002  5.1878286e+002
  3.8467628e+002  5.1864486e+002
  3.8471057e+002  5.1794782e+002
  3.8578804e+002  5.1664384e+002
  3.8681421e+002  5.1575073e+002
  3.8795484e+002  5.1494260e+002
  3.8907654e+002  5.1415188e+002
  3.9012621e+002  5.1325711e+002
  3.9112781e+002  5.1238150e+002
  3.9214476e+002  5.1155924e+002
  3.9322318e+002  5.1078357e+002
  3.9410385e+002  5.1014865e+002
  3.9495878e+002  5.1044680e+002
  3.9347497e+002  5.0891785e+002
  3.9230375e+002  4.9401453e+002
  3.9147343e+002  4.9207291e+002
  3.9127908e+002  4.9114182e+002
  3.9121243e+002  4.9034621e+002
  3.9108691e+002  4.8942855e+002
  3.9085160e+002  4.8743181e+002
  3.9010913e+002  4.8585069e+002
  3.8934544e+002  4.8488110e+002
  3.8863242e+002  4.8399659e+002
  3.8847026e+002  4.8316254e+002
  3.8779253e+002  4.8233115e+002
  3.8772202e+002  4.8146022e+002
  3.8770539e+002  4.8056077e+002
  3.8774826e+002  4.7961345e+002
  3.8780874e+002  4.7872842e+002
  3.8790072e+002  4.7695507e+002
  3.8814134e+002  4.7608740e+002
  3.8843069e+002  4.7529534e+002
  3.8893421e+002  4.7445068e+002
  3.8908183e+002  4.7339008e+002
  3.8905922e+002  4.7245150e+002
  3.8892731e+002  4.7160983e+002
  3.8898802e+002  4.7095001e+002
  3.8926658e+002  4.7045338e+002
  3.8935265e+002  4.7021259e+002
  3.8943016e+002  4.7009025e+002
  3.9161449e+002  4.6774842e+002
  3.9286019e+002  4.6796000e+002
  3.9317684e+002  4.6794456e+002
  3.9379545e+002  4.6784042e+002
  3.9491096e+002  4.6338045e+002
  3.9513751e+002  4.6290234e+002
  3.9589958e+002  4.6210742e+002
  3.9667998e+002  4.6146033e+002
  3.9909306e+002  4.5933680e+002
  3.9839279e+002  4.5704112e+002
  3.9827417e+002  4.5600705e+002
  3.9831038e+002  4.5577274e+002
  3.9768854e+002  4.5546100e+002
  4.0067594e+002  4.5499765e+002
  4.0121037e+002  4.5441580e+002
  4.0226803e+002  4.5415862e+002
  4.0170088e+002  4.5410719e+002
  3.9745848e+002  4.5321832e+002
  4.0140052e+002  4.4810529e+002
  4.0170643e+002  4.4736134e+002
  4.0236376e+002  4.4615065e+002
  4.0272614e+002  4.4509315e+002
  4.0361446e+002  4.4357452e+002
  4.0423586e+002  4.4294260e+002
  4.0411757e+002  4.4215490e+002
  4.0390632e+002  4.4144425e+002
  4.0270155e+002  4.3952668e+002
  4.0269904e+002  4.3835349e+002
  4.0319461e+002  4.3713610e+002
  4.0324833e+002  4.3651430e+002
  4.0331570e+002  4.3593406e+002
  4.0405771e+002  4.3471221e+002
  4.0443194e+002  4.3461795e+002
  4.0446452e+002  4.3369657e+002
  4.0445292e+002  4.3265866e+002
  4.0407530e+002  4.3063979e+002
  4.0363593e+002  4.2974211e+002
  4.0317430e+002  4.2892097e+002
  4.0210483e+002  4.2796640e+002
  4.0097421e+002  4.2752124e+002
  4.0009511e+002  4.2818612e+002
  3.9887766e+002  4.2900440e+002
  3.9866771e+002  4.2876780e+002
  3.9835677e+002  4.2851409e+002
  3.9293835e+002  4.2381811e+002
  3.9353934e+002  4.2360714e+002
  3.9330117e+002  4.2297835e+002
  3.9337542e+002  4.2306767e+002
  3.8919096e+002  4.2343124e+002
  3.8837918e+002  4.2349110e+002
  3.8709833e+002  4.2185265e+002
  3.8690616e+002  4.2030485e+002
  3.8647180e+002  4.1877787e+002
  3.8567843e+002  4.1766638e+002
  3.8522860e+002  4.1702841e+002
  3.8422273e+002  4.1586355e+002
  3.8334219e+002  4.1503606e+002
  3.8242314e+002  4.1415136e+002
  3.8141406e+002  4.1346965e+002
  3.7974541e+002  4.1217095e+002
  3.7908301e+002  4.1132794e+002
  3.7847204e+002  4.1033082e+002
  3.7796773e+002  4.0935975e+002
  3.7828407e+002  4.0800337e+002
  3.7832133e+002  4.0713472e+002
  3.7815222e+002  4.0650758e+002
  3.7661323e+002  4.0606953e+002
  3.7575109e+002  4.0517216e+002
  3.7476091e+002  4.0476509e+002
  3.7120734e+002  4.0176436e+002
  3.7028833e+002  4.0006349e+002
  3.7060627e+002  3.9847222e+002
  3.7140471e+002  3.9708814e+002
  3.7132071e+002  3.9627864e+002
  3.7113386e+002  3.9545070e+002
  3.7099713e+002  3.9452483e+002
  3.7052883e+002  3.9282603e+002
  3.7068298e+002  3.9190949e+002
  3.7058544e+002  3.9095750e+002
  3.7051153e+002  3.9005316e+002
  3.7046308e+002  3.8922420e+002
  3.6999832e+002  3.8835777e+002
  3.7023742e+002  3.8754286e+002
  3.7071265e+002  3.8673736e+002
  3.7106528e+002  3.8557848e+002
  3.7116309e+002  3.8467973e+002
  3.7127014e+002  3.8377145e+002
  3.7140310e+002  3.8300250e+002
  3.7146765e+002  3.8216744e+002
  3.7150365e+002  3.8135152e+002
  3.7194006e+002  3.8036506e+002
  3.7195302e+002  3.7942054e+002
  3.7190729e+002  3.7767144e+002
  3.7166531e+002  3.7687675e+002
  3.7137367e+002  3.7610063e+002
  3.7039205e+002  3.7527624e+002
  3.6947710e+002  3.7446271e+002
  3.6881392e+002  3.7356562e+002
  3.6873084e+002  3.7252583e+002
  3.6868579e+002  3.7151951e+002
  3.6866744e+002  3.7044531e+002
  3.6865776e+002  3.6939953e+002
  3.6841593e+002  3.6861775e+002
  3.6768243e+002  3.6820736e+002
  3.6688610e+002  3.6781494e+002
  3.6556489e+002  3.6702073e+002
  3.6489973e+002  3.6663908e+002
  3.6388996e+002  3.6626742e+002
  3.6299346e+002  3.6544634e+002
  3.6160918e+002  3.6472728e+002
  3.6086700e+002  3.6462993e+002
  3.6021468e+002  3.6472630e+002
  3.5952368e+002  3.6463984e+002
  3.5851594e+002  3.6337944e+002
  3.5834666e+002  3.6231905e+002
  3.5783041e+002  3.6102705e+002
  3.5765098e+002  3.6051666e+002
  3.5648735e+002  3.5976108e+002
  3.5563165e+002  3.5946136e+002
  3.5518404e+002  3.5893993e+002
  3.5434821e+002  3.5860312e+002
  3.5364455e+002  3.5819903e+002
  3.5323501e+002  3.5752770e+002
  3.5268072e+002  3.5714398e+002
  3.5231146e+002  3.5615740e+002
  3.5168694e+002  3.5514653e+002
  3.5220866e+002  3.5420695e+002
  3.5229956e+002  3.5353728e+002
  3.5157675e+002  3.5301630e+002
  3.5256222e+002  3.5405226e+002
  3.4758921e+002  3.4904015e+002
  3.4822032e+002  3.4730393e+002
  3.4834577e+002  3.4668668e+002
  3.4785006e+002  3.4597948e+002
  3.4734309e+002  3.4505605e+002
  3.4712551e+002  3.4384396e+002
  3.4634249e+002  3.3979821e+002
  3.4588945e+002  3.3940193e+002
  3.4549839e+002  3.3897184e+002
  3.4466612e+002  3.3936215e+002
  3.4340166e+002  3.3748445e+002
  3.4393354e+002  3.3533557e+002
  3.4422380e+002  3.3504593e+002
  3.4438437e+002  3.3427603e+002
  3.4484428e+002  3.3361588e+002
  3.4552521e+002  3.3323364e+002
  3.4660417e+002  3.3345341e+002
  3.4829445e+002  3.2752643e+002
  3.4708440e+002  3.2813994e+002
  3.4741767e+002  3.2677494e+002
  3.4635093e+002  3.2668642e+002
  3.4555986e+002  3.2632842e+002
  3.4567489e+002  3.2574021e+002
  3.4631734e+002  3.2503087e+002
  3.4710928e+002  3.2444763e+002
  3.4794915e+002  3.2349982e+002
  3.4826276e+002  3.2173675e+002
  3.4801054e+002  3.2097122e+002
  3.4786276e+002  3.2011151e+002
  3.4755035e+002  3.1962773e+002
  3.4768980e+002  3.1893434e+002
  3.4818419e+002  3.1825780e+002
  3.4776375e+002  3.1750575e+002
  3.4718862e+002  3.1703544e+002
  3.4905600e+002  3.1815822e+002
  3.5056562e+002  3.1048255e+002
  3.4970158e+002  3.0922572e+002
  3.4871306e+002  3.0858931e+002
  3.4797655e+002  3.0878970e+002
  3.4729387e+002  3.0897513e+002
  3.4670654e+002  3.0905684e+002
  3.4703174e+002  3.0632387e+002
  3.4759302e+002  3.0466481e+002
  3.4821417e+002  3.0387470e+002
  3.4833140e+002  3.0323382e+002
  3.4853428e+002  3.0253457e+002
  3.4913802e+002  3.0217380e+002
  3.4928014e+002  3.0115069e+002
  3.4932131e+002  3.0016645e+002
  3.4925456e+002  2.9927333e+002
  3.4936257e+002  2.9842773e+002
  3.4958906e+002  2.9610173e+002
  3.5015874e+002  2.9340099e+002
  3.4978992e+002  2.9248362e+002
  3.4969023e+002  2.9225158e+002
  3.4971424e+002  2.9339916e+002
  3.4983570e+002  2.8993262e+002
  3.4989305e+002  2.8784992e+002
  3.4998493e+002  2.8737442e+002
  3.5002066e+002  2.8677335e+002
  3.5000973e+002  2.8617214e+002
  3.4996059e+002  2.8561540e+002
  3.4977183e+002  2.8524370e+002
  3.4714661e+002  2.8217318e+002
  3.4788602e+002  2.8093981e+002
  3.4824566e+002  2.7993085e+002
  3.4869487e+002  2.7862954e+002
  3.4914536e+002  2.7758688e+002
  3.4926971e+002  2.7670600e+002
  3.4944528e+002  2.7593022e+002
  3.4972927e+002  2.7520207e+002
  3.5017106e+002  2.7447404e+002
  3.5021650e+002  2.7351804e+002
  3.5020943e+002  2.7242440e+002
  3.5007770e+002  2.7121804e+002
  3.5002092e+002  2.7002167e+002
  3.5008432e+002  2.6933602e+002
  3.5039063e+002  2.6784591e+002
  3.5046323e+002  2.6704055e+002
  3.5040973e+002  2.6628631e+002
  3.5041565e+002  2.6557228e+002
  3.4954503e+002  2.6480596e+002
  3.4920342e+002  2.6413205e+002
  3.4837234e+002  2.6399974e+002
  3.4753181e+002  2.6382157e+002
  3.4710207e+002  2.6308045e+002
  3.4574350e+002  2.6189409e+002
  3.4550676e+002  2.6088587e+002
  3.4564687e+002  2.6010227e+002
  3.4559132e+002  2.5939011e+002
  3.4528178e+002  2.5881641e+002
  3.4452272e+002  2.5874640e+002
  3.4288726e+002  2.5842381e+002
  3.4145678e+002  2.5790018e+002
  3.4010287e+002  2.5781226e+002
  3.3939696e+002  2.5770271e+002
  3.3849871e+002  2.5754291e+002
  3.3764420e+002  2.5720525e+002
  3.3741861e+002  2.5629276e+002
  3.3666161e+002  2.5514815e+002
  3.3627188e+002  2.5445213e+002
  3.3528974e+002  2.5350477e+002
  3.3450962e+002  2.5311393e+002
  3.3429542e+002  2.5273953e+002
  3.3346817e+002  2.5239216e+002
  3.3229038e+002  2.5168894e+002
  3.3142889e+002  2.5144116e+002
  3.3022165e+002  2.5083899e+002
  3.2931307e+002  2.5070981e+002
  3.2842431e+002  2.5068104e+002
  3.2767637e+002  2.5069809e+002
  3.2675562e+002  2.4997027e+002
  3.2580342e+002  2.4913784e+002
  3.2526467e+002  2.4889580e+002
  3.2401195e+002  2.4839935e+002
  3.2272835e+002  2.4818479e+002
  3.2139321e+002  2.4871145e+002
  3.2053858e+002  2.4940651e+002
  3.1938766e+002  2.4840457e+002
  3.1819776e+002  2.4778089e+002
  3.1707193e+002  2.4777536e+002
  3.1640584e+002  2.4773261e+002
  3.1555483e+002  2.4783528e+002
  3.1389097e+002  2.4780259e+002
  3.1306550e+002  2.4757430e+002
  3.1221525e+002  2.4730709e+002
  3.1125025e+002  2.4675215e+002
  3.1040687e+002  2.4657316e+002
  3.0958347e+002  2.4645190e+002
  3.0941492e+002  2.4617529e+002
  3.0867610e+002  2.4599379e+002
  3.0791050e+002  2.4582912e+002
  3.0707369e+002  2.4571678e+002
  3.0614153e+002  2.4577498e+002
  3.0454808e+002  2.4595236e+002
  3.0375967e+002  2.4612436e+002
  3.0288142e+002  2.4619164e+002
  3.0196539e+002  2.4619323e+002
  3.0091873e+002  2.4613022e+002
  2.9923727e+002  2.4596058e+002
  2.9819150e+002  2.4567276e+002
  2.9717530e+002  2.4537042e+002
  2.9632599e+002  2.4483218e+002
  2.9548719e+002  2.4470062e+002
  2.9469992e+002  2.4465175e+002
  2.9391988e+002  2.4469301e+002
  2.9311037e+002  2.4476100e+002
  2.9153236e+002  2.4487674e+002
  2.9064811e+002  2.4499742e+002
  2.8978198e+002  2.4519747e+002
  2.8893193e+002  2.4540213e+002
  2.8804421e+002  2.4559000e+002
  2.8814613e+002  2.4566686e+002
  2.8721630e+002  2.4579932e+002
  2.8614414e+002  2.4594033e+002
  2.8503138e+002  2.4609886e+002
  2.8393714e+002  2.4625116e+002
  2.8288066e+002  2.4643606e+002
  2.8187581e+002  2.4663256e+002
  2.8187349e+002  2.4700503e+002
  2.8089480e+002  2.4706472e+002
  2.7988817e+002  2.4709716e+002
  2.7886385e+002  2.4715546e+002
  2.7756351e+002  2.4722690e+002
  2.7679939e+002  2.4723246e+002
  2.7596557e+002  2.4725719e+002
  2.7503667e+002  2.4731640e+002
  2.7409010e+002  2.4746953e+002
  2.7322140e+002  2.4776412e+002
  2.7230146e+002  2.4777957e+002
  2.7164953e+002  2.4817072e+002
  2.7082626e+002  2.4844186e+002
  2.7002384e+002  2.4871766e+002
  2.6999992e+002  2.4890670e+002
  2.6917595e+002  2.4925902e+002
  2.6836576e+002  2.4963464e+002
  2.6825565e+002  2.4982377e+002
  2.6734282e+002  2.5014513e+002
  2.6629931e+002  2.5037745e+002
  2.6522277e+002  2.5048987e+002
  2.6418649e+002  2.5058492e+002
  2.6419603e+002  2.5094198e+002
  2.6313721e+002  2.5102394e+002
  2.6208578e+002  2.5106825e+002
  2.6102492e+002  2.5112837e+002
  2.6002035e+002  2.5130029e+002
  2.5924758e+002  2.5170960e+002
  2.5920684e+002  2.5210535e+002
  2.5865219e+002  2.5293625e+002
  2.5786441e+002  2.5362789e+002
  2.5722216e+002  2.5190315e+002
  2.5660698e+002  2.5236051e+002
  2.5707938e+002  2.5163336e+002
  2.5582910e+002  2.6064222e+002
  2.5507625e+002  2.6319861e+002
  2.5387036e+002  2.6346233e+002
  2.5245470e+002  2.6260632e+002
  2.5193004e+002  2.6354518e+002
  2.5183495e+002  2.6440049e+002
  2.5142128e+002  2.6550989e+002
  2.5118028e+002  2.6644620e+002
  2.5082205e+002  2.6736127e+002
  2.5049802e+002  2.6853279e+002
  2.5072203e+002  2.6911149e+002
  2.5098241e+002  2.6896482e+002
  2.5106495e+002  2.6991909e+002
  2.5064410e+002  2.7090251e+002
  2.5013415e+002  2.7220689e+002
  2.5002730e+002  2.7326352e+002
  2.5040613e+002  2.7353156e+002
  2.5048248e+002  2.7453146e+002
  2.5055917e+002  2.7537136e+002
  2.5134593e+002  2.7582606e+002
  2.5159439e+002  2.7661002e+002
  2.5261750e+002  2.7769700e+002
  2.5401180e+002  2.7856367e+002
  2.5490471e+002  2.7932260e+002
  2.5484382e+002  2.7910605e+002
  2.5464295e+002  2.8077711e+002
  2.5441905e+002  2.8162537e+002
  2.5400746e+002  2.8250152e+002
  2.5400087e+002  2.8342577e+002
  2.5461542e+002  2.8361984e+002
  2.5480104e+002  2.8469760e+002
  2.5754930e+002  2.8623529e+002
  2.5990648e+002  2.8598735e+002
  2.6071798e+002  2.8581745e+002
  2.6116903e+002  2.8567210e+002
  2.6111935e+002  2.8812193e+002
  2.6093086e+002  2.8857279e+002
  2.6084329e+002  2.8936121e+002
  2.6210362e+002  2.9093922e+002
  2.6222216e+002  2.9116542e+002
  2.6326326e+002  2.9150513e+002
  2.6671275e+002  2.9151165e+002
  2.6743659e+002  2.9188856e+002
  2.6828604e+002  2.9196948e+002
  2.6707750e+002  2.9411038e+002
  2.6695989e+002  2.9413530e+002
  2.7135899e+002  3.0113041e+002
  2.7209490e+002  3.0070390e+002
  2.7255665e+002  3.0064087e+002
  2.7405912e+002  3.0108411e+002
  2.7442119e+002  3.0117996e+002
  2.7508951e+002  3.0191058e+002
  2.7498667e+002  3.0338497e+002
  2.7559906e+002  3.0401881e+002
  2.7470152e+002  3.0408504e+002
  2.7891833e+002  3.1542244e+002
  2.7768492e+002  3.1498018e+002
  2.7742946e+002  3.1504700e+002
  2.7728456e+002  3.1516548e+002
  2.7703585e+002  3.1707569e+002
  2.7679056e+002  3.1738195e+002
  2.7622488e+002  3.1789275e+002
  2.7570356e+002  3.1903882e+002
  2.7559141e+002  3.1954919e+002
  2.7799169e+002  3.2192741e+002
  2.7847432e+002  3.2271873e+002
  2.7781520e+002  3.2339048e+002
  2.7726729e+002  3.2401890e+002
  2.7575248e+002  3.2439345e+002
  2.7473368e+002  3.2603325e+002
  2.7504350e+002  3.2672394e+002
  2.7564108e+002  3.2804440e+002
  2.7677073e+002  3.2921811e+002
  2.7745783e+002  3.3000866e+002
  2.7795734e+002  3.3079991e+002
  2.7855608e+002  3.3175205e+002
  2.7927707e+002  3.3251666e+002
  2.7932984e+002  3.3270600e+002
  2.7928950e+002  3.3241677e+002
  2.7897778e+002  3.3299558e+002
  2.8014820e+002  3.3525532e+002
  2.8115968e+002  3.3719359e+002
  2.8211797e+002  3.3908668e+002
  2.8280086e+002  3.4049936e+002
  2.8428465e+002  3.4118867e+002
  2.8375933e+002  3.4287335e+002
  2.8381031e+002  3.4379904e+002
  2.8376986e+002  3.4452570e+002
  2.8362080e+002  3.4523984e+002
  2.8324452e+002  3.4568517e+002
  2.8253989e+002  3.4605220e+002
  2.8183028e+002  3.4728598e+002
  2.8120905e+002  3.4754090e+002
  2.8043225e+002  3.4844080e+002
  2.7991249e+002  3.4834515e+002
  2.8060162e+002  3.4919582e+002
  2.8151536e+002  3.5098401e+002
  2.8323023e+002  3.5232522e+002
  2.8393355e+002  3.5306426e+002
  2.8441856e+002  3.5381496e+002
  2.8426417e+002  3.5437498e+002
  2.8410847e+002  3.5500136e+002
  2.8383877e+002  3.5557762e+002
  2.8337063e+002  3.5603370e+002
  2.8258650e+002  3.5451450e+002
  2.8449483e+002  3.6183363e+002
  2.8343535e+002  3.6194988e+002
  2.8211981e+002  3.6224068e+002
  2.8126862e+002  3.6247134e+002
  2.8133327e+002  3.6326194e+002
  2.8122415e+002  3.6397766e+002
  2.8118108e+002  3.6485425e+002
  2.8139664e+002  3.6522926e+002
  2.8192209e+002  3.6678837e+002
  2.8287772e+002  3.6802500e+002
  2.8474456e+002  3.6913752e+002
  2.8522052e+002  3.6912970e+002
  2.8531983e+002  3.6952725e+002
  2.8527568e+002  3.6994928e+002
  2.8600446e+002  3.6936215e+002
  2.8877801e+002  3.7456990e+002
  2.8989912e+002  3.7776529e+002
  2.8982758e+002  3.7863564e+002
  2.9009126e+002  3.7897447e+002
  2.9142144e+002  3.7865277e+002
  2.9389116e+002  3.8298207e+002
  2.9510265e+002  3.8312461e+002
  2.9546602e+002  3.8308703e+002
  2.9601121e+002  3.8424624e+002
  2.9672845e+002  3.8627401e+002
  2.9709988e+002  3.8700151e+002
  2.9737839e+002  3.8782189e+002
  2.9749538e+002  3.8864483e+002
  2.9762668e+002  3.8946690e+002
  2.9812464e+002  3.8981453e+002
  2.9844860e+002  3.9061351e+002
  2.9897013e+002  3.9121780e+002
  2.9994133e+002  3.9134963e+002
  3.0140003e+002  3.9272242e+002
  3.0187052e+002  3.9403653e+002
  3.0285041e+002  3.9467940e+002
  3.0374967e+002  3.9543565e+002
  3.0454545e+002  3.9562862e+002
  3.0554708e+002  3.9646040e+002
  3.0624087e+002  3.9667294e+002
  3.0684268e+002  3.9788324e+002
  3.0727599e+002  3.9881832e+002
  3.0700389e+002  3.9984181e+002
  3.0663596e+002  4.0096008e+002
  3.0639695e+002  4.0253641e+002
  3.0576496e+002  4.0439831e+002
  3.0555520e+002  4.0512084e+002
  3.0506724e+002  4.0563395e+002
  3.0494003e+002  4.0630802e+002
  3.0486214e+002  4.0733007e+002
  3.0487136e+002  4.0852031e+002
  3.0499986e+002  4.0999141e+002
  3.0506214e+002  4.1068596e+002
  3.0504724e+002  4.1142420e+002
  3.0482297e+002  4.1205864e+002
  3.0449127e+002  4.1341971e+002
  3.0380691e+002  4.1357945e+002
  3.0395252e+002  4.1410440e+002
  3.0366967e+002  4.1471775e+002
  3.0413655e+002  4.1549430e+002
  3.0498661e+002  4.1618407e+002
  3.0666286e+002  4.1925675e+002
  3.0650862e+002  4.1996097e+002
  3.0644583e+002  4.2065679e+002
  3.0627335e+002  4.2145351e+002
  3.0661209e+002  4.2295915e+002
  3.0714760e+002  4.2411277e+002
  3.0751694e+002  4.2483496e+002
  3.0857048e+002  4.2577959e+002
  3.1011374e+002  4.2677383e+002
  3.1112572e+002  4.2733048e+002
  3.1184580e+002  4.2747344e+002
  3.1254740e+002  4.2765147e+002
  3.1352145e+002  4.2855679e+002
  3.1449059e+002  4.2970372e+002
  3.1485677e+002  4.3045467e+002
  3.1548485e+002  4.3080420e+002
  3.1594116e+002  4.3146050e+002
  3.1661054e+002  4.3168929e+002
  3.1774026e+002  4.3254801e+002
  3.1873840e+002  4.3343714e+002
  3.1934772e+002  4.3392089e+002
  3.1959593e+002  4.3427473e+002
  3.2033055e+002  4.3452609e+002
  3.2062362e+002  4.3478128e+002
  3.2139373e+002  4.3503544e+002
  3.2260978e+002  4.3538455e+002
  3.2309237e+002  4.3530607e+002
  3.2447319e+002  4.3572577e+002
  3.2649489e+002  4.3504516e+002
  3.2633347e+002  4.3546861e+002
  3.2720501e+002  4.3541474e+002
  3.2814818e+002  4.3523260e+002
  3.2925546e+002  4.3507399e+002
  3.3025670e+002  4.3508375e+002
  3.3132576e+002  4.3524417e+002
  3.3236344e+002  4.3558935e+002
  3.3198685e+002  4.3584302e+002
  3.3299113e+002  4.3623137e+002
  3.3394905e+002  4.3662795e+002
  3.3385398e+002  4.3657669e+002
  3.3661008e+002  4.3659651e+002
  3.3773149e+002  4.3675468e+002
  3.3849938e+002  4.3659416e+002
  3.3929125e+002  4.3635214e+002
  3.3936741e+002  4.3591172e+002
  3.4019781e+002  4.3572136e+002
  3.4104646e+002  4.3550556e+002
  3.4186641e+002  4.3513537e+002
