  2.0125608e+002  4.0693333e+002
  2.0137014e+002  4.0786099e+002
  2.0148950e+002  4.0879265e+002
  2.0161762e+002  4.0972571e+002
  2.0229124e+002  4.1085869e+002
  2.0240477e+002  4.1183978e+002
  2.0255365e+002  4.1283822e+002
  2.0329076e+002  4.1400084e+002
  2.0347608e+002  4.1494098e+002
  2.0365169e+002  4.1584863e+002
  2.0448844e+002  4.1687018e+002
  2.0463328e+002  4.1773507e+002
  2.0544975e+002  4.1879881e+002
  2.0561908e+002  4.1965993e+002
  2.0653821e+002  4.2083185e+002
  2.0749366e+002  4.2199640e+002
  2.0782986e+002  4.2287621e+002
  2.0870863e+002  4.2399146e+002
  2.0951237e+002  4.2509775e+002
  2.1023711e+002  4.2618983e+002
  2.1041275e+002  4.2708958e+002
  2.1056917e+002  4.2799065e+002
  2.1125632e+002  4.2909239e+002
  2.1137677e+002  4.3000534e+002
  2.1150779e+002  4.3091066e+002
  2.1224880e+002  4.3198656e+002
  2.1246185e+002  4.3284439e+002
  2.1267693e+002  4.3369277e+002
  2.1353532e+002  4.3470215e+002
  2.1438552e+002  4.3575235e+002
  2.1458734e+002  4.3660356e+002
  2.1547894e+002  4.3767997e+002
  2.1575443e+002  4.3851200e+002
  2.1674335e+002  4.3960987e+002
  2.1775010e+002  4.4066981e+002
  2.1869160e+002  4.4171467e+002
  2.1949415e+002  4.4280841e+002
  2.1955647e+002  4.4371568e+002
  2.2032850e+002  4.4486738e+002
  2.2055690e+002  4.4571711e+002
  2.2151518e+002  4.4679925e+002
  2.2245866e+002  4.4786682e+002
  2.2271786e+002  4.4870774e+002
  2.2358764e+002  4.4975998e+002
  2.2442434e+002  4.5081821e+002
  2.2466030e+002  4.5165809e+002
  2.2547618e+002  4.5277262e+002
  2.2572259e+002  4.5362784e+002
  2.2675653e+002  4.5471563e+002
  2.2802902e+002  4.5566711e+002
  2.2922905e+002  4.5660137e+002
  2.3008228e+002  4.5766108e+002
  2.3065112e+002  4.5888864e+002
  2.3127114e+002  4.6013089e+002
  2.3141361e+002  4.6104010e+002
  2.3163466e+002  4.6188713e+002
  2.3253960e+002  4.6290642e+002
  2.3346413e+002  4.6382528e+002
  2.3371239e+002  4.6459057e+002
  2.3454477e+002  4.6556639e+002
  2.3541889e+002  4.6661119e+002
  2.3575914e+002  4.6744908e+002
  2.3672761e+002  4.6790526e+002
  2.3760613e+002  4.6871519e+002
  2.3863248e+002  4.6955452e+002
  2.3977011e+002  4.7040424e+002
  2.4060060e+002  4.7056693e+002
  2.4190662e+002  4.7134947e+002
  2.4270722e+002  4.7145335e+002
  2.4347552e+002  4.7158414e+002
  2.4358791e+002  4.7233265e+002
  2.4432427e+002  4.7254331e+002
  2.4449026e+002  4.7330012e+002
  2.4549201e+002  4.7438514e+002
  2.4691485e+002  4.7587017e+002
  2.4783153e+002  4.7686206e+002
  2.4877715e+002  4.7784394e+002
  2.4982624e+002  4.7882057e+002
  2.5088416e+002  4.7985260e+002
  2.5183741e+002  4.8086706e+002
  2.5277106e+002  4.8185155e+002
  2.5376019e+002  4.8275416e+002
  2.5482204e+002  4.8356566e+002
  2.5590642e+002  4.8436540e+002
  2.5676581e+002  4.8461815e+002
  2.5783292e+002  4.8556679e+002
  2.5885556e+002  4.8658727e+002
  2.5982032e+002  4.8759812e+002
  2.6077472e+002  4.8860728e+002
  2.6171338e+002  4.8963311e+002
  2.6268097e+002  4.9063908e+002
  2.6370579e+002  4.9155492e+002
  2.6481993e+002  4.9236726e+002
  2.6573595e+002  4.9244331e+002
  2.6667097e+002  4.9256933e+002
  2.6781053e+002  4.9347113e+002
  2.6873149e+002  4.9365985e+002
  2.6979529e+002  4.9452565e+002
  2.7082348e+002  4.9534938e+002
  2.7171109e+002  4.9549676e+002
  2.7261440e+002  4.9565378e+002
  2.7370792e+002  4.9649890e+002
  2.7461515e+002  4.9671541e+002
  2.7560010e+002  4.9778497e+002
  2.7653743e+002  4.9895383e+002
  2.7753667e+002  4.9997185e+002
  2.7848101e+002  5.0084397e+002
  2.7864463e+002  5.0157941e+002
  2.7983249e+002  5.0284205e+002
  2.8078651e+002  5.0373893e+002
  2.8183467e+002  5.0443539e+002
  2.8280230e+002  5.0435812e+002
  2.8378974e+002  5.0433222e+002
  2.8479877e+002  5.0440295e+002
  2.8579115e+002  5.0457381e+002
  2.8690913e+002  5.0540682e+002
  2.8786682e+002  5.0565531e+002
  2.8894096e+002  5.0651491e+002
  2.8995489e+002  5.0738080e+002
  2.9083386e+002  5.0758405e+002
  2.9179186e+002  5.0844250e+002
  2.9264727e+002  5.0861078e+002
  2.9368160e+002  5.0941219e+002
  2.9459330e+002  5.0953788e+002
  2.9571359e+002  5.1025976e+002
  2.9672213e+002  5.1027943e+002
  2.9774759e+002  5.1034824e+002
  2.9877513e+002  5.1043129e+002
  2.9975793e+002  5.1053642e+002
  3.0073187e+002  5.1129949e+002
  3.0167532e+002  5.1149092e+002
  3.0262511e+002  5.1168817e+002
  3.0369173e+002  5.1251207e+002
  3.0476355e+002  5.1331000e+002
  3.0573311e+002  5.1337501e+002
  3.0671863e+002  5.1336331e+002
  3.0768930e+002  5.1332914e+002
  3.0865592e+002  5.1332647e+002
  3.0963021e+002  5.1340466e+002
  3.1061815e+002  5.1358894e+002
  3.1163411e+002  5.1443192e+002
  3.1259897e+002  5.1466674e+002
  3.1354612e+002  5.1556892e+002
  3.1449822e+002  5.1640964e+002
  3.1545795e+002  5.1639124e+002
  3.1647738e+002  5.1630343e+002
  3.1754962e+002  5.1617285e+002
  3.1925749e+002  5.1613282e+002
  3.2022119e+002  5.1614117e+002
  3.2114740e+002  5.1613910e+002
  3.2202576e+002  5.1611608e+002
  3.2291066e+002  5.1604312e+002
  3.2384186e+002  5.1595674e+002
  3.2484789e+002  5.1584491e+002
  3.2624277e+002  5.1571359e+002
  3.2727166e+002  5.1572898e+002
  3.2821817e+002  5.1581152e+002
  3.2910566e+002  5.1592077e+002
  3.2998788e+002  5.1604465e+002
  3.3088832e+002  5.1617066e+002
  3.3183294e+002  5.1630418e+002
  3.3281768e+002  5.1643204e+002
  3.3383855e+002  5.1651179e+002
  3.3483718e+002  5.1716506e+002
  3.3581693e+002  5.1715414e+002
  3.3676219e+002  5.1715186e+002
  3.3770390e+002  5.1720294e+002
  3.3869736e+002  5.1725144e+002
  3.3977016e+002  5.1731516e+002
  3.4088525e+002  5.1734812e+002
  3.4197095e+002  5.1740068e+002
  3.4301750e+002  5.1746418e+002
  3.4402999e+002  5.1751625e+002
  3.4491801e+002  5.1810849e+002
  3.4603013e+002  5.1806120e+002
  3.4699483e+002  5.1801792e+002
  3.4795886e+002  5.1805216e+002
  3.4895840e+002  5.1817061e+002
  3.4994215e+002  5.1825954e+002
  3.5086906e+002  5.1833168e+002
  3.5176411e+002  5.1838922e+002
  3.5264664e+002  5.1849497e+002
  3.5357477e+002  5.1862846e+002
  3.5460772e+002  5.1944192e+002
  3.5568020e+002  5.1951503e+002
  3.5720187e+002  5.2006952e+002
  3.5813847e+002  5.1989197e+002
  3.5905601e+002  5.1974226e+002
  3.5996987e+002  5.1967423e+002
  3.6090270e+002  5.1965103e+002
  3.6186265e+002  5.1962764e+002
  3.6286569e+002  5.1958705e+002
  3.6386694e+002  5.1955521e+002
  3.6487946e+002  5.1953267e+002
  3.6585845e+002  5.1952220e+002
  3.6681946e+002  5.1950985e+002
  3.6773109e+002  5.1942295e+002
  3.6856976e+002  5.1851039e+002
  3.6942783e+002  5.1835738e+002
  3.6942652e+002  5.1762871e+002
  3.7037035e+002  5.1751016e+002
  3.7136866e+002  5.1748672e+002
  3.7145380e+002  5.1675513e+002
  3.7251914e+002  5.1680729e+002
  3.7361517e+002  5.1689923e+002
  3.7507124e+002  5.1696838e+002
  3.7597649e+002  5.1703079e+002
  3.7690664e+002  5.1708322e+002
  3.7789321e+002  5.1714771e+002
  3.7891092e+002  5.1720845e+002
  3.7990579e+002  5.1729162e+002
  3.8104234e+002  5.1731911e+002
  3.8207829e+002  5.1730774e+002
  3.8310491e+002  5.1730810e+002
  3.8409080e+002  5.1731490e+002
  3.8506667e+002  5.1724567e+002
  3.8596265e+002  5.1709815e+002
  3.8683588e+002  5.1684201e+002
  3.8771423e+002  5.1657801e+002
  3.8863151e+002  5.1634963e+002
  3.8961418e+002  5.1535747e+002
  3.9059737e+002  5.1434389e+002
  3.9152807e+002  5.1319335e+002
  3.9243868e+002  5.1202209e+002
  3.9259300e+002  5.1104109e+002
  3.9360622e+002  5.1015448e+002
  3.9466629e+002  5.0949130e+002
  3.9586962e+002  5.0900915e+002
  3.9690869e+002  5.0927979e+002
  3.9791934e+002  5.0949126e+002
  3.9838578e+002  5.0895342e+002
  3.9980845e+002  5.0822390e+002
  4.0083549e+002  5.0811953e+002
  4.0178840e+002  5.0794876e+002
  4.0267294e+002  5.0774407e+002
  4.0348227e+002  5.0750917e+002
  4.0446456e+002  5.0701509e+002
  4.0450460e+002  5.0618721e+002
  4.0524108e+002  5.0519856e+002
  4.0540109e+002  5.0432612e+002
  4.0558856e+002  5.0346140e+002
  4.0660846e+002  5.0248949e+002
  4.0780051e+002  5.0172248e+002
  4.0879262e+002  5.0173253e+002
  4.0978889e+002  5.0170959e+002
  4.1073704e+002  5.0167930e+002
  4.1169831e+002  5.0164121e+002
  4.1263086e+002  5.0158586e+002
  4.1356427e+002  5.0151558e+002
  4.1446197e+002  5.0136233e+002
  4.1449933e+002  5.0040847e+002
  4.1457743e+002  4.9946040e+002
  4.1551412e+002  4.9836702e+002
  4.1652560e+002  4.9728234e+002
  4.1758724e+002  4.9621808e+002
  4.1864109e+002  4.9524731e+002
  4.1966719e+002  4.9428635e+002
  4.2067663e+002  4.9325477e+002
  4.2162861e+002  4.9223548e+002
  4.2249925e+002  4.9119788e+002
  4.2258248e+002  4.9029815e+002
  4.2343035e+002  4.8925039e+002
  4.2361930e+002  4.8841159e+002
  4.2474229e+002  4.8743923e+002
  4.2589611e+002  4.8654118e+002
  4.2679520e+002  4.8650531e+002
  4.2760276e+002  4.8649616e+002
  4.2878981e+002  4.8523939e+002
  4.2969273e+002  4.8412727e+002
  4.3049783e+002  4.8305072e+002
  4.3057977e+002  4.8207138e+002
  4.3130219e+002  4.8092627e+002
  4.3136315e+002  4.7996330e+002
  4.3144046e+002  4.7902601e+002
  4.3156411e+002  4.7813649e+002
  4.3248046e+002  4.7708633e+002
  4.3269988e+002  4.7619942e+002
  4.3357165e+002  4.7517490e+002
  4.3441108e+002  4.7417414e+002
  4.3447981e+002  4.7325055e+002
  4.3453411e+002  4.7229953e+002
  4.3529610e+002  4.7125602e+002
  4.3535241e+002  4.7030163e+002
  4.3539385e+002  4.6931790e+002
  4.3542240e+002  4.6830940e+002
  4.3544345e+002  4.6731482e+002
  4.3550188e+002  4.6633480e+002
  4.3636776e+002  4.6534426e+002
  4.3650308e+002  4.6439510e+002
  4.3743630e+002  4.6343785e+002
  4.3762191e+002  4.6250599e+002
  4.3836484e+002  4.6249232e+002
  4.3844940e+002  4.6152168e+002
  4.3846246e+002  4.6049383e+002
  4.3841430e+002  4.5942591e+002
  4.3831904e+002  4.5833364e+002
  4.3825668e+002  4.5707156e+002
  4.3820970e+002  4.5617058e+002
  4.3814043e+002  4.5525307e+002
  4.3811257e+002  4.5429448e+002
  4.3820922e+002  4.5279019e+002
  4.3846736e+002  4.5187009e+002
  4.3861991e+002  4.5106493e+002
  4.3967531e+002  4.5013269e+002
  4.4060781e+002  4.4923981e+002
  4.4138949e+002  4.4829110e+002
  4.4146228e+002  4.4738789e+002
  4.4157505e+002  4.4646117e+002
  4.4237531e+002  4.4538471e+002
  4.4246887e+002  4.4440317e+002
  4.4249128e+002  4.4338068e+002
  4.4246696e+002  4.4231056e+002
  4.4232831e+002  4.4093450e+002
  4.4218779e+002  4.4000200e+002
  4.4210206e+002  4.3905222e+002
  4.4210525e+002  4.3809487e+002
  4.4219222e+002  4.3711843e+002
  4.4234181e+002  4.3611856e+002
  4.4242561e+002  4.3486638e+002
  4.4246737e+002  4.3389251e+002
  4.4251128e+002  4.3294351e+002
  4.4315868e+002  4.3198298e+002
  4.4313751e+002  4.3104150e+002
  4.4313870e+002  4.3008056e+002
  4.4315736e+002  4.2910588e+002
  4.4320028e+002  4.2812169e+002
  4.4328766e+002  4.2713199e+002
  4.4339174e+002  4.2613490e+002
  4.4350107e+002  4.2516220e+002
  4.4409110e+002  4.2419398e+002
  4.4408605e+002  4.2317606e+002
  4.4404459e+002  4.2213218e+002
  4.4396864e+002  4.2084824e+002
  4.4388431e+002  4.1988260e+002
  4.4384590e+002  4.1891305e+002
  4.4384969e+002  4.1794984e+002
  4.4388312e+002  4.1698620e+002
  4.4392850e+002  4.1602566e+002
  4.4394864e+002  4.1503360e+002
  4.4397789e+002  4.1391292e+002
  4.4400398e+002  4.1295941e+002
  4.4403728e+002  4.1202559e+002
  4.4407076e+002  4.1107793e+002
  4.4409171e+002  4.0989030e+002
  4.4407194e+002  4.0891009e+002
  4.4401972e+002  4.0797098e+002
  4.4394061e+002  4.0704623e+002
  4.4380057e+002  4.0611326e+002
  4.4368672e+002  4.0515079e+002
  4.4361595e+002  4.0415210e+002
  4.4361488e+002  4.0312097e+002
  4.4366087e+002  4.0209064e+002
  4.4372355e+002  4.0103751e+002
  4.4375004e+002  3.9992042e+002
  4.4374417e+002  3.9893807e+002
  4.4366836e+002  3.9793044e+002
  4.4353837e+002  3.9694116e+002
  4.4338595e+002  3.9598936e+002
  4.4275641e+002  3.9494135e+002
  4.4267955e+002  3.9399138e+002
  4.4264144e+002  3.9302655e+002
  4.4266310e+002  3.9204182e+002
  4.4271066e+002  3.9103569e+002
  4.4278169e+002  3.8997349e+002
  4.4282124e+002  3.8903665e+002
  4.4283060e+002  3.8806057e+002
  4.4275813e+002  3.8706839e+002
  4.4260314e+002  3.8596773e+002
  4.4244893e+002  3.8496361e+002
  4.4185500e+002  3.8389236e+002
  4.4177493e+002  3.8288938e+002
  4.4171768e+002  3.8191286e+002
  4.4166689e+002  3.8094404e+002
  4.4161989e+002  3.7997449e+002
  4.4155594e+002  3.7897064e+002
  4.4149973e+002  3.7795561e+002
  4.4091356e+002  3.7686382e+002
  4.4083175e+002  3.7586177e+002
  4.4077094e+002  3.7488704e+002
  4.4065265e+002  3.7395156e+002
  4.4049843e+002  3.7302613e+002
  4.3979717e+002  3.7203717e+002
  4.3967478e+002  3.7106027e+002
  4.3959727e+002  3.7005687e+002
  4.3956453e+002  3.6902861e+002
  4.3957807e+002  3.6799315e+002
  4.3954280e+002  3.6697317e+002
  4.3946499e+002  3.6598954e+002
  4.3876528e+002  3.6491080e+002
  4.3856429e+002  3.6396954e+002
  4.3837866e+002  3.6302923e+002
  4.3768713e+002  3.6200997e+002
  4.3754726e+002  3.6107366e+002
  4.3741097e+002  3.6016477e+002
  4.3671180e+002  3.5907860e+002
  4.3657072e+002  3.5812539e+002
  4.3644638e+002  3.5716481e+002
  4.3579309e+002  3.5599520e+002
  4.3562934e+002  3.5503277e+002
  4.3544215e+002  3.5409613e+002
  4.3464395e+002  3.5303355e+002
  4.3447724e+002  3.5210544e+002
  4.3379293e+002  3.5097570e+002
  4.3363426e+002  3.5004483e+002
  4.3343841e+002  3.4914575e+002
  4.3262378e+002  3.4807703e+002
  4.3235016e+002  3.4719644e+002
  4.3146483e+002  3.4613355e+002
  4.3063987e+002  3.4504777e+002
  4.3046973e+002  3.4413090e+002
  4.2978605e+002  3.4301936e+002
  4.2962859e+002  3.4211963e+002
  4.2940583e+002  3.4122361e+002
  4.2859780e+002  3.4014564e+002
  4.2833325e+002  3.3923373e+002
  4.2757015e+002  3.3810338e+002
  4.2737857e+002  3.3717612e+002
  4.2666886e+002  3.3604464e+002
  4.2648753e+002  3.3515852e+002
  4.2566883e+002  3.3411176e+002
  4.2540830e+002  3.3330075e+002
  4.2453227e+002  3.3230896e+002
  4.2430082e+002  3.3146475e+002
  4.2349872e+002  3.3042637e+002
  4.2259857e+002  3.2935641e+002
  4.2224207e+002  3.2854243e+002
  4.2151289e+002  3.2830406e+002
  4.2112527e+002  3.2749245e+002
  4.2003737e+002  3.2638206e+002
  4.1905504e+002  3.2524421e+002
  4.1816100e+002  3.2412975e+002
  4.1735405e+002  3.2303691e+002
  4.1661716e+002  3.2191269e+002
  4.1650133e+002  3.2100966e+002
  4.1637610e+002  3.2009635e+002
  4.1572554e+002  3.1892700e+002
  4.1549472e+002  3.1806750e+002
  4.1458187e+002  3.1702759e+002
  4.1422881e+002  3.1625579e+002
  4.1316164e+002  3.1526398e+002
  4.1206351e+002  3.1430607e+002
  4.1105559e+002  3.1329696e+002
  4.1013963e+002  3.1223276e+002
  4.0930919e+002  3.1111363e+002
  4.0850879e+002  3.1001977e+002
  4.0829990e+002  3.0917690e+002
  4.0759450e+002  3.0804102e+002
  4.0748147e+002  3.0713665e+002
  4.0677670e+002  3.0601395e+002
  4.0663382e+002  3.0513723e+002
  4.0639970e+002  3.0430746e+002
  4.0535760e+002  3.0336401e+002
  4.0396386e+002  3.0221050e+002
  4.0298438e+002  3.0126123e+002
  4.0214330e+002  3.0028550e+002
  4.0131191e+002  2.9929412e+002
  4.0037648e+002  2.9831348e+002
  3.9929954e+002  2.9735155e+002
  3.9824151e+002  2.9651218e+002
  3.9743539e+002  2.9631344e+002
  3.9627946e+002  2.9538217e+002
  3.9528334e+002  2.9467073e+002
  3.9456732e+002  2.9442681e+002
  3.9431993e+002  2.9348248e+002
  3.9280796e+002  2.9183991e+002
  3.9186144e+002  2.9097996e+002
  3.9091607e+002  2.9015850e+002
  3.9001511e+002  2.8924414e+002
  3.8917003e+002  2.8826230e+002
  3.8838937e+002  2.8723749e+002
  3.8762517e+002  2.8617642e+002
  3.8744392e+002  2.8536144e+002
  3.8664234e+002  2.8432619e+002
  3.8645102e+002  2.8354037e+002
  3.8584385e+002  2.8326368e+002
  3.8563515e+002  2.8248900e+002
  3.8541927e+002  2.8173461e+002
  3.8428534e+002  2.8108087e+002
  3.8317833e+002  2.8026661e+002
  3.8205930e+002  2.7941928e+002
  3.8099311e+002  2.7853931e+002
  3.8018512e+002  2.7832498e+002
  3.7909485e+002  2.7746326e+002
  3.7802434e+002  2.7664216e+002
  3.7726838e+002  2.7643573e+002
  3.7623246e+002  2.7555031e+002
  3.7551344e+002  2.7527830e+002
  3.7524998e+002  2.7455399e+002
  3.7454907e+002  2.7422606e+002
  3.7430276e+002  2.7345318e+002
  3.7314449e+002  2.7215817e+002
  3.7220253e+002  2.7125851e+002
  3.7125327e+002  2.7036155e+002
  3.7027444e+002  2.6941567e+002
  3.6925921e+002  2.6845655e+002
  3.6799216e+002  2.6721935e+002
  3.6695102e+002  2.6624685e+002
  3.6596881e+002  2.6533601e+002
  3.6495048e+002  2.6450666e+002
  3.6413894e+002  2.6433739e+002
  3.6310597e+002  2.6351863e+002
  3.6229040e+002  2.6331861e+002
  3.6119740e+002  2.6251921e+002
  3.6032546e+002  2.6235640e+002
  3.5918605e+002  2.6153487e+002
  3.5832487e+002  2.6124413e+002
  3.5726412e+002  2.6026232e+002
  3.5621795e+002  2.5925643e+002
  3.5517238e+002  2.5829908e+002
  3.5409888e+002  2.5740081e+002
  3.5301847e+002  2.5655237e+002
  3.5218398e+002  2.5635321e+002
  3.5113787e+002  2.5546439e+002
  3.5010585e+002  2.5459577e+002
  3.4921243e+002  2.5444307e+002
  3.4808570e+002  2.5374069e+002
  3.4713985e+002  2.5360710e+002
  3.4621927e+002  2.5344839e+002
  3.4509765e+002  2.5257822e+002
  3.4422275e+002  2.5232968e+002
  3.4317615e+002  2.5145604e+002
  3.4213861e+002  2.5071463e+002
  3.4117929e+002  2.5064250e+002
  3.4018995e+002  2.5058077e+002
  3.3919901e+002  2.5051308e+002
  3.3821447e+002  2.5041185e+002
  3.3706721e+002  2.4967102e+002
  3.3610768e+002  2.4943229e+002
  3.3507438e+002  2.4853203e+002
  3.3417412e+002  2.4826705e+002
  3.3314478e+002  2.4746352e+002
  3.3208623e+002  2.4678465e+002
  3.3112482e+002  2.4672984e+002
  3.3013933e+002  2.4665421e+002
  3.2914224e+002  2.4654917e+002
  3.2814118e+002  2.4639277e+002
  3.2704837e+002  2.4570644e+002
  3.2606891e+002  2.4557750e+002
  3.2509042e+002  2.4549182e+002
  3.2400097e+002  2.4492165e+002
  3.2299147e+002  2.4488441e+002
  3.2198508e+002  2.4482745e+002
  3.2097751e+002  2.4472244e+002
  3.1998984e+002  2.4461720e+002
  3.1902206e+002  2.4446501e+002
  3.1798513e+002  2.4384354e+002
  3.1702739e+002  2.4366253e+002
  3.1605651e+002  2.4348821e+002
  3.1495331e+002  2.4285305e+002
  3.1397597e+002  2.4270416e+002
  3.1300453e+002  2.4257396e+002
  3.1204558e+002  2.4247015e+002
  3.1101479e+002  2.4186620e+002
  3.1004954e+002  2.4175313e+002
  3.0902855e+002  2.4166461e+002
  3.0795032e+002  2.4162456e+002
  3.0684020e+002  2.4163694e+002
  3.0575021e+002  2.4167629e+002
  3.0472613e+002  2.4165125e+002
  3.0375102e+002  2.4155210e+002
  3.0282406e+002  2.4136241e+002
  3.0181783e+002  2.4078167e+002
  3.0088462e+002  2.4061841e+002
  3.0006023e+002  2.4067377e+002
  2.9912479e+002  2.4056061e+002
  2.9818063e+002  2.4042486e+002
  2.9717850e+002  2.3986637e+002
  2.9620286e+002  2.3978676e+002
  2.9519669e+002  2.3970646e+002
  2.9417541e+002  2.3964514e+002
  2.9290452e+002  2.3962721e+002
  2.9200946e+002  2.3972942e+002
  2.9106963e+002  2.3983365e+002
  2.9008427e+002  2.3991622e+002
  2.8882593e+002  2.3989559e+002
  2.8785217e+002  2.3983623e+002
  2.8691169e+002  2.3971015e+002
  2.8597744e+002  2.3956293e+002
  2.8502486e+002  2.3939860e+002
  2.8398739e+002  2.3882170e+002
  2.8305480e+002  2.3874047e+002
  2.8214815e+002  2.3869647e+002
  2.8122149e+002  2.3867821e+002
  2.8021940e+002  2.3864355e+002
  2.7867733e+002  2.3863295e+002
  2.7765130e+002  2.3868298e+002
  2.7666163e+002  2.3875609e+002
  2.7571427e+002  2.3882501e+002
  2.7475812e+002  2.3893749e+002
  2.7381316e+002  2.3906182e+002
  2.7285075e+002  2.3918883e+002
  2.7189289e+002  2.3929009e+002
  2.7092906e+002  2.3934570e+002
  2.6993997e+002  2.3935737e+002
  2.6892444e+002  2.3935760e+002
  2.6789906e+002  2.3938851e+002
  2.6688621e+002  2.3943731e+002
  2.6588649e+002  2.3952161e+002
  2.6487668e+002  2.4000987e+002
  2.6393671e+002  2.4011001e+002
  2.6300731e+002  2.4021958e+002
  2.6206903e+002  2.4030753e+002
  2.6110537e+002  2.4034293e+002
  2.6009481e+002  2.4032731e+002
  2.5902873e+002  2.4028285e+002
  2.5798573e+002  2.4028684e+002
  2.5698253e+002  2.4037280e+002
  2.5603146e+002  2.4057365e+002
  2.5510596e+002  2.4128233e+002
  2.5416501e+002  2.4151778e+002
  2.5312616e+002  2.4207450e+002
  2.5202875e+002  2.4219595e+002
  2.5091563e+002  2.4228377e+002
  2.4985263e+002  2.4237415e+002
  2.4883291e+002  2.4245038e+002
  2.4788492e+002  2.4255881e+002
  2.4687660e+002  2.4325528e+002
  2.4597694e+002  2.4360086e+002
  2.4493711e+002  2.4447723e+002
  2.4403240e+002  2.4488397e+002
  2.4299957e+002  2.4567735e+002
  2.4194548e+002  2.4633892e+002
  2.4097893e+002  2.4648819e+002
  2.4001877e+002  2.4656505e+002
  2.3890364e+002  2.4713487e+002
  2.3799148e+002  2.4734089e+002
  2.3708295e+002  2.4759421e+002
  2.3606678e+002  2.4831737e+002
  2.3514269e+002  2.4851891e+002
  2.3405137e+002  2.4913677e+002
  2.3310504e+002  2.4922971e+002
  2.3215598e+002  2.4930712e+002
  2.3120158e+002  2.4942884e+002
  2.3025032e+002  2.4964273e+002
  2.2918196e+002  2.5052278e+002
  2.2808384e+002  2.5152693e+002
  2.2699380e+002  2.5255812e+002
  2.2593113e+002  2.5343606e+002
  2.2514117e+002  2.5372056e+002
  2.2403477e+002  2.5449274e+002
  2.2325113e+002  2.5482421e+002
  2.2218790e+002  2.5572788e+002
  2.2113258e+002  2.5670493e+002
  2.2011384e+002  2.5766189e+002
  2.1916411e+002  2.5865965e+002
  2.1832261e+002  2.5973166e+002
  2.1739116e+002  2.6072774e+002
  2.1629516e+002  2.6151066e+002
  2.1506403e+002  2.6223235e+002
  2.1424419e+002  2.6244597e+002
  2.1342406e+002  2.6271370e+002
  2.1237796e+002  2.6380565e+002
  2.1148680e+002  2.6482245e+002
  2.1021038e+002  2.6611139e+002
  2.0937552e+002  2.6709314e+002
  2.0851427e+002  2.6805689e+002
  2.0825245e+002  2.6881255e+002
  2.0736588e+002  2.6978977e+002
  2.0645198e+002  2.7077649e+002
  2.0552716e+002  2.7178761e+002
  2.0536715e+002  2.7257019e+002
  2.0453005e+002  2.7366271e+002
  2.0437501e+002  2.7438078e+002
  2.0363787e+002  2.7478835e+002
  2.0327418e+002  2.7544936e+002
  2.0236288e+002  2.7597856e+002
  2.0142944e+002  2.7683795e+002
  2.0048488e+002  2.7780283e+002
  1.9960350e+002  2.7884621e+002
  1.9904744e+002  2.8000477e+002
  1.9837808e+002  2.8111769e+002
  1.9769983e+002  2.8215664e+002
  1.9753942e+002  2.8297034e+002
  1.9735896e+002  2.8380513e+002
  1.9664931e+002  2.8491811e+002
  1.9649831e+002  2.8578740e+002
  1.9576632e+002  2.8687504e+002
  1.9565679e+002  2.8777696e+002
  1.9557370e+002  2.8868977e+002
  1.9548391e+002  2.8963704e+002
  1.9469257e+002  2.9074178e+002
  1.9442107e+002  2.9165724e+002
  1.9329918e+002  2.9262436e+002
  1.9222771e+002  2.9367831e+002
  1.9140821e+002  2.9487957e+002
  1.9081069e+002  2.9618742e+002
  1.9078139e+002  2.9719839e+002
  1.9072636e+002  2.9818356e+002
  1.9059221e+002  2.9914339e+002
  1.9037782e+002  3.0006510e+002
  1.8970522e+002  3.0120216e+002
  1.8947886e+002  3.0215045e+002
  1.8878189e+002  3.0328872e+002
  1.8855768e+002  3.0419479e+002
  1.8833712e+002  3.0510358e+002
  1.8756931e+002  3.0613622e+002
  1.8736449e+002  3.0703733e+002
  1.8675317e+002  3.0806324e+002
  1.8671130e+002  3.0903577e+002
  1.8670579e+002  3.1003800e+002
  1.8668451e+002  3.1105512e+002
  1.8660690e+002  3.1203849e+002
  1.8643684e+002  3.1297465e+002
  1.8575810e+002  3.1405415e+002
  1.8551256e+002  3.1497279e+002
  1.8528276e+002  3.1590562e+002
  1.8459343e+002  3.1692851e+002
  1.8445076e+002  3.1784776e+002
  1.8384471e+002  3.1883220e+002
  1.8383054e+002  3.1976965e+002
  1.8390366e+002  3.2074636e+002
  1.8401262e+002  3.2177918e+002
  1.8413115e+002  3.2331191e+002
  1.8414278e+002  3.2423478e+002
  1.8413649e+002  3.2517525e+002
  1.8408930e+002  3.2613327e+002
  1.8399041e+002  3.2722015e+002
  1.8395125e+002  3.2819142e+002
  1.8387810e+002  3.2910046e+002
  1.8382183e+002  3.3007085e+002
  1.8373734e+002  3.3106294e+002
  1.8367759e+002  3.3205693e+002
  1.8367289e+002  3.3303036e+002
  1.8372478e+002  3.3418057e+002
  1.8383533e+002  3.3514416e+002
  1.8387926e+002  3.3613748e+002
  1.8384903e+002  3.3713742e+002
  1.8377908e+002  3.3800637e+002
  1.8370220e+002  3.3897600e+002
  1.8366875e+002  3.3994241e+002
  1.8371821e+002  3.4104885e+002
  1.8383883e+002  3.4204666e+002
  1.8396275e+002  3.4307062e+002
  1.8403079e+002  3.4408962e+002
  1.8409486e+002  3.4507750e+002
  1.8415853e+002  3.4602601e+002
  1.8424723e+002  3.4696779e+002
  1.8436886e+002  3.4790201e+002
  1.8447166e+002  3.4885921e+002
  1.8453865e+002  3.4985689e+002
  1.8492326e+002  3.5085098e+002
  1.8487655e+002  3.5207318e+002
  1.8483904e+002  3.5299818e+002
  1.8480650e+002  3.5394714e+002
  1.8480069e+002  3.5493114e+002
  1.8483752e+002  3.5631139e+002
  1.8502110e+002  3.5729534e+002
  1.8522690e+002  3.5823907e+002
  1.8546480e+002  3.5917920e+002
  1.8568623e+002  3.6010966e+002
  1.8620744e+002  3.6107869e+002
  1.8627744e+002  3.6206809e+002
  1.8628620e+002  3.6308366e+002
  1.8626292e+002  3.6410116e+002
  1.8622544e+002  3.6513030e+002
  1.8627356e+002  3.6613540e+002
  1.8637556e+002  3.6711955e+002
  1.8656284e+002  3.6809332e+002
  1.8732767e+002  3.6914272e+002
  1.8758791e+002  3.7009374e+002
  1.8833931e+002  3.7108248e+002
  1.8853501e+002  3.7200281e+002
  1.8918393e+002  3.7304630e+002
  1.8934313e+002  3.7399797e+002
  1.8947875e+002  3.7495784e+002
  1.8960981e+002  3.7591636e+002
  1.9018872e+002  3.7707930e+002
  1.9029782e+002  3.7805615e+002
  1.9042232e+002  3.7902834e+002
  1.9057199e+002  3.7999986e+002
  1.9127347e+002  3.8103976e+002
  1.9139514e+002  3.8199738e+002
  1.9145239e+002  3.8297235e+002
  1.9150363e+002  3.8394924e+002
  1.9204356e+002  3.8504182e+002
  1.9215741e+002  3.8602708e+002
  1.9236495e+002  3.8701711e+002
  1.9258753e+002  3.8799328e+002
  1.9335162e+002  3.8903848e+002
  1.9359377e+002  3.8995519e+002
  1.9440460e+002  3.9098345e+002
  1.9464972e+002  3.9189125e+002
  1.9538862e+002  3.9294559e+002
  1.9552369e+002  3.9387531e+002
  1.9615638e+002  3.9499084e+002
  1.9626962e+002  3.9594860e+002
  1.9639428e+002  3.9689905e+002
  1.9656287e+002  3.9784084e+002
  1.9737686e+002  3.9893199e+002
  1.9760284e+002  3.9983933e+002
  1.9842034e+002  4.0087272e+002
  1.9861947e+002  4.0178140e+002
  1.9935253e+002  4.0287442e+002
  1.9951401e+002  4.0379301e+002
  2.0032896e+002  4.0491734e+002
