  2.0274152e+002  4.2646873e+002
  2.0352981e+002  4.2664217e+002
  2.0467389e+002  4.2759754e+002
  2.0574468e+002  4.2871001e+002
  2.0661117e+002  4.2998977e+002
  2.0734274e+002  4.3124683e+002
  2.0750586e+002  4.3214431e+002
  2.0821544e+002  4.3319988e+002
  2.0840625e+002  4.3406872e+002
  2.0858043e+002  4.3498469e+002
  2.0919411e+002  4.3612429e+002
  2.0926074e+002  4.3709918e+002
  2.0929758e+002  4.3805606e+002
  2.0934417e+002  4.3899542e+002
  2.0942976e+002  4.3990135e+002
  2.0959021e+002  4.4079055e+002
  2.1034790e+002  4.4177484e+002
  2.1050305e+002  4.4268053e+002
  2.1131265e+002  4.4371567e+002
  2.1149506e+002  4.4463085e+002
  2.1166960e+002  4.4556023e+002
  2.1251212e+002  4.4670698e+002
  2.1340338e+002  4.4778182e+002
  2.1368924e+002  4.4861014e+002
  2.1478390e+002  4.4953894e+002
  2.1579387e+002  4.5048173e+002
  2.1651004e+002  4.5069177e+002
  2.1739134e+002  4.5179662e+002
  2.1744427e+002  4.5267751e+002
  2.1745204e+002  4.5358357e+002
  2.1748855e+002  4.5446104e+002
  2.1846174e+002  4.5545715e+002
  2.1958019e+002  4.5630710e+002
  2.2040788e+002  4.5649741e+002
  2.2138179e+002  4.5755102e+002
  2.2173245e+002  4.5860649e+002
  2.2268273e+002  4.5977499e+002
  2.2352174e+002  4.6082670e+002
  2.2446181e+002  4.6186741e+002
  2.2459345e+002  4.6271562e+002
  2.2565102e+002  4.6358694e+002
  2.2684176e+002  4.6444575e+002
  2.2768986e+002  4.6468710e+002
  2.2868177e+002  4.6566562e+002
  2.2970608e+002  4.6668429e+002
  2.3074326e+002  4.6775578e+002
  2.3158441e+002  4.6887006e+002
  2.3253198e+002  4.6992665e+002
  2.3364641e+002  4.7084286e+002
  2.3485083e+002  4.7162751e+002
  2.3593265e+002  4.7251780e+002
  2.3682975e+002  4.7356300e+002
  2.3752660e+002  4.7473315e+002
  2.3830646e+002  4.7582074e+002
  2.3845833e+002  4.7669849e+002
  2.3866462e+002  4.7756977e+002
  2.3950442e+002  4.7858697e+002
  2.4025082e+002  4.7965194e+002
  2.4037413e+002  4.8048577e+002
  2.4137260e+002  4.8140763e+002
  2.4270229e+002  4.8257052e+002
  2.4367819e+002  4.8329522e+002
  2.4463251e+002  4.8328364e+002
  2.4563719e+002  4.8327962e+002
  2.4666659e+002  4.8327502e+002
  2.4765175e+002  4.8331946e+002
  2.4861461e+002  4.8342395e+002
  2.4953507e+002  4.8361204e+002
  2.5058003e+002  4.8464422e+002
  2.5170036e+002  4.8603227e+002
  2.5250173e+002  4.8700273e+002
  2.5357343e+002  4.8786228e+002
  2.5482919e+002  4.8860349e+002
  2.5602663e+002  4.8940506e+002
  2.5686315e+002  4.8958237e+002
  2.5792381e+002  4.9050532e+002
  2.5890378e+002  4.9165717e+002
  2.5959319e+002  4.9281154e+002
  2.6046814e+002  4.9385118e+002
  2.6065898e+002  4.9459984e+002
  2.6169880e+002  4.9546718e+002
  2.6253675e+002  4.9557996e+002
  2.6373169e+002  4.9665299e+002
  2.6479351e+002  4.9748246e+002
  2.6566205e+002  4.9765382e+002
  2.6674436e+002  4.9849392e+002
  2.6761263e+002  4.9866141e+002
  2.6868313e+002  4.9960082e+002
  2.6974231e+002  5.0059072e+002
  2.7084737e+002  5.0156806e+002
  2.7195005e+002  5.0247000e+002
  2.7283320e+002  5.0259459e+002
  2.7383337e+002  5.0346167e+002
  2.7462533e+002  5.0361854e+002
  2.7563994e+002  5.0455095e+002
  2.7674766e+002  5.0542311e+002
  2.7765314e+002  5.0559514e+002
  2.7868006e+002  5.0651584e+002
  2.7963672e+002  5.0748016e+002
  2.8048158e+002  5.0769420e+002
  2.8059463e+002  5.0836074e+002
  2.8144763e+002  5.0849436e+002
  2.8250496e+002  5.0922993e+002
  2.8343732e+002  5.0930967e+002
  2.8462802e+002  5.1000511e+002
  2.8566394e+002  5.1001452e+002
  2.8670622e+002  5.0998633e+002
  2.8769707e+002  5.0996271e+002
  2.8864444e+002  5.1000668e+002
  2.8961038e+002  5.1009099e+002
  2.9058277e+002  5.1025137e+002
  2.9155636e+002  5.1046509e+002
  2.9250910e+002  5.1071978e+002
  2.9352087e+002  5.1163945e+002
  2.9453011e+002  5.1254954e+002
  2.9551977e+002  5.1344748e+002
  2.9641257e+002  5.1353738e+002
  2.9655769e+002  5.1432807e+002
  2.9746418e+002  5.1439466e+002
  2.9849266e+002  5.1526443e+002
  2.9954705e+002  5.1615577e+002
  3.0041184e+002  5.1623678e+002
  3.0141773e+002  5.1715324e+002
  3.0231829e+002  5.1794104e+002
  3.0336610e+002  5.1853348e+002
  3.0466608e+002  5.1905994e+002
  3.0579109e+002  5.1846199e+002
  3.0654983e+002  5.1786195e+002
  3.0766454e+002  5.1799928e+002
  3.0873904e+002  5.1813552e+002
  3.0973584e+002  5.1827684e+002
  3.1067754e+002  5.1844762e+002
  3.1159215e+002  5.1864004e+002
  3.1268557e+002  5.1963759e+002
  3.1366605e+002  5.2058515e+002
  3.1452166e+002  5.2112825e+002
  3.1541491e+002  5.2126908e+002
  3.1628897e+002  5.2141532e+002
  3.1714451e+002  5.2155146e+002
  3.1726476e+002  5.2225044e+002
  3.1814559e+002  5.2241051e+002
  3.1914414e+002  5.2332707e+002
  3.2014735e+002  5.2425042e+002
  3.2110792e+002  5.2516547e+002
  3.2205212e+002  5.2604943e+002
  3.2300063e+002  5.2682820e+002
  3.2534219e+002  5.2729955e+002
  3.2582282e+002  5.2671531e+002
  3.2656166e+002  5.2666508e+002
  3.2734872e+002  5.2666562e+002
  3.2815168e+002  5.2729769e+002
  3.2994591e+002  5.2773536e+002
  3.3077020e+002  5.2733858e+002
  3.3163777e+002  5.2673006e+002
  3.3249072e+002  5.2689636e+002
  3.3333223e+002  5.2712988e+002
  3.3418248e+002  5.2732789e+002
  3.3507376e+002  5.2745413e+002
  3.3601199e+002  5.2747038e+002
  3.3780174e+002  5.2733353e+002
  3.3865232e+002  5.2714703e+002
  3.3944079e+002  5.2701722e+002
  3.4020260e+002  5.2692922e+002
  3.4099997e+002  5.2684576e+002
  3.4188253e+002  5.2678657e+002
  3.4285227e+002  5.2679065e+002
  3.4441018e+002  5.2676860e+002
  3.4550348e+002  5.2672266e+002
  3.4658376e+002  5.2674892e+002
  3.4762094e+002  5.2679255e+002
  3.4863325e+002  5.2686587e+002
  3.4952523e+002  5.2692733e+002
  3.5036169e+002  5.2703787e+002
  3.5125828e+002  5.2708480e+002
  3.5219121e+002  5.2710962e+002
  3.5318104e+002  5.2715459e+002
  3.5422040e+002  5.2719499e+002
  3.5524650e+002  5.2727149e+002
  3.5650954e+002  5.2723746e+002
  3.5743307e+002  5.2714603e+002
  3.5833593e+002  5.2705184e+002
  3.5922200e+002  5.2700749e+002
  3.6011599e+002  5.2694197e+002
  3.6096827e+002  5.2685886e+002
  3.6181163e+002  5.2678437e+002
  3.6266373e+002  5.2670076e+002
  3.6363868e+002  5.2666302e+002
  3.6468234e+002  5.2658537e+002
  3.6578730e+002  5.2643688e+002
  3.6577632e+002  5.2572107e+002
  3.6691678e+002  5.2556957e+002
  3.6795914e+002  5.2527303e+002
  3.6797249e+002  5.2453855e+002
  3.6899106e+002  5.2424955e+002
  3.6904820e+002  5.2355173e+002
  3.7005764e+002  5.2344010e+002
  3.7021239e+002  5.2275145e+002
  3.7131032e+002  5.2196106e+002
  3.7240929e+002  5.2121581e+002
  3.7362110e+002  5.2059798e+002
  3.7398073e+002  5.2101131e+002
  3.7499299e+002  5.2030389e+002
  3.7587207e+002  5.1953325e+002
  3.7672777e+002  5.1881226e+002
  3.7766502e+002  5.1823388e+002
  3.7943307e+002  5.1807297e+002
  3.8106282e+002  5.1820980e+002
  3.8400686e+002  5.1701277e+002
  3.8406176e+002  5.1781741e+002
  3.8396608e+002  5.1846955e+002
  3.8487305e+002  5.1837369e+002
  3.8579538e+002  5.1832400e+002
  3.8673191e+002  5.1828683e+002
  3.8768216e+002  5.1822922e+002
  3.8863001e+002  5.1814972e+002
  3.8954287e+002  5.1800349e+002
  3.9042524e+002  5.1782936e+002
  3.9127814e+002  5.1759916e+002
  3.9213112e+002  5.1734006e+002
  3.9301500e+002  5.1699346e+002
  3.9392292e+002  5.1678096e+002
  3.9496417e+002  5.1681189e+002
  3.9601150e+002  5.1695015e+002
  3.9700738e+002  5.1699014e+002
  3.9791867e+002  5.1694343e+002
  3.9853972e+002  5.1660263e+002
  3.9884038e+002  5.1584118e+002
  3.9708928e+002  5.1274491e+002
  4.1088837e+002  5.2573281e+002
  4.1126734e+002  5.2500788e+002
  4.1180182e+002  5.2642891e+002
  4.1357071e+002  5.2688728e+002
  4.1456443e+002  5.2641250e+002
  4.1525918e+002  5.2548188e+002
  4.1536660e+002  5.2451749e+002
  4.1553623e+002  5.2350121e+002
  4.1601007e+002  5.2343270e+002
  4.1618686e+002  5.2257022e+002
  4.1633412e+002  5.2172393e+002
  4.1619990e+002  5.2109568e+002
  4.1705537e+002  5.1981676e+002
  4.1783384e+002  5.1875581e+002
  4.1872234e+002  5.1778521e+002
  4.1977241e+002  5.1681884e+002
  4.2084074e+002  5.1587418e+002
  4.2196284e+002  5.1500267e+002
  4.2299109e+002  5.1412159e+002
  4.2395673e+002  5.1329858e+002
  4.2494782e+002  5.1246791e+002
  4.2602409e+002  5.1148912e+002
  4.2720747e+002  5.1020272e+002
  4.2838865e+002  5.0903178e+002
  4.2944257e+002  5.0808754e+002
  4.3042374e+002  5.0740770e+002
  4.3146915e+002  5.0665434e+002
  4.3251939e+002  5.0580644e+002
  4.3310879e+002  5.0640019e+002
  4.3409016e+002  5.0549844e+002
  4.3545307e+002  5.0375372e+002
  4.3614751e+002  5.0263012e+002
  4.3678426e+002  5.0153096e+002
  4.3743253e+002  5.0045889e+002
  4.3673583e+002  4.9960432e+002
  4.3753147e+002  4.9859758e+002
  4.3837727e+002  4.9766624e+002
  4.3930048e+002  4.9674069e+002
  4.4018081e+002  4.9574616e+002
  4.4103346e+002  4.9474898e+002
  4.4177718e+002  4.9371084e+002
  4.4210534e+002  4.9256863e+002
  4.4218347e+002  4.9084602e+002
  4.4403162e+002  4.9039826e+002
  4.4294880e+002  4.8941265e+002
  4.4256448e+002  4.8869018e+002
  4.4311995e+002  4.8748894e+002
  4.4259482e+002  4.8680183e+002
  4.4333337e+002  4.8565969e+002
  4.4342169e+002  4.8468185e+002
  4.4275053e+002  4.8482596e+002
  4.4290265e+002  4.8381487e+002
  4.4301666e+002  4.8288003e+002
  4.4317650e+002  4.8196915e+002
  4.4341159e+002  4.8110737e+002
  4.4338190e+002  4.8017690e+002
  4.4358769e+002  4.7933038e+002
  4.4411883e+002  4.7935452e+002
  4.4422833e+002  4.7851476e+002
  4.4434643e+002  4.7771786e+002
  4.4452044e+002  4.7686842e+002
  4.4473645e+002  4.7597439e+002
  4.4509360e+002  4.7502821e+002
  4.4525888e+002  4.7448585e+002
  4.4634694e+002  4.7336237e+002
  4.4712491e+002  4.7251843e+002
  4.4806291e+002  4.7009144e+002
  4.4844287e+002  4.7028586e+002
  4.4960534e+002  4.6937475e+002
  4.5026804e+002  4.6923701e+002
  4.5102106e+002  4.6810624e+002
  4.5181997e+002  4.6702389e+002
  4.5265408e+002  4.6591746e+002
  4.5342758e+002  4.6482512e+002
  4.5406357e+002  4.6384739e+002
  4.5434619e+002  4.6232856e+002
  4.5281303e+002  4.6150837e+002
  4.5207637e+002  4.6171805e+002
  4.5127734e+002  4.6195895e+002
  4.5054205e+002  4.6217020e+002
  4.5031935e+002  4.6149694e+002
  4.4980127e+002  4.6169416e+002
  4.4986714e+002  4.6234678e+002
  4.4980127e+002  4.6169416e+002
  4.4920735e+002  4.5815163e+002
  4.4901332e+002  4.5699096e+002
  4.4925532e+002  4.5631682e+002
  4.4922242e+002  4.5568906e+002
  4.4838408e+002  4.5528207e+002
  4.4771647e+002  4.5511072e+002
  4.4453184e+002  4.5501850e+002
  4.4381091e+002  4.5595257e+002
  4.4315925e+002  4.5637002e+002
  4.4219804e+002  4.5640699e+002
  4.3980456e+002  4.5489352e+002
  4.3874791e+002  4.5416591e+002
  4.3822457e+002  4.5271624e+002
  4.3759268e+002  4.5192658e+002
  4.3780032e+002  4.5113285e+002
  4.3804171e+002  4.5030895e+002
  4.3826342e+002  4.4942661e+002
  4.3843531e+002  4.4845020e+002
  4.3849570e+002  4.4741315e+002
  4.3849784e+002  4.4633464e+002
  4.3841628e+002  4.4486248e+002
  4.3817600e+002  4.4398922e+002
  4.3806898e+002  4.4306943e+002
  4.3807048e+002  4.4211662e+002
  4.3809822e+002  4.4102685e+002
  4.3806643e+002  4.4001036e+002
  4.3806207e+002  4.3904101e+002
  4.3810795e+002  4.3808414e+002
  4.3817778e+002  4.3713704e+002
  4.3828875e+002  4.3620146e+002
  4.3836904e+002  4.3525715e+002
  4.3842231e+002  4.3428456e+002
  4.3841079e+002  4.3305294e+002
  4.3840408e+002  4.3210138e+002
  4.3842132e+002  4.3113297e+002
  4.3851047e+002  4.3017595e+002
  4.3931411e+002  4.2910666e+002
  4.3935807e+002  4.2809558e+002
  4.3937524e+002  4.2701538e+002
  4.3939584e+002  4.2595929e+002
  4.3939730e+002  4.2491050e+002
  4.3938561e+002  4.2394352e+002
  4.3934049e+002  4.2301800e+002
  4.3921717e+002  4.2212528e+002
  4.3900957e+002  4.2120874e+002
  4.3875414e+002  4.2026987e+002
  4.3857261e+002  4.1929831e+002
  4.3849457e+002  4.1831553e+002
  4.3758661e+002  4.1729822e+002
  4.3771185e+002  4.1631337e+002
  4.3787600e+002  4.1533554e+002
  4.3798266e+002  4.1439402e+002
  4.3799191e+002  4.1337347e+002
  4.3784322e+002  4.1233392e+002
  4.3760953e+002  4.1128277e+002
  4.3737197e+002  4.1023388e+002
  4.3631161e+002  4.0917443e+002
  4.3556897e+002  4.0802596e+002
  4.3551072e+002  4.0700068e+002
  4.3541136e+002  4.0603045e+002
  4.3466963e+002  4.0489036e+002
  4.3451146e+002  4.0395458e+002
  4.3438353e+002  4.0301063e+002
  4.3368478e+002  4.0198075e+002
  4.3367771e+002  4.0104095e+002
  4.3370108e+002  4.0010633e+002
  4.3371901e+002  3.9915947e+002
  4.3369393e+002  3.9817983e+002
  4.3366115e+002  3.9715745e+002
  4.3364837e+002  3.9611440e+002
  4.3365249e+002  3.9507117e+002
  4.3365740e+002  3.9404238e+002
  4.3361726e+002  3.9304226e+002
  4.3353142e+002  3.9205043e+002
  4.3346479e+002  3.9108378e+002
  4.3272513e+002  3.9013911e+002
  4.3268678e+002  3.8920371e+002
  4.3265765e+002  3.8824819e+002
  4.3256799e+002  3.8728251e+002
  4.3244554e+002  3.8629997e+002
  4.3163954e+002  3.8520760e+002
  4.3146608e+002  3.8421537e+002
  4.3060357e+002  3.8308593e+002
  4.3041464e+002  3.8214311e+002
  4.2953849e+002  3.8107591e+002
  4.2945650e+002  3.8014909e+002
  4.2867689e+002  3.7915619e+002
  4.2867588e+002  3.7822671e+002
  4.2869456e+002  3.7725042e+002
  4.2865990e+002  3.7623544e+002
  4.2864778e+002  3.7516883e+002
  4.2857934e+002  3.7413679e+002
  4.2847692e+002  3.7312676e+002
  4.2765497e+002  3.7196941e+002
  4.2743770e+002  3.7103205e+002
  4.2656491e+002  3.6992946e+002
  4.2638771e+002  3.6899519e+002
  4.2558819e+002  3.6792119e+002
  4.2547639e+002  3.6697980e+002
  4.2477512e+002  3.6594662e+002
  4.2471753e+002  3.6501356e+002
  4.2465317e+002  3.6406633e+002
  4.2456058e+002  3.6311894e+002
  4.2445982e+002  3.6217156e+002
  4.2378968e+002  3.6099306e+002
  4.2367484e+002  3.6000616e+002
  4.2355481e+002  3.5902987e+002
  4.2341538e+002  3.5807196e+002
  4.2262730e+002  3.5701118e+002
  4.2241347e+002  3.5611110e+002
  4.2157655e+002  3.5505075e+002
  4.2139686e+002  3.5410923e+002
  4.2066599e+002  3.5302061e+002
  4.2055231e+002  3.5207530e+002
  4.2045169e+002  3.5112944e+002
  4.1983733e+002  3.4998936e+002
  4.1975888e+002  3.4900545e+002
  4.1964585e+002  3.4801413e+002
  4.1952116e+002  3.4702006e+002
  4.1937624e+002  3.4602820e+002
  4.1865232e+002  3.4491663e+002
  4.1850570e+002  3.4399163e+002
  4.1839052e+002  3.4308494e+002
  4.1768895e+002  3.4206538e+002
  4.1762824e+002  3.4112372e+002
  4.1755925e+002  3.4017325e+002
  4.1748663e+002  3.3920623e+002
  4.1680786e+002  3.3804785e+002
  4.1665526e+002  3.3704255e+002
  4.1648858e+002  3.3607291e+002
  4.1570454e+002  3.3496418e+002
  4.1544197e+002  3.3406024e+002
  4.1450782e+002  3.3303135e+002
  4.1419402e+002  3.3214499e+002
  4.1334774e+002  3.3108501e+002
  4.1260487e+002  3.3000137e+002
  4.1248080e+002  3.2907743e+002
  4.1180141e+002  3.2799337e+002
  4.1165993e+002  3.2707937e+002
  4.1152456e+002  3.2615956e+002
  4.1139663e+002  3.2523072e+002
  4.1069060e+002  3.2410919e+002
  4.1055616e+002  3.2316919e+002
  4.1039267e+002  3.2223517e+002
  4.0962266e+002  3.2118558e+002
  4.0945659e+002  3.2025429e+002
  4.0864455e+002  3.1920208e+002
  4.0845859e+002  3.1828681e+002
  4.0758760e+002  3.1720601e+002
  4.0737689e+002  3.1628979e+002
  4.0649805e+002  3.1521845e+002
  4.0558104e+002  3.1415803e+002
  4.0530772e+002  3.1327568e+002
  4.0440002e+002  3.1225235e+002
  4.0360109e+002  3.1121092e+002
  4.0353940e+002  3.1030945e+002
  4.0348079e+002  3.0938156e+002
  4.0277214e+002  3.0829759e+002
  4.0265847e+002  3.0734297e+002
  4.0253267e+002  3.0638006e+002
  4.0237592e+002  3.0544296e+002
  4.0150624e+002  3.0438755e+002
  4.0123250e+002  3.0355719e+002
  4.0056087e+002  3.0333461e+002
  4.0020349e+002  3.0255552e+002
  3.9953588e+002  3.0230402e+002
  3.9900442e+002  3.0129894e+002
  3.9821811e+002  3.0035932e+002
  3.9729461e+002  2.9939080e+002
  3.9616785e+002  2.9832669e+002
  3.9516808e+002  2.9724376e+002
  3.9422390e+002  2.9612295e+002
  3.9328707e+002  2.9498950e+002
  3.9230852e+002  2.9390669e+002
  3.9129729e+002  2.9285206e+002
  3.9041036e+002  2.9179813e+002
  3.8961723e+002  2.9074744e+002
  3.8940500e+002  2.8990237e+002
  3.8864743e+002  2.8884557e+002
  3.8846348e+002  2.8799315e+002
  3.8775290e+002  2.8692957e+002
  3.8761988e+002  2.8607199e+002
  3.8745809e+002  2.8522599e+002
  3.8665775e+002  2.8420217e+002
  3.8640626e+002  2.8340573e+002
  3.8546488e+002  2.8247233e+002
  3.8446254e+002  2.8152918e+002
  3.8373685e+002  2.8133583e+002
  3.8343832e+002  2.8054794e+002
  3.8241342e+002  2.8002677e+002
  3.8141826e+002  2.7908339e+002
  3.8037624e+002  2.7819872e+002
  3.7932023e+002  2.7724248e+002
  3.7826225e+002  2.7619772e+002
  3.7721550e+002  2.7511504e+002
  3.7626022e+002  2.7406946e+002
  3.7534256e+002  2.7305237e+002
  3.7436459e+002  2.7204376e+002
  3.7342439e+002  2.7109128e+002
  3.7238480e+002  2.7018601e+002
  3.7128941e+002  2.6924128e+002
  3.7026072e+002  2.6823194e+002
  3.6930483e+002  2.6721860e+002
  3.6828622e+002  2.6630080e+002
  3.6720612e+002  2.6541497e+002
  3.6621256e+002  2.6443594e+002
  3.6529242e+002  2.6345266e+002
  3.6422379e+002  2.6261500e+002
  3.6338416e+002  2.6245129e+002
  3.6217223e+002  2.6169137e+002
  3.6138299e+002  2.6149219e+002
  3.6029614e+002  2.6054145e+002
  3.5955623e+002  2.6030260e+002
  3.5924835e+002  2.5955486e+002
  3.5851037e+002  2.5931990e+002
  3.5820039e+002  2.5858564e+002
  3.5743139e+002  2.5832202e+002
  3.5635112e+002  2.5731768e+002
  3.5527550e+002  2.5636533e+002
  3.5414832e+002  2.5545814e+002
  3.5303832e+002  2.5457014e+002
  3.5221407e+002  2.5428025e+002
  3.5118358e+002  2.5340802e+002
  3.5019293e+002  2.5261414e+002
  3.4941101e+002  2.5249213e+002
  3.4836382e+002  2.5173620e+002
  3.4751695e+002  2.5156767e+002
  3.4641381e+002  2.5073813e+002
  3.4551594e+002  2.5051475e+002
  3.4438571e+002  2.4964016e+002
  3.4349767e+002  2.4937626e+002
  3.4238275e+002  2.4847891e+002
  3.4125030e+002  2.4773492e+002
  3.4039511e+002  2.4770241e+002
  3.3950584e+002  2.4768514e+002
  3.3828485e+002  2.4706857e+002
  3.3738927e+002  2.4686193e+002
  3.3644866e+002  2.4664395e+002
  3.3549377e+002  2.4642670e+002
  3.3437342e+002  2.4555333e+002
  3.3346980e+002  2.4533402e+002
  3.3241215e+002  2.4456325e+002
  3.3150509e+002  2.4438497e+002
  3.3134121e+002  2.4394528e+002
  3.3043371e+002  2.4376639e+002
  3.2953277e+002  2.4361410e+002
  3.2841854e+002  2.4295604e+002
  3.2752301e+002  2.4278476e+002
  3.2638609e+002  2.4218597e+002
  3.2547821e+002  2.4205547e+002
  3.2454344e+002  2.4192986e+002
  3.2359335e+002  2.4178707e+002
  3.2262990e+002  2.4160954e+002
  3.2166282e+002  2.4143934e+002
  3.2146673e+002  2.4092807e+002
  3.2050277e+002  2.4080131e+002
  3.1955072e+002  2.4071805e+002
  3.1862679e+002  2.4062624e+002
  3.1765951e+002  2.4049575e+002
  3.1756278e+002  2.3995749e+002
  3.1662829e+002  2.3974502e+002
  3.1564302e+002  2.3957270e+002
  3.1460904e+002  2.3940744e+002
  3.1452621e+002  2.3897020e+002
  3.1351167e+002  2.3883712e+002
  3.1257733e+002  2.3867955e+002
  3.1168234e+002  2.3852145e+002
  3.1079614e+002  2.3836518e+002
  3.1067187e+002  2.3787809e+002
  3.0972694e+002  2.3777935e+002
  3.0872495e+002  2.3770795e+002
  3.0769734e+002  2.3769972e+002
  3.0666247e+002  2.3770608e+002
  3.0565417e+002  2.3772991e+002
  3.0465670e+002  2.3770358e+002
  3.0366094e+002  2.3766385e+002
  3.0266579e+002  2.3762369e+002
  3.0166490e+002  2.3756859e+002
  3.0067209e+002  2.3751818e+002
  2.9960399e+002  2.3753574e+002
  2.9864657e+002  2.3747622e+002
  2.9858387e+002  2.3698350e+002
  2.9765623e+002  2.3684415e+002
  2.9673812e+002  2.3667523e+002
  2.9582768e+002  2.3650407e+002
  2.9491609e+002  2.3635629e+002
  2.9481589e+002  2.3586586e+002
  2.9387311e+002  2.3576764e+002
  2.9290522e+002  2.3571518e+002
  2.9149652e+002  2.3571910e+002
  2.9056021e+002  2.3584554e+002
  2.8966768e+002  2.3593208e+002
  2.8879123e+002  2.3599856e+002
  2.8789459e+002  2.3602165e+002
  2.8696530e+002  2.3598420e+002
  2.8556449e+002  2.3594096e+002
  2.8455310e+002  2.3592737e+002
  2.8362600e+002  2.3587742e+002
  2.8271240e+002  2.3581897e+002
  2.8179355e+002  2.3572211e+002
  2.8085570e+002  2.3562833e+002
  2.7928633e+002  2.3554083e+002
  2.7833294e+002  2.3566738e+002
  2.7745517e+002  2.3585047e+002
  2.7661803e+002  2.3602420e+002
  2.7576001e+002  2.3619110e+002
  2.7487336e+002  2.3635125e+002
  2.7393331e+002  2.3650136e+002
  2.7390010e+002  2.3694394e+002
  2.7292454e+002  2.3706433e+002
  2.7191925e+002  2.3714341e+002
  2.7089171e+002  2.3721497e+002
  2.6982892e+002  2.3726521e+002
  2.6873913e+002  2.3729365e+002
  2.6764262e+002  2.3733312e+002
  2.6657161e+002  2.3741991e+002
  2.6553253e+002  2.3751815e+002
  2.6557842e+002  2.3788422e+002
  2.6459011e+002  2.3796731e+002
  2.6360445e+002  2.3808147e+002
  2.6262211e+002  2.3819812e+002
  2.6164111e+002  2.3834192e+002
  2.6066349e+002  2.3846657e+002
  2.5967808e+002  2.3853444e+002
  2.5966482e+002  2.3899587e+002
  2.5866140e+002  2.3901861e+002
  2.5767319e+002  2.3905454e+002
  2.5671285e+002  2.3917283e+002
  2.5583385e+002  2.3945695e+002
  2.5501151e+002  2.3994340e+002
  2.5488880e+002  2.4019724e+002
  2.5401525e+002  2.4053348e+002
  2.5391191e+002  2.4093261e+002
  2.5295309e+002  2.4119495e+002
  2.5196045e+002  2.4141428e+002
  2.5095922e+002  2.4160866e+002
  2.5075999e+002  2.4210981e+002
  2.4974160e+002  2.4228590e+002
  2.4860840e+002  2.4301223e+002
  2.4753703e+002  2.4376688e+002
  2.4650465e+002  2.4452344e+002
  2.4551141e+002  2.4535369e+002
  2.4447921e+002  2.4624668e+002
  2.4378116e+002  2.4601360e+002
  2.4269741e+002  2.4684975e+002
  2.4157275e+002  2.4756932e+002
  2.4043254e+002  2.4821528e+002
  2.3966407e+002  2.4790920e+002
  2.3859387e+002  2.4862832e+002
  2.3748736e+002  2.4927335e+002
  2.3676322e+002  2.4893731e+002
  2.3569491e+002  2.4963917e+002
  2.3461117e+002  2.5039026e+002
  2.3349312e+002  2.5110141e+002
  2.3279684e+002  2.5077202e+002
  2.3174713e+002  2.5165890e+002
  2.3093210e+002  2.5201720e+002
  2.2994073e+002  2.5299502e+002
  2.2909490e+002  2.5338714e+002
  2.2799034e+002  2.5423926e+002
  2.2686298e+002  2.5502658e+002
  2.2571706e+002  2.5581430e+002
  2.2457589e+002  2.5664889e+002
  2.2349421e+002  2.5758408e+002
  2.2277776e+002  2.5798275e+002
  2.2180194e+002  2.5910136e+002
  2.2097130e+002  2.6023327e+002
  2.2015038e+002  2.6137958e+002
  2.1909748e+002  2.6250986e+002
  2.1879657e+002  2.6319233e+002
  2.1766859e+002  2.6394494e+002
  2.1654852e+002  2.6470051e+002
  2.1564057e+002  2.6583582e+002
  2.1475576e+002  2.6666523e+002
  2.1389413e+002  2.6754978e+002
  2.1259672e+002  2.6892963e+002
  2.1168545e+002  2.6997830e+002
  2.1078481e+002  2.7103096e+002
  2.0988285e+002  2.7210262e+002
  2.0895325e+002  2.7317493e+002
  2.0807277e+002  2.7425514e+002
  2.0718844e+002  2.7534833e+002
  2.0622824e+002  2.7642717e+002
  2.0527043e+002  2.7746985e+002
  2.0431881e+002  2.7851616e+002
  2.0400645e+002  2.7929249e+002
  2.0304559e+002  2.8030787e+002
  2.0211020e+002  2.8139572e+002
  2.0126354e+002  2.8255550e+002
  2.0104287e+002  2.8346217e+002
  2.0027621e+002  2.8457945e+002
  2.0010726e+002  2.8548051e+002
  1.9948110e+002  2.8658396e+002
  1.9934127e+002  2.8754792e+002
  1.9923159e+002  2.8853236e+002
  1.9910245e+002  2.8952098e+002
  1.9894137e+002  2.9050228e+002
  1.9871805e+002  2.9142940e+002
  1.9842379e+002  2.9226431e+002
  1.9804668e+002  2.9247302e+002
  1.9776364e+002  2.9327200e+002
  1.9749585e+002  2.9409635e+002
  1.9699928e+002  2.9430047e+002
  1.9678195e+002  2.9517602e+002
  1.9658616e+002  2.9608290e+002
  1.9643042e+002  2.9699077e+002
  1.9591334e+002  2.9723930e+002
  1.9581104e+002  2.9815694e+002
  1.9518536e+002  2.9931841e+002
  1.9452132e+002  3.0044990e+002
  1.9377090e+002  3.0152467e+002
  1.9423698e+002  3.0217603e+002
  1.9338140e+002  3.0324952e+002
  1.9315018e+002  3.0415600e+002
  1.9292827e+002  3.0504474e+002
  1.9271866e+002  3.0591194e+002
  1.9249885e+002  3.0677411e+002
  1.9193664e+002  3.0705616e+002
  1.9174168e+002  3.0798499e+002
  1.9106574e+002  3.0915079e+002
  1.9091763e+002  3.1016966e+002
  1.9075423e+002  3.1121982e+002
  1.9055983e+002  3.1224846e+002
  1.9035086e+002  3.1322413e+002
  1.8999591e+002  3.1341491e+002
  1.8978300e+002  3.1432645e+002
  1.8957275e+002  3.1517130e+002
  1.8930014e+002  3.1604383e+002
  1.8892665e+002  3.1620652e+002
  1.8872405e+002  3.1711990e+002
  1.8854545e+002  3.1807129e+002
  1.8837842e+002  3.1903945e+002
  1.8795649e+002  3.1914901e+002
  1.8788356e+002  3.2014514e+002
  1.8785898e+002  3.2119883e+002
  1.8787118e+002  3.2224666e+002
  1.8785516e+002  3.2339462e+002
  1.8786109e+002  3.2432594e+002
  1.8782494e+002  3.2552764e+002
  1.8774943e+002  3.2657064e+002
  1.8757456e+002  3.2756765e+002
  1.8740064e+002  3.2852251e+002
  1.8688119e+002  3.2942589e+002
  1.8700355e+002  3.3032090e+002
  1.8684374e+002  3.3119360e+002
  1.8669841e+002  3.3212172e+002
  1.8655930e+002  3.3310107e+002
  1.8639914e+002  3.3408496e+002
  1.8606790e+002  3.3415922e+002
  1.8599473e+002  3.3518172e+002
  1.8593759e+002  3.3639412e+002
  1.8595119e+002  3.3729973e+002
  1.8595588e+002  3.3820536e+002
  1.8595089e+002  3.3922668e+002
  1.8586167e+002  3.4023908e+002
  1.8572710e+002  3.4126759e+002
  1.8561231e+002  3.4227417e+002
  1.8554933e+002  3.4326281e+002
  1.8550357e+002  3.4423341e+002
  1.8551023e+002  3.4519461e+002
  1.8551932e+002  3.4649615e+002
  1.8553807e+002  3.4743326e+002
  1.8549075e+002  3.4839866e+002
  1.8505588e+002  3.4839479e+002
  1.8499500e+002  3.4939413e+002
  1.8493706e+002  3.5040188e+002
  1.8489250e+002  3.5138811e+002
  1.8489888e+002  3.5229554e+002
  1.8488692e+002  3.5319030e+002
  1.8481686e+002  3.5411350e+002
  1.8474918e+002  3.5507065e+002
  1.8466852e+002  3.5608628e+002
  1.8477671e+002  3.5743160e+002
  1.8488005e+002  3.5842431e+002
  1.8498614e+002  3.5940408e+002
  1.8505466e+002  3.6037311e+002
  1.8510613e+002  3.6133986e+002
  1.8514950e+002  3.6233278e+002
  1.8517313e+002  3.6334028e+002
  1.8514630e+002  3.6445143e+002
  1.8509572e+002  3.6537228e+002
  1.8501297e+002  3.6632193e+002
  1.8495441e+002  3.6728261e+002
  1.8502846e+002  3.6854485e+002
  1.8513935e+002  3.6955208e+002
  1.8524880e+002  3.7055092e+002
  1.8536049e+002  3.7154093e+002
  1.8545562e+002  3.7253265e+002
  1.8558271e+002  3.7346675e+002
  1.8609738e+002  3.7354194e+002
  1.8627968e+002  3.7443265e+002
  1.8643329e+002  3.7533407e+002
  1.8656137e+002  3.7627082e+002
  1.8712235e+002  3.7636826e+002
  1.8717469e+002  3.7734061e+002
  1.8720994e+002  3.7836601e+002
  1.8729297e+002  3.7939625e+002
  1.8737581e+002  3.8042376e+002
  1.8744708e+002  3.8142199e+002
  1.8753172e+002  3.8241535e+002
  1.8808081e+002  3.8253044e+002
  1.8814903e+002  3.8352977e+002
  1.8820501e+002  3.8454322e+002
  1.8826779e+002  3.8554675e+002
  1.8834860e+002  3.8652174e+002
  1.8843841e+002  3.8745833e+002
  1.8852149e+002  3.8840692e+002
  1.8908045e+002  3.8851280e+002
  1.8918424e+002  3.8947777e+002
  1.8929587e+002  3.9045610e+002
  1.8941857e+002  3.9143325e+002
  1.8959567e+002  3.9238887e+002
  1.9022600e+002  3.9254762e+002
  1.9043891e+002  3.9348184e+002
  1.9062327e+002  3.9438902e+002
  1.9120502e+002  3.9452939e+002
  1.9135311e+002  3.9542812e+002
  1.9145104e+002  3.9633613e+002
  1.9151630e+002  3.9727559e+002
  1.9205059e+002  3.9742194e+002
  1.9215829e+002  3.9838799e+002
  1.9229429e+002  3.9937702e+002
  1.9247010e+002  4.0036844e+002
  1.9266878e+002  4.0133788e+002
  1.9328587e+002  4.0155289e+002
  1.9347488e+002  4.0250376e+002
  1.9361312e+002  4.0342810e+002
  1.9423411e+002  4.0362208e+002
  1.9433497e+002  4.0454483e+002
  1.9444018e+002  4.0548122e+002
  1.9452079e+002  4.0645014e+002
  1.9514829e+002  4.0661971e+002
  1.9526200e+002  4.0757274e+002
  1.9537541e+002  4.0851585e+002
  1.9552782e+002  4.0943569e+002
  1.9617599e+002  4.0961864e+002
  1.9637582e+002  4.1051777e+002
  1.9659407e+002  4.1141652e+002
  1.9722533e+002  4.1162004e+002
  1.9741850e+002  4.1253793e+002
  1.9760897e+002  4.1346354e+002
  1.9817702e+002  4.1369024e+002
  1.9837851e+002  4.1458495e+002
  1.9858977e+002  4.1547279e+002
  1.9915938e+002  4.1565257e+002
  1.9939951e+002  4.1651215e+002
  1.9961931e+002  4.1739173e+002
  2.0016427e+002  4.1760363e+002
  2.0034011e+002  4.1851557e+002
  2.0047514e+002  4.1942487e+002
  2.0112430e+002  4.2056615e+002
  2.0126386e+002  4.2143421e+002
  2.0195925e+002  4.2260217e+002
  2.0211586e+002  4.2348666e+002
