  2.1751651e+002  4.5380690e+002
  2.1849226e+002  4.5484631e+002
  2.1873894e+002  4.5553008e+002
  2.1986409e+002  4.5645166e+002
  2.2069050e+002  4.5674148e+002
  2.2163272e+002  4.5773668e+002
  2.2245514e+002  4.5881476e+002
  2.2259165e+002  4.5964831e+002
  2.2350189e+002  4.6075924e+002
  2.2451551e+002  4.6179480e+002
  2.2555711e+002  4.6272298e+002
  2.2662170e+002  4.6363663e+002
  2.2790938e+002  4.6488922e+002
  2.2887071e+002  4.6579792e+002
  2.2981425e+002  4.6669434e+002
  2.3078614e+002  4.6758167e+002
  2.3179019e+002  4.6846650e+002
  2.3262373e+002  4.6867130e+002
  2.3367013e+002  4.6960934e+002
  2.3486708e+002  4.7080178e+002
  2.3582594e+002  4.7178558e+002
  2.3678759e+002  4.7272071e+002
  2.3769614e+002  4.7367185e+002
  2.3851139e+002  4.7467925e+002
  2.3933361e+002  4.7570096e+002
  2.3946122e+002  4.7650225e+002
  2.3962932e+002  4.7730177e+002
  2.4038521e+002  4.7746185e+002
  2.4137395e+002  4.7837826e+002
  2.4248729e+002  4.7926144e+002
  2.4407942e+002  4.8066960e+002
  2.4508407e+002  4.8133374e+002
  2.4592173e+002  4.8133543e+002
  2.4677625e+002  4.8133915e+002
  2.4764284e+002  4.8139364e+002
  2.4853114e+002  4.8151559e+002
  2.4961492e+002  4.8244018e+002
  2.5047265e+002  4.8268003e+002
  2.5072022e+002  4.8343849e+002
  2.5154743e+002  4.8373763e+002
  2.5273746e+002  4.8500585e+002
  2.5370583e+002  4.8588907e+002
  2.5486483e+002  4.8666127e+002
  2.5603520e+002  4.8744200e+002
  2.5678762e+002  4.8756661e+002
  2.5780267e+002  4.8843829e+002
  2.5860771e+002  4.8864048e+002
  2.5963456e+002  4.8963230e+002
  2.6062085e+002  4.9079994e+002
  2.6143068e+002  4.9179396e+002
  2.6151981e+002  4.9254783e+002
  2.6243465e+002  4.9333838e+002
  2.6358837e+002  4.9390867e+002
  2.6480342e+002  4.9428973e+002
  2.6571126e+002  4.9441453e+002
  2.6660374e+002  4.9450848e+002
  2.6771521e+002  4.9529021e+002
  2.6866250e+002  4.9540474e+002
  2.6960660e+002  4.9559175e+002
  2.7065379e+002  4.9652073e+002
  2.7170943e+002  4.9737496e+002
  2.7262265e+002  4.9748173e+002
  2.7353422e+002  4.9758906e+002
  2.7456761e+002  4.9847080e+002
  2.7544160e+002  4.9863956e+002
  2.7557862e+002  4.9942000e+002
  2.7646774e+002  4.9955729e+002
  2.7664670e+002  5.0037047e+002
  2.7768316e+002  5.0077930e+002
  2.7836847e+002  5.0178313e+002
  2.7834528e+002  5.0263184e+002
  2.7838697e+002  5.0352446e+002
  2.7854734e+002  5.0441576e+002
  2.7926261e+002  5.0448598e+002
  2.8075591e+002  5.0575157e+002
  2.8170931e+002  5.0664518e+002
  2.8261548e+002  5.0746078e+002
  2.8355523e+002  5.0748130e+002
  2.8454629e+002  5.0747449e+002
  2.8555512e+002  5.0743448e+002
  2.8658083e+002  5.0742621e+002
  2.8760094e+002  5.0743519e+002
  2.8861298e+002  5.0746005e+002
  2.8960605e+002  5.0750273e+002
  2.9073180e+002  5.0835838e+002
  2.9170099e+002  5.0854625e+002
  2.9269990e+002  5.0948314e+002
  2.9374476e+002  5.0934093e+002
  2.9469951e+002  5.0947643e+002
  2.9564721e+002  5.0956423e+002
  2.9675810e+002  5.1032819e+002
  2.9762630e+002  5.1042495e+002
  2.9846255e+002  5.1054881e+002
  2.9858283e+002  5.1129068e+002
  2.9946210e+002  5.1139564e+002
  3.0053080e+002  5.1220967e+002
  3.0150771e+002  5.1230548e+002
  3.0248016e+002  5.1245573e+002
  3.0341009e+002  5.1264152e+002
  3.0351172e+002  5.1331893e+002
  3.0445122e+002  5.1348815e+002
  3.0552367e+002  5.1429206e+002
  3.0649360e+002  5.1438670e+002
  3.0757101e+002  5.1511606e+002
  3.0853109e+002  5.1511626e+002
  3.0946879e+002  5.1509382e+002
  3.1042370e+002  5.1511378e+002
  3.1141502e+002  5.1521685e+002
  3.1242278e+002  5.1539630e+002
  3.1341860e+002  5.1563716e+002
  3.1351806e+002  5.1636103e+002
  3.1444054e+002  5.1658481e+002
  3.1449072e+002  5.1731432e+002
  3.1542203e+002  5.1749201e+002
  3.1628195e+002  5.1769941e+002
  3.1632656e+002  5.1847812e+002
  3.1717768e+002  5.1864148e+002
  3.1719383e+002  5.1941330e+002
  3.1807809e+002  5.2027832e+002
  3.1903907e+002  5.2115439e+002
  3.2005829e+002  5.2203334e+002
  3.2119272e+002  5.2276519e+002
  3.2236993e+002  5.2331671e+002
  3.2439666e+002  5.2330762e+002
  3.2463499e+002  5.2270559e+002
  3.2546862e+002  5.2263493e+002
  3.2640210e+002  5.2325322e+002
  3.2728591e+002  5.2377621e+002
  3.2910203e+002  5.2424154e+002
  3.2977705e+002  5.2331419e+002
  3.3073822e+002  5.2260389e+002
  3.3165725e+002  5.2270198e+002
  3.3255806e+002  5.2286276e+002
  3.3348463e+002  5.2307728e+002
  3.3442265e+002  5.2331389e+002
  3.3539182e+002  5.2355503e+002
  3.3534563e+002  5.2431450e+002
  3.3636901e+002  5.2444151e+002
  3.3799618e+002  5.2446963e+002
  3.3878411e+002  5.2435559e+002
  3.3956803e+002  5.2426656e+002
  3.4043381e+002  5.2417659e+002
  3.4136227e+002  5.2411683e+002
  3.4232428e+002  5.2401453e+002
  3.4336291e+002  5.2397615e+002
  3.4441026e+002  5.2400867e+002
  3.4545653e+002  5.2407736e+002
  3.4621382e+002  5.2405890e+002
  3.4719949e+002  5.2400560e+002
  3.4817909e+002  5.2400915e+002
  3.4942427e+002  5.2401332e+002
  3.5041971e+002  5.2399912e+002
  3.5143968e+002  5.2398110e+002
  3.5245508e+002  5.2399954e+002
  3.5343932e+002  5.2404603e+002
  3.5435806e+002  5.2414997e+002
  3.5525563e+002  5.2424886e+002
  3.5667355e+002  5.2431809e+002
  3.5757460e+002  5.2427571e+002
  3.5847483e+002  5.2419178e+002
  3.5937622e+002  5.2410154e+002
  3.6026119e+002  5.2401801e+002
  3.6115643e+002  5.2400054e+002
  3.6206061e+002  5.2400457e+002
  3.6298446e+002  5.2397931e+002
  3.6395387e+002  5.2393440e+002
  3.6499020e+002  5.2386226e+002
  3.6606337e+002  5.2382209e+002
  3.6712345e+002  5.2383261e+002
  3.6822335e+002  5.2387876e+002
  3.6925990e+002  5.2394110e+002
  3.7031618e+002  5.2391451e+002
  3.7135000e+002  5.2384562e+002
  3.7236006e+002  5.2378442e+002
  3.7336769e+002  5.2378324e+002
  3.7440163e+002  5.2380228e+002
  3.7541732e+002  5.2379437e+002
  3.7639349e+002  5.2376519e+002
  3.7731604e+002  5.2368046e+002
  3.7825230e+002  5.2359946e+002
  3.7922428e+002  5.2351230e+002
  3.8022440e+002  5.2345674e+002
  3.8037422e+002  5.2282614e+002
  3.8139098e+002  5.2273772e+002
  3.8234444e+002  5.2264841e+002
  3.8326751e+002  5.2253455e+002
  3.8411464e+002  5.2240232e+002
  3.8425302e+002  5.2176402e+002
  3.8510231e+002  5.2162267e+002
  3.8594260e+002  5.2147132e+002
  3.8613556e+002  5.2086816e+002
  3.8700254e+002  5.2074689e+002
  3.8787394e+002  5.2063036e+002
  3.8880436e+002  5.2053094e+002
  3.8975060e+002  5.2043271e+002
  3.8994987e+002  5.1983619e+002
  3.9088825e+002  5.1974872e+002
  3.9180309e+002  5.1970686e+002
  3.9268884e+002  5.1964220e+002
  3.9356039e+002  5.1953221e+002
  3.9445007e+002  5.1934069e+002
  3.9531795e+002  5.1911842e+002
  3.9614306e+002  5.1901698e+002
  3.9699088e+002  5.1900623e+002
  3.9814812e+002  5.1872874e+002
  3.9870544e+002  5.1878357e+002
  3.9957778e+002  5.1807419e+002
  4.0046094e+002  5.1752893e+002
  4.0095725e+002  5.1664806e+002
  4.0793028e+002  5.2506752e+002
  4.0816558e+002  5.2504207e+002
  4.0944590e+002  5.2541468e+002
  4.0995294e+002  5.2650858e+002
  4.0990844e+002  5.2733609e+002
  4.1083808e+002  5.2789610e+002
  4.1171002e+002  5.2845165e+002
  4.1357076e+002  5.2848539e+002
  4.1441574e+002  5.2805095e+002
  4.1536467e+002  5.2881275e+002
  4.1575543e+002  5.2989977e+002
  4.1645678e+002  5.3005737e+002
  4.1645235e+002  5.3177604e+002
  4.1926376e+002  5.3512400e+002
  4.2137363e+002  5.3626963e+002
  4.2250866e+002  5.3515360e+002
  4.2359410e+002  5.3424600e+002
  4.2427557e+002  5.3335085e+002
  4.2452075e+002  5.3262347e+002
  4.2472959e+002  5.3231756e+002
  4.2499609e+002  5.3153872e+002
  4.2496441e+002  5.3157225e+002
  4.2451715e+002  5.3173604e+002
  4.2829152e+002  5.3266046e+002
  4.2863209e+002  5.3353101e+002
  4.3085673e+002  5.3397620e+002
  4.3177997e+002  5.3305561e+002
  4.3213762e+002  5.3255787e+002
  4.3245954e+002  5.3262297e+002
  4.3340643e+002  5.3351113e+002
  4.3434240e+002  5.3363409e+002
  4.3531031e+002  5.3376413e+002
  4.3613202e+002  5.3409495e+002
  4.3863492e+002  5.3420844e+002
  4.3961711e+002  5.3516965e+002
  4.3808557e+002  5.3640047e+002
  4.3771976e+002  5.3846971e+002
  4.3683420e+002  5.3837673e+002
  4.3590170e+002  5.3808613e+002
  4.3819242e+002  5.4098141e+002
  4.3773186e+002  5.3654628e+002
  4.4197107e+002  5.3874148e+002
  4.4316713e+002  5.3772451e+002
  4.4344647e+002  5.3732031e+002
  4.4262329e+002  5.3800762e+002
  4.4365187e+002  5.3659093e+002
  4.4406055e+002  5.3743957e+002
  4.4442207e+002  5.3762360e+002
  4.4663308e+002  5.3813743e+002
  4.4770985e+002  5.3770189e+002
  4.4848014e+002  5.3740052e+002
  4.4927777e+002  5.3642808e+002
  4.4940007e+002  5.3667923e+002
  4.5090035e+002  5.3723799e+002
  4.5363345e+002  5.3579269e+002
  4.5487066e+002  5.3503787e+002
  4.5650194e+002  5.3348851e+002
  4.5738973e+002  5.3205142e+002
  4.5752418e+002  5.3088532e+002
  4.5744301e+002  5.2933569e+002
  4.5695331e+002  5.2741681e+002
  4.5708243e+002  5.2573518e+002
  4.5695128e+002  5.2491952e+002
  4.5675412e+002  5.2404203e+002
  4.5636654e+002  5.2311931e+002
  4.5522893e+002  5.2207259e+002
  4.5401547e+002  5.2127007e+002
  4.5328099e+002  5.2028875e+002
  4.5269774e+002  5.1892458e+002
  4.5256867e+002  5.1809157e+002
  4.5234935e+002  5.1732701e+002
  4.5134043e+002  5.1601067e+002
  4.5024536e+002  5.1485860e+002
  4.4923010e+002  5.1395729e+002
  4.4853619e+002  5.1307504e+002
  4.4838636e+002  5.1211171e+002
  4.4788777e+002  5.1088006e+002
  4.4772469e+002  5.0992282e+002
  4.4761580e+002  5.0889467e+002
  4.4765741e+002  5.0783526e+002
  4.4781945e+002  5.0729135e+002
  4.4794974e+002  5.0596457e+002
  4.4802064e+002  5.0520183e+002
  4.4780955e+002  5.0452597e+002
  4.4761231e+002  5.0367280e+002
  4.4768264e+002  5.0272919e+002
  4.4742248e+002  5.0179051e+002
  4.4662815e+002  5.0155761e+002
  4.4655803e+002  5.0038445e+002
  4.4643709e+002  4.9928890e+002
  4.4649897e+002  4.9865364e+002
  4.4588204e+002  4.9697371e+002
  4.4613295e+002  4.9614190e+002
  4.4651505e+002  4.9498666e+002
  4.4801369e+002  4.9088184e+002
  4.4734265e+002  4.9219079e+002
  4.4677554e+002  4.9205163e+002
  4.4610694e+002  4.9181920e+002
  4.4614310e+002  4.9065690e+002
  4.4669233e+002  4.8718741e+002
  4.4481609e+002  4.8555669e+002
  4.4417914e+002  4.8489974e+002
  4.4353786e+002  4.8402264e+002
  4.4348638e+002  4.8303726e+002
  4.4291957e+002  4.8226574e+002
  4.4306118e+002  4.8128625e+002
  4.4323632e+002  4.8030715e+002
  4.4343491e+002  4.7937350e+002
  4.4356637e+002  4.7850088e+002
  4.4416983e+002  4.7841529e+002
  4.4423107e+002  4.7754645e+002
  4.4427837e+002  4.7662379e+002
  4.4432618e+002  4.7564507e+002
  4.4443752e+002  4.7456007e+002
  4.4443140e+002  4.7309228e+002
  4.4443790e+002  4.7212986e+002
  4.4457796e+002  4.7124381e+002
  4.4576687e+002  4.6985341e+002
  4.4676010e+002  4.6932032e+002
  4.4755007e+002  4.6869757e+002
  4.4830140e+002  4.6865576e+002
  4.4832929e+002  4.6778262e+002
  4.4910134e+002  4.6657386e+002
  4.4975235e+002  4.6501172e+002
  4.4977923e+002  4.6398856e+002
  4.4981635e+002  4.6302317e+002
  4.4974214e+002  4.6165666e+002
  4.4957628e+002  4.6056452e+002
  4.4949129e+002  4.5956554e+002
  4.4895741e+002  4.5871792e+002
  4.4916626e+002  4.5785383e+002
  4.4931340e+002  4.5705428e+002
  4.4916053e+002  4.5638194e+002
  4.4912178e+002  4.5569806e+002
  4.4920705e+002  4.5508169e+002
  4.5059394e+002  4.5339323e+002
  4.5168054e+002  4.5241649e+002
  4.5229403e+002  4.5137300e+002
  4.5219098e+002  4.5034412e+002
  4.5194127e+002  4.4873838e+002
  4.5167391e+002  4.4787577e+002
  4.5148425e+002  4.4699045e+002
  4.5076947e+002  4.4610766e+002
  4.5085812e+002  4.4520057e+002
  4.5110328e+002  4.4429901e+002
  4.5133910e+002  4.4275292e+002
  4.5148353e+002  4.4189405e+002
  4.5161920e+002  4.4101213e+002
  4.5245053e+002  4.4001034e+002
  4.5256751e+002  4.3909965e+002
  4.5340780e+002  4.3818860e+002
  4.5346490e+002  4.3725934e+002
  4.5345636e+002  4.3634666e+002
  4.5339670e+002  4.3543237e+002
  4.5332636e+002  4.3453995e+002
  4.5324770e+002  4.3315637e+002
  4.5309047e+002  4.3225751e+002
  4.5292481e+002  4.3133220e+002
  4.5278795e+002  4.3033536e+002
  4.5269760e+002  4.2933242e+002
  4.5266515e+002  4.2836248e+002
  4.5274488e+002  4.2745012e+002
  4.5272956e+002  4.2659937e+002
  4.5253336e+002  4.2571988e+002
  4.5219124e+002  4.2474187e+002
  4.5173641e+002  4.2465798e+002
  4.5154485e+002  4.2357051e+002
  4.5132482e+002  4.2242370e+002
  4.5090424e+002  4.2056707e+002
  4.5097018e+002  4.1964802e+002
  4.5114082e+002  4.1873703e+002
  4.5127466e+002  4.1784658e+002
  4.5137618e+002  4.1694478e+002
  4.5147433e+002  4.1603103e+002
  4.5157389e+002  4.1509777e+002
  4.5214400e+002  4.1414691e+002
  4.5220012e+002  4.1319845e+002
  4.5207846e+002  4.1167839e+002
  4.5190754e+002  4.1080983e+002
  4.5177827e+002  4.0991152e+002
  4.5171735e+002  4.0901232e+002
  4.5164200e+002  4.0807940e+002
  4.5152843e+002  4.0714756e+002
  4.5134708e+002  4.0616377e+002
  4.5059356e+002  4.0507658e+002
  4.5042732e+002  4.0408607e+002
  4.4977284e+002  4.0317603e+002
  4.4976725e+002  4.0219772e+002
  4.4985401e+002  4.0119551e+002
  4.4990929e+002  4.0017437e+002
  4.5006224e+002  3.9911089e+002
  4.5021969e+002  3.9761726e+002
  4.5032573e+002  3.9685027e+002
  4.5037916e+002  3.9604654e+002
  4.5028972e+002  3.9520171e+002
  4.5017361e+002  3.9430873e+002
  4.4998146e+002  3.9286002e+002
  4.4970390e+002  3.9197679e+002
  4.4943939e+002  3.9108686e+002
  4.4851855e+002  3.9013937e+002
  4.4837661e+002  3.8924624e+002
  4.4761289e+002  3.8830814e+002
  4.4752142e+002  3.8737654e+002
  4.4744706e+002  3.8644521e+002
  4.4662128e+002  3.8541034e+002
  4.4655133e+002  3.8443013e+002
  4.4658073e+002  3.8339584e+002
  4.4669605e+002  3.8229605e+002
  4.4676229e+002  3.8115586e+002
  4.4680115e+002  3.8024172e+002
  4.4677643e+002  3.7901592e+002
  4.4662166e+002  3.7804646e+002
  4.4644489e+002  3.7712243e+002
  4.4550811e+002  3.7619689e+002
  4.4519755e+002  3.7531072e+002
  4.4420412e+002  3.7434136e+002
  4.4332124e+002  3.7327436e+002
  4.4245373e+002  3.7218522e+002
  4.4145653e+002  3.7109329e+002
  4.4049524e+002  3.7007213e+002
  4.3972157e+002  3.6903884e+002
  4.3964021e+002  3.6811549e+002
  4.3947891e+002  3.6718028e+002
  4.3863121e+002  3.6605100e+002
  4.3852404e+002  3.6509123e+002
  4.3844636e+002  3.6410941e+002
  4.3768768e+002  3.6310447e+002
  4.3758425e+002  3.6221157e+002
  4.3746705e+002  3.6133104e+002
  4.3687522e+002  3.6024568e+002
  4.3678378e+002  3.5920320e+002
  4.3667497e+002  3.5811426e+002
  4.3659465e+002  3.5702284e+002
  4.3651822e+002  3.5598725e+002
  4.3643717e+002  3.5504557e+002
  4.3546453e+002  3.5419022e+002
  4.3434010e+002  3.5368694e+002
  4.3344661e+002  3.5379548e+002
  4.3257670e+002  3.5363932e+002
  4.3191175e+002  3.5243267e+002
  4.3196646e+002  3.5159550e+002
  4.3147441e+002  3.5007698e+002
  4.3151322e+002  3.4861396e+002
  4.3216470e+002  3.4783223e+002
  4.3230831e+002  3.4697611e+002
  4.3240759e+002  3.4614422e+002
  4.3242143e+002  3.4528193e+002
  4.3227603e+002  3.4379489e+002
  4.3203624e+002  3.4290621e+002
  4.3171397e+002  3.4204009e+002
  4.3143362e+002  3.4120366e+002
  4.3037693e+002  3.4043020e+002
  4.2956935e+002  3.3950309e+002
  4.2966299e+002  3.3846783e+002
  4.2968885e+002  3.3742773e+002
  4.2961702e+002  3.3633442e+002
  4.2947642e+002  3.3534483e+002
  4.2846478e+002  3.3429582e+002
  4.2752519e+002  3.3330504e+002
  4.2737721e+002  3.3239092e+002
  4.2647741e+002  3.3125818e+002
  4.2546820e+002  3.3006503e+002
  4.2437241e+002  3.2889723e+002
  4.2330111e+002  3.2784726e+002
  4.2242232e+002  3.2679435e+002
  4.2177785e+002  3.2568696e+002
  4.2169932e+002  3.2481103e+002
  4.2161775e+002  3.2394048e+002
  4.2150378e+002  3.2312232e+002
  4.2128307e+002  3.2232835e+002
  4.2045151e+002  3.2124297e+002
  4.1969473e+002  3.2009223e+002
  4.1951654e+002  3.1921156e+002
  4.1930500e+002  3.1830704e+002
  4.1841852e+002  3.1726021e+002
  4.1762705e+002  3.1620116e+002
  4.1755535e+002  3.1526293e+002
  4.1755461e+002  3.1430387e+002
  4.1755283e+002  3.1339878e+002
  4.1749606e+002  3.1247536e+002
  4.1679433e+002  3.1123232e+002
  4.1656281e+002  3.1030266e+002
  4.1611765e+002  3.0921457e+002
  4.1529286e+002  3.0819898e+002
  4.1438497e+002  3.0716894e+002
  4.1356298e+002  3.0626884e+002
  4.1340292e+002  3.0565496e+002
  4.1270098e+002  3.0544078e+002
  4.1214897e+002  3.0445762e+002
  4.1125867e+002  3.0352879e+002
  4.1055625e+002  3.0324644e+002
  4.1041722e+002  3.0245353e+002
  4.0971559e+002  3.0126621e+002
  4.0981848e+002  3.0040054e+002
  4.0985882e+002  2.9957001e+002
  4.0890241e+002  2.9822508e+002
  4.0860675e+002  2.9739928e+002
  4.0799283e+002  2.9630659e+002
  4.0715753e+002  2.9535575e+002
  4.0604716e+002  2.9439148e+002
  4.0490387e+002  2.9329917e+002
  4.0420649e+002  2.9230692e+002
  4.0340905e+002  2.9125986e+002
  4.0248099e+002  2.9018336e+002
  4.0145237e+002  2.8919147e+002
  4.0026374e+002  2.8825208e+002
  3.9914141e+002  2.8708357e+002
  3.9824569e+002  2.8601010e+002
  3.9747220e+002  2.8486956e+002
  3.9664995e+002  2.8377199e+002
  3.9631096e+002  2.8303793e+002
  3.9545068e+002  2.8202367e+002
  3.9466602e+002  2.8101032e+002
  3.9448204e+002  2.8021904e+002
  3.9381866e+002  2.7920294e+002
  3.9378902e+002  2.7837845e+002
  3.9376788e+002  2.7754507e+002
  3.9313207e+002  2.7671339e+002
  3.9233945e+002  2.7640372e+002
  3.8991603e+002  2.7477348e+002
  3.8949540e+002  2.7468443e+002
  3.8886904e+002  2.7465193e+002
  3.8687239e+002  2.7399762e+002
  3.8608972e+002  2.7365362e+002
  3.8536971e+002  2.7330167e+002
  3.8446241e+002  2.7223220e+002
  3.8319877e+002  2.7077577e+002
  3.8240464e+002  2.6989341e+002
  3.8163356e+002  2.6899718e+002
  3.8158337e+002  2.6827229e+002
  3.8159112e+002  2.6754524e+002
  3.8089821e+002  2.6671087e+002
  3.7998479e+002  2.6599195e+002
  3.7778634e+002  2.6434506e+002
  3.7674459e+002  2.6347545e+002
  3.7583005e+002  2.6271386e+002
  3.7511929e+002  2.6249615e+002
  3.7403082e+002  2.6161769e+002
  3.7322462e+002  2.6126829e+002
  3.7213579e+002  2.6028545e+002
  3.7118493e+002  2.5936245e+002
  3.7022027e+002  2.5848661e+002
  3.6911693e+002  2.5761351e+002
  3.6823142e+002  2.5724132e+002
  3.6710988e+002  2.5623177e+002
  3.6610263e+002  2.5532137e+002
  3.6508762e+002  2.5459559e+002
  3.6434135e+002  2.5439743e+002
  3.6334340e+002  2.5358907e+002
  3.6260793e+002  2.5325241e+002
  3.6235759e+002  2.5254673e+002
  3.6161815e+002  2.5212744e+002
  3.6140233e+002  2.5139496e+002
  3.6039590e+002  2.5032612e+002
  3.5925183e+002  2.4928474e+002
  3.5817299e+002  2.4866113e+002
  3.5731502e+002  2.4851847e+002
  3.5646547e+002  2.4842734e+002
  3.5527718e+002  2.4786399e+002
  3.5451103e+002  2.4762409e+002
  3.5351476e+002  2.4669040e+002
  3.5221723e+002  2.4500658e+002
  3.5161562e+002  2.4403652e+002
  3.5178911e+002  2.4326591e+002
  3.5214207e+002  2.4242304e+002
  3.5269900e+002  2.4148776e+002
  3.5321400e+002  2.4036666e+002
  3.5314685e+002  2.3939889e+002
  3.5299073e+002  2.3833212e+002
  3.5256136e+002  2.3710613e+002
  3.5274877e+002  2.3649341e+002
  3.5184364e+002  2.3485518e+002
  3.5125262e+002  2.3374820e+002
  3.5098969e+002  2.3274464e+002
  3.5142669e+002  2.3173050e+002
  3.5216255e+002  2.3077889e+002
  3.5282364e+002  2.3040917e+002
  3.5257359e+002  2.3014960e+002
  3.5166971e+002  2.2816010e+002
  3.5146379e+002  2.2655787e+002
  3.5061085e+002  2.2614487e+002
  3.5129631e+002  2.2577110e+002
  3.5123748e+002  2.2528347e+002
  3.5136328e+002  2.2516137e+002
  3.5410280e+002  2.2272166e+002
  3.5452110e+002  2.2240920e+002
  3.5431678e+002  2.2049271e+002
  3.5369050e+002  2.1887520e+002
  3.5341574e+002  2.1812320e+002
  3.5284444e+002  2.1699340e+002
  3.5271027e+002  2.1605559e+002
  3.5282977e+002  2.1498358e+002
  3.5340120e+002  2.1377115e+002
  3.5412264e+002  2.1167914e+002
  3.5444970e+002  2.1068614e+002
  3.5427101e+002  2.0976675e+002
  3.5403344e+002  2.0867304e+002
  3.5381707e+002  2.0759286e+002
  3.5373942e+002  2.0666856e+002
  3.5378681e+002  2.0575677e+002
  3.5391569e+002  2.0487568e+002
  3.5414324e+002  2.0403291e+002
  3.5437051e+002  2.0310433e+002
  3.5461376e+002  2.0203364e+002
  3.5540201e+002  2.0111292e+002
  3.5553098e+002  2.0005256e+002
  3.5607314e+002  1.9956784e+002
  3.5579872e+002  1.9815432e+002
  3.5557632e+002  1.9753446e+002
  3.5544825e+002  1.9677565e+002
  3.5497000e+002  1.9658107e+002
  3.5490504e+002  1.9563537e+002
  3.5490933e+002  1.9460194e+002
  3.5486796e+002  1.9285950e+002
  3.5498786e+002  1.9186953e+002
  3.5518732e+002  1.9100488e+002
  3.5552871e+002  1.9021488e+002
  3.5689136e+002  1.8960493e+002
  3.5773103e+002  1.9007288e+002
  3.5932756e+002  1.8984336e+002
  3.5976671e+002  1.9017426e+002
  3.6035913e+002  1.9053732e+002
  3.6043130e+002  1.9113611e+002
  3.6116140e+002  1.9133135e+002
  3.6156576e+002  1.9239599e+002
  3.6165235e+002  1.8683409e+002
  3.6245627e+002  1.8642009e+002
  3.6256835e+002  1.8691171e+002
  3.6165638e+002  1.8458909e+002
  3.6126275e+002  1.8191818e+002
  3.6094048e+002  1.8122995e+002
  3.6106307e+002  1.8009035e+002
  3.6125634e+002  1.7960521e+002
  3.6133747e+002  1.7909390e+002
  3.6134515e+002  1.7850342e+002
  3.6168882e+002  1.7744828e+002
  3.6197862e+002  1.7730297e+002
  3.6237783e+002  1.7652772e+002
  3.6262240e+002  1.7567378e+002
  3.6282607e+002  1.7486813e+002
  3.6297238e+002  1.7272670e+002
  3.6336797e+002  1.7297043e+002
  3.6338370e+002  1.7212265e+002
  3.6375824e+002  1.7182569e+002
  3.6384986e+002  1.7088421e+002
  3.6382598e+002  1.7032710e+002
  3.6364259e+002  1.7037443e+002
  3.6152149e+002  1.6832835e+002
  3.6051028e+002  1.6809717e+002
  3.6322904e+002  1.6310116e+002
  3.6337005e+002  1.6191262e+002
  3.6335110e+002  1.6178071e+002
  3.6334244e+002  1.6140607e+002
  3.6335516e+002  1.6105359e+002
  3.6398937e+002  1.6102938e+002
  3.6581957e+002  1.5961184e+002
  3.6573863e+002  1.5982619e+002
  3.6439477e+002  1.5361586e+002
  3.6519150e+002  1.5390132e+002
  3.6574768e+002  1.5423754e+002
  3.6631289e+002  1.5452221e+002
  3.6634778e+002  1.5528231e+002
  3.6644090e+002  1.5604633e+002
  3.6652185e+002  1.5671851e+002
  3.6696347e+002  1.5698496e+002
  3.6863106e+002  1.5742228e+002
  3.6964671e+002  1.5794867e+002
  3.7085810e+002  1.5790306e+002
  3.7195792e+002  1.5759575e+002
  3.7208293e+002  1.5824643e+002
  3.7275677e+002  1.5830993e+002
  3.7516404e+002  1.5809450e+002
  3.7529772e+002  1.5811723e+002
  3.7634228e+002  1.5857507e+002
  3.7642627e+002  1.5917721e+002
  3.7739602e+002  1.5969315e+002
  3.7790374e+002  1.6071086e+002
  3.7851474e+002  1.6158772e+002
  3.7915202e+002  1.6226751e+002
  3.8076095e+002  1.6232343e+002
  3.7992943e+002  1.6203606e+002
  3.8161352e+002  1.6275750e+002
  3.8063102e+002  1.6320654e+002
  3.8621003e+002  1.6861272e+002
  3.8555480e+002  1.6952175e+002
  3.8563104e+002  1.7047080e+002
  3.8642584e+002  1.7328994e+002
  3.8612816e+002  1.7461551e+002
  3.8509566e+002  1.7794273e+002
  3.8411798e+002  1.7948762e+002
  3.8408260e+002  1.7973371e+002
  3.8489859e+002  1.8119422e+002
  3.8543191e+002  1.8233733e+002
  3.8536488e+002  1.8324379e+002
  3.8533392e+002  1.8411326e+002
  3.8530802e+002  1.8510493e+002
  3.8529341e+002  1.8614269e+002
  3.8522710e+002  1.8725738e+002
  3.8508813e+002  1.8853394e+002
  3.8509477e+002  1.9164957e+002
  3.8512185e+002  1.9180045e+002
  3.8546700e+002  1.9263318e+002
  3.8551923e+002  1.9358445e+002
  3.8711959e+002  1.9490932e+002
  3.8698578e+002  1.9603933e+002
  3.8700884e+002  1.9702859e+002
  3.8699702e+002  1.9803131e+002
  3.8694915e+002  1.9909917e+002
  3.8678671e+002  2.0019945e+002
  3.8662603e+002  2.0117469e+002
  3.8646373e+002  2.0210881e+002
  3.8587529e+002  2.0334583e+002
  3.8597970e+002  2.0420220e+002
  3.8607663e+002  2.0514954e+002
  3.8605212e+002  2.0616638e+002
  3.8582861e+002  2.0718839e+002
  3.8556744e+002  2.0816144e+002
  3.8530549e+002  2.0903043e+002
  3.8452718e+002  2.0976225e+002
  3.8453874e+002  2.1036714e+002
  3.8409459e+002  2.1140068e+002
  3.8366631e+002  2.1155824e+002
  3.8350911e+002  2.1256534e+002
  3.8331436e+002  2.1360547e+002
  3.8262681e+002  2.1458024e+002
  3.8258432e+002  2.1520846e+002
  3.8263206e+002  2.1579103e+002
  3.8279395e+002  2.1668051e+002
  3.8278700e+002  2.1761067e+002
  3.8268330e+002  2.1898000e+002
  3.8235124e+002  2.2041916e+002
  3.8167248e+002  2.1986903e+002
  3.8209110e+002  2.2320772e+002
  3.8230582e+002  2.2383730e+002
  3.8263027e+002  2.2440286e+002
  3.8338644e+002  2.2424881e+002
  3.8441035e+002  2.2588348e+002
  3.8598558e+002  2.2699313e+002
  3.8641104e+002  2.2725209e+002
  3.8570694e+002  2.3034025e+002
  3.8562330e+002  2.3118961e+002
  3.8560087e+002  2.3201701e+002
  3.8568543e+002  2.3297545e+002
  3.8587875e+002  2.3386855e+002
  3.8590696e+002  2.3521996e+002
  3.8590397e+002  2.3600318e+002
  3.8587021e+002  2.3675833e+002
  3.8585519e+002  2.3758698e+002
  3.8507971e+002  2.3895736e+002
  3.8470058e+002  2.4030081e+002
  3.8468920e+002  2.4086152e+002
  3.8555917e+002  2.4140896e+002
  3.8641862e+002  2.4166809e+002
  3.8641326e+002  2.4222638e+002
  3.8650390e+002  2.4251778e+002
  3.8725904e+002  2.4271422e+002
  3.8770551e+002  2.4246834e+002
  3.9101781e+002  2.4518347e+002
  3.9180820e+002  2.4584550e+002
  3.9236633e+002  2.4676033e+002
  3.9155437e+002  2.4795723e+002
  3.9135661e+002  2.4942143e+002
  3.9046816e+002  2.5017144e+002
  3.8980327e+002  2.5094328e+002
  3.8989097e+002  2.5165570e+002
  3.9006118e+002  2.5220934e+002
  3.8980681e+002  2.5275002e+002
  3.8998122e+002  2.5364689e+002
  3.9036214e+002  2.5462044e+002
  3.9117767e+002  2.5678255e+002
  3.9095511e+002  2.5791557e+002
  3.9088324e+002  2.5890481e+002
  3.9074929e+002  2.6026576e+002
  3.9053760e+002  2.6112514e+002
  3.9025648e+002  2.6208925e+002
  3.9022213e+002  2.6326794e+002
  3.9019791e+002  2.6426495e+002
  3.9024897e+002  2.6529432e+002
  3.9030051e+002  2.6628192e+002
  3.9028458e+002  2.6721461e+002
  3.9029696e+002  2.6814814e+002
  3.9029498e+002  2.6904488e+002
  3.9037866e+002  2.7005915e+002
  3.9053792e+002  2.7116986e+002
  3.9072750e+002  2.7195918e+002
  3.9083951e+002  2.7295346e+002
  3.9088228e+002  2.7391679e+002
  3.9111158e+002  2.7483927e+002
  3.9150543e+002  2.7573819e+002
  3.9248662e+002  2.7680929e+002
  3.9265201e+002  2.7764732e+002
  3.9336038e+002  2.7874044e+002
  3.9358129e+002  2.7947191e+002
  3.9455446e+002  2.8021132e+002
  3.9533181e+002  2.8116046e+002
  3.9560854e+002  2.8194918e+002
  3.9635192e+002  2.8286940e+002
  3.9649152e+002  2.8368400e+002
  3.9662335e+002  2.8452592e+002
  3.9739412e+002  2.8542197e+002
  3.9830162e+002  2.8636728e+002
  3.9948694e+002  2.8731401e+002
  4.0092591e+002  2.8862591e+002
  4.0184916e+002  2.8964805e+002
  4.0264042e+002  2.9082032e+002
  4.0336090e+002  2.9201504e+002
  4.0362460e+002  2.9279744e+002
  4.0461887e+002  2.9373492e+002
  4.0566210e+002  2.9460292e+002
  4.0669961e+002  2.9560730e+002
  4.0759639e+002  2.9671157e+002
  4.0833157e+002  2.9788913e+002
  4.0833104e+002  2.9887095e+002
  4.0837699e+002  2.9984863e+002
  4.0845905e+002  3.0075418e+002
  4.0877156e+002  3.0154892e+002
  4.0995819e+002  3.0254902e+002
  4.1133320e+002  3.0402405e+002
  4.1213261e+002  3.0486401e+002
  4.1290332e+002  3.0566291e+002
  4.1374125e+002  3.0654093e+002
  4.1491713e+002  3.0796298e+002
  4.1565562e+002  3.0901340e+002
  4.1634418e+002  3.1000647e+002
  4.1630243e+002  3.1087197e+002
  4.1624780e+002  3.1178284e+002
  4.1626581e+002  3.1274605e+002
  4.1638324e+002  3.1374698e+002
  4.1657880e+002  3.1476030e+002
  4.1742316e+002  3.1584909e+002
  4.1781438e+002  3.1678067e+002
  4.1864580e+002  3.1784384e+002
  4.1936588e+002  3.1902802e+002
  4.1960294e+002  3.1998025e+002
  4.2028753e+002  3.2109263e+002
  4.2048288e+002  3.2194075e+002
  4.2065003e+002  3.2279544e+002
  4.2127410e+002  3.2380720e+002
  4.2134999e+002  3.2473474e+002
  4.2145046e+002  3.2565570e+002
  4.2165206e+002  3.2656168e+002
  4.2253932e+002  3.2746623e+002
  4.2317207e+002  3.2750619e+002
  4.2349520e+002  3.2836612e+002
  4.2439517e+002  3.2939050e+002
  4.2528357e+002  3.3052709e+002
  4.2544019e+002  3.3145164e+002
  4.2630568e+002  3.3253113e+002
  4.2644247e+002  3.3342886e+002
  4.2724901e+002  3.3442536e+002
  4.2805116e+002  3.3556723e+002
  4.2808543e+002  3.3658051e+002
  4.2808487e+002  3.3760537e+002
  4.2813146e+002  3.3872223e+002
  4.2827724e+002  3.3976866e+002
  4.2866747e+002  3.4074091e+002
  4.2988901e+002  3.4154577e+002
  4.3094879e+002  3.4233356e+002
  4.3171004e+002  3.4239362e+002
  4.3253520e+002  3.4254477e+002
  4.3331083e+002  3.4363199e+002
  4.3308967e+002  3.4462131e+002
  4.3284448e+002  3.4607809e+002
  4.3268453e+002  3.4699143e+002
  4.3260075e+002  3.4794651e+002
  4.3251818e+002  3.4892552e+002
  4.3251195e+002  3.4982523e+002
  4.3257301e+002  3.5144468e+002
  4.3281117e+002  3.5229162e+002
  4.3313746e+002  3.5304574e+002
  4.3356746e+002  3.5374527e+002
  4.3477335e+002  3.5451637e+002
  4.3552055e+002  3.5543494e+002
  4.3621279e+002  3.5579379e+002
  4.3630918e+002  3.5686759e+002
  4.3634896e+002  3.5793679e+002
  4.3634208e+002  3.5899875e+002
  4.3634895e+002  3.5997736e+002
  4.3641464e+002  3.6092545e+002
  4.3653938e+002  3.6181172e+002
  4.3722375e+002  3.6274927e+002
  4.3734598e+002  3.6367206e+002
  4.3747264e+002  3.6463361e+002
  4.3762246e+002  3.6560918e+002
  4.3838367e+002  3.6666635e+002
  4.3860657e+002  3.6763706e+002
  4.3941379e+002  3.6863111e+002
  4.3962059e+002  3.6955544e+002
  4.4048534e+002  3.7049738e+002
  4.4059493e+002  3.7147119e+002
  4.4134260e+002  3.7157468e+002
  4.4145659e+002  3.7258422e+002
  4.4153764e+002  3.7354987e+002
  4.4254666e+002  3.7447770e+002
  4.4341289e+002  3.7466940e+002
  4.4361242e+002  3.7550700e+002
  4.4465281e+002  3.7662935e+002
  4.4554013e+002  3.7776471e+002
  4.4619112e+002  3.7887818e+002
  4.4612752e+002  3.7990008e+002
  4.4598156e+002  3.8097212e+002
  4.4595758e+002  3.8210296e+002
  4.4590402e+002  3.8297122e+002
  4.4597797e+002  3.8413261e+002
  4.4617104e+002  3.8509239e+002
  4.4641284e+002  3.8607917e+002
  4.4658839e+002  3.8708793e+002
  4.4741599e+002  3.8812898e+002
  4.4757069e+002  3.8901029e+002
  4.4836537e+002  3.8985771e+002
  4.4856444e+002  3.9073151e+002
  4.4938219e+002  3.9178535e+002
  4.4949034e+002  3.9272055e+002
  4.4954017e+002  3.9367905e+002
  4.5031534e+002  3.9476483e+002
  4.5028682e+002  3.9569349e+002
  4.5019971e+002  3.9669109e+002
  4.5011749e+002  3.9794287e+002
  4.5003242e+002  3.9880386e+002
  4.4999106e+002  3.9968294e+002
  4.5008114e+002  4.0090441e+002
