  1.9558221e+002  4.0991973e+002
  1.9639619e+002  4.1105436e+002
  1.9666677e+002  4.1201584e+002
  1.9751466e+002  4.1306772e+002
  1.9829318e+002  4.1408974e+002
  1.9851440e+002  4.1500809e+002
  1.9917183e+002  4.1607184e+002
  1.9928939e+002  4.1699843e+002
  1.9939182e+002  4.1792909e+002
  1.9948074e+002  4.1886827e+002
  1.9957581e+002  4.1980671e+002
  2.0019475e+002  4.2094244e+002
  2.0036372e+002  4.2185472e+002
  2.0056134e+002  4.2273820e+002
  2.0145670e+002  4.2370818e+002
  2.0174514e+002  4.2450890e+002
  2.0280432e+002  4.2540518e+002
  2.0357885e+002  4.2558674e+002
  2.0461144e+002  4.2665305e+002
  2.0564701e+002  4.2782033e+002
  2.0666356e+002  4.2899376e+002
  2.0761496e+002  4.3010339e+002
  2.0837682e+002  4.3119014e+002
  2.0846872e+002  4.3208566e+002
  2.0855027e+002  4.3300590e+002
  2.0938022e+002  4.3379089e+002
  2.0945742e+002  4.3465351e+002
  2.0954723e+002  4.3554303e+002
  2.1026988e+002  4.3663050e+002
  2.1040436e+002  4.3751196e+002
  2.1055511e+002  4.3838910e+002
  2.1120214e+002  4.3859641e+002
  2.1140432e+002  4.3946605e+002
  2.1228314e+002  4.4062719e+002
  2.1252675e+002  4.4150124e+002
  2.1351599e+002  4.4262995e+002
  2.1445878e+002  4.4371249e+002
  2.1467853e+002  4.4453666e+002
  2.1553485e+002  4.4566550e+002
  2.1641561e+002  4.4678184e+002
  2.1661677e+002  4.4760353e+002
  2.1756853e+002  4.4867166e+002
  2.1851465e+002  4.4975173e+002
  2.1946169e+002  4.5085022e+002
  2.1970057e+002  4.5160184e+002
  2.2082671e+002  4.5259316e+002
  2.2188682e+002  4.5356247e+002
  2.2276351e+002  4.5461011e+002
  2.2367594e+002  4.5567590e+002
  2.2473240e+002  4.5673352e+002
  2.2582029e+002  4.5782558e+002
  2.2683748e+002  4.5893890e+002
  2.2781425e+002  4.5991658e+002
  2.2873944e+002  4.6081438e+002
  2.2956324e+002  4.6180549e+002
  2.3035437e+002  4.6290108e+002
  2.3050032e+002  4.6373683e+002
  2.3136531e+002  4.6476908e+002
  2.3153028e+002  4.6553638e+002
  2.3240980e+002  4.6655829e+002
  2.3254934e+002  4.6733998e+002
  2.3326385e+002  4.6758276e+002
  2.3343174e+002  4.6837194e+002
  2.3500214e+002  4.6978206e+002
  2.3604460e+002  4.7041870e+002
  2.3687499e+002  4.7049563e+002
  2.3770999e+002  4.7058163e+002
  2.3879263e+002  4.7137273e+002
  2.3960438e+002  4.7152206e+002
  2.4045895e+002  4.7254208e+002
  2.4046732e+002  4.7341394e+002
  2.4123856e+002  4.7465186e+002
  2.4171681e+002  4.7563260e+002
  2.4262371e+002  4.7661623e+002
  2.4351328e+002  4.7775495e+002
  2.4493112e+002  4.7881956e+002
  2.4610837e+002  4.7946351e+002
  2.4698971e+002  4.7952662e+002
  2.4808368e+002  4.8026456e+002
  2.4892064e+002  4.8051751e+002
  2.4992048e+002  4.8148280e+002
  2.5074470e+002  4.8179913e+002
  2.5171985e+002  4.8284276e+002
  2.5269193e+002  4.8386775e+002
  2.5372696e+002  4.8480944e+002
  2.5481174e+002  4.8571897e+002
  2.5588455e+002  4.8662036e+002
  2.5691328e+002  4.8743374e+002
  2.5774422e+002  4.8758911e+002
  2.5878439e+002  4.8839707e+002
  2.5961202e+002  4.8861872e+002
  2.6064399e+002  4.8962892e+002
  2.6156487e+002  4.9076849e+002
  2.6238022e+002  4.9193603e+002
  2.6240493e+002  4.9271679e+002
  2.6252864e+002  4.9341583e+002
  2.6327586e+002  4.9364865e+002
  2.6350306e+002  4.9431180e+002
  2.6458174e+002  4.9467512e+002
  2.6582764e+002  4.9546195e+002
  2.6682113e+002  4.9553943e+002
  2.6797703e+002  4.9629461e+002
  2.6892259e+002  4.9632962e+002
  2.6983120e+002  4.9637559e+002
  2.7073439e+002  4.9647466e+002
  2.7166562e+002  4.9663833e+002
  2.7272417e+002  4.9743064e+002
  2.7373617e+002  4.9764453e+002
  2.7479857e+002  4.9843032e+002
  2.7576882e+002  4.9863374e+002
  2.7673884e+002  4.9957919e+002
  2.7760947e+002  5.0067454e+002
  2.7844010e+002  5.0175483e+002
  2.7850377e+002  5.0266745e+002
  2.7947390e+002  5.0367433e+002
  2.7967660e+002  5.0462979e+002
  2.8075328e+002  5.0552134e+002
  2.8182235e+002  5.0631259e+002
  2.8273918e+002  5.0615689e+002
  2.8372740e+002  5.0604870e+002
  2.8472223e+002  5.0594280e+002
  2.8570140e+002  5.0601004e+002
  2.8668253e+002  5.0618078e+002
  2.8764465e+002  5.0640461e+002
  2.8865180e+002  5.0659253e+002
  2.8981425e+002  5.0749904e+002
  2.9079737e+002  5.0761542e+002
  2.9175611e+002  5.0857893e+002
  2.9274851e+002  5.0924143e+002
  2.9354180e+002  5.0933463e+002
  2.9440077e+002  5.0941558e+002
  2.9537728e+002  5.0945920e+002
  2.9641799e+002  5.0946023e+002
  2.9748598e+002  5.0950723e+002
  2.9767896e+002  5.1019370e+002
  2.9867381e+002  5.1034808e+002
  2.9961994e+002  5.1056103e+002
  3.0067146e+002  5.1145530e+002
  3.0163005e+002  5.1157643e+002
  3.0269364e+002  5.1239741e+002
  3.0368039e+002  5.1253066e+002
  3.0479208e+002  5.1343799e+002
  3.0571583e+002  5.1349454e+002
  3.0658340e+002  5.1342731e+002
  3.0747734e+002  5.1337083e+002
  3.0844264e+002  5.1415811e+002
  3.0946929e+002  5.1421824e+002
  3.1054791e+002  5.1432905e+002
  3.1160363e+002  5.1441671e+002
  3.1260568e+002  5.1449869e+002
  3.1351342e+002  5.1465510e+002
  3.1437852e+002  5.1565209e+002
  3.1438937e+002  5.1652749e+002
  3.1440199e+002  5.1749010e+002
  3.1522998e+002  5.1755770e+002
  3.1533723e+002  5.1846607e+002
  3.1631434e+002  5.1934971e+002
  3.1738903e+002  5.2022087e+002
  3.1845770e+002  5.2113579e+002
  3.1951062e+002  5.2210283e+002
  3.2046207e+002  5.2233676e+002
  3.2155823e+002  5.2322572e+002
  3.2260712e+002  5.2321629e+002
  3.2455612e+002  5.2301328e+002
  3.2607118e+002  5.2220862e+002
  3.2668263e+002  5.2112866e+002
  3.2745160e+002  5.2028575e+002
  3.2749699e+002  5.1952406e+002
  3.2914467e+002  5.1963251e+002
  3.3006943e+002  5.1974162e+002
  3.3096899e+002  5.1987610e+002
  3.3186005e+002  5.2005326e+002
  3.3269529e+002  5.2028632e+002
  3.3351073e+002  5.2056597e+002
  3.3439730e+002  5.2165663e+002
  3.3449126e+002  5.2250696e+002
  3.3457271e+002  5.2340966e+002
  3.3549144e+002  5.2354038e+002
  3.3552659e+002  5.2440937e+002
  3.3650415e+002  5.2440155e+002
  3.3837488e+002  5.2423374e+002
  3.3924450e+002  5.2384249e+002
  3.4010249e+002  5.2357855e+002
  3.4097747e+002  5.2346071e+002
  3.4193368e+002  5.2270635e+002
  3.4288741e+002  5.2279798e+002
  3.4383786e+002  5.2285616e+002
  3.4483511e+002  5.2283685e+002
  3.4582578e+002  5.2275722e+002
  3.4680887e+002  5.2262529e+002
  3.4779761e+002  5.2249679e+002
  3.4889861e+002  5.2181338e+002
  3.4995273e+002  5.2186604e+002
  3.5103634e+002  5.2197033e+002
  3.5200549e+002  5.2207143e+002
  3.5298715e+002  5.2216336e+002
  3.5396197e+002  5.2219708e+002
  3.5489061e+002  5.2217542e+002
  3.5577454e+002  5.2209610e+002
  3.5712883e+002  5.2196728e+002
  3.5804433e+002  5.2180768e+002
  3.5896045e+002  5.2164919e+002
  3.5989508e+002  5.2153383e+002
  3.6085094e+002  5.2146802e+002
  3.6200185e+002  5.2080406e+002
  3.6298857e+002  5.2076307e+002
  3.6394590e+002  5.2068565e+002
  3.6487767e+002  5.2062044e+002
  3.6580907e+002  5.2055055e+002
  3.6672615e+002  5.2046009e+002
  3.6772919e+002  5.1964747e+002
  3.6865176e+002  5.1963335e+002
  3.6962807e+002  5.1964306e+002
  3.7064076e+002  5.1967856e+002
  3.7171857e+002  5.1977089e+002
  3.7282073e+002  5.1981214e+002
  3.7410554e+002  5.1987409e+002
  3.7496981e+002  5.1992337e+002
  3.7611597e+002  5.2000217e+002
  3.7708261e+002  5.2001868e+002
  3.7804145e+002  5.1993362e+002
  3.7897038e+002  5.1975479e+002
  3.7992439e+002  5.1954420e+002
  3.8087271e+002  5.1935379e+002
  3.8188112e+002  5.1842300e+002
  3.8288974e+002  5.1760721e+002
  3.8381064e+002  5.1758087e+002
  3.8471796e+002  5.1759444e+002
  3.8563950e+002  5.1755591e+002
  3.8662141e+002  5.1743725e+002
  3.8769859e+002  5.1662266e+002
  3.8869603e+002  5.1648541e+002
  3.8965630e+002  5.1544288e+002
  3.9055991e+002  5.1424425e+002
  3.9146235e+002  5.1313238e+002
  3.9154135e+002  5.1230384e+002
  3.9261354e+002  5.1140251e+002
  3.9370525e+002  5.1051761e+002
  3.9469185e+002  5.1062923e+002
  3.9570504e+002  5.1077301e+002
  3.9675969e+002  5.1090443e+002
  3.9758202e+002  5.1042385e+002
  3.9854469e+002  5.0950587e+002
  3.9945125e+002  5.0935736e+002
  3.9951509e+002  5.0849403e+002
  4.0056685e+002  5.0752963e+002
  4.0151764e+002  5.0738788e+002
  4.0255416e+002  5.0640292e+002
  4.0356885e+002  5.0537900e+002
  4.0459771e+002  5.0427695e+002
  4.0561387e+002  5.0319122e+002
  4.0658627e+002  5.0225225e+002
  4.0762525e+002  5.0152977e+002
  4.0854639e+002  5.0149161e+002
  4.0967499e+002  5.0071605e+002
  4.1058395e+002  5.0055893e+002
  4.1149062e+002  5.0044721e+002
  4.1166889e+002  4.9960107e+002
  4.1253668e+002  4.9952304e+002
  4.1341913e+002  4.9948406e+002
  4.1348401e+002  4.9864505e+002
  4.1450036e+002  4.9773535e+002
  4.1545164e+002  4.9759796e+002
  4.1665661e+002  4.9660832e+002
  4.1758326e+002  4.9644070e+002
  4.1864365e+002  4.9540424e+002
  4.1990161e+002  4.9409482e+002
  4.2074760e+002  4.9311124e+002
  4.2156485e+002  4.9210089e+002
  4.2237614e+002  4.9106750e+002
  4.2249753e+002  4.9015718e+002
  4.2262963e+002  4.8922523e+002
  4.2346004e+002  4.8816795e+002
  4.2360325e+002  4.8723092e+002
  4.2446638e+002  4.8618142e+002
  4.2458923e+002  4.8525294e+002
  4.2545742e+002  4.8422776e+002
  4.2557991e+002  4.8331420e+002
  4.2649319e+002  4.8230675e+002
  4.2660498e+002  4.8139278e+002
  4.2751182e+002  4.8033611e+002
  4.2841532e+002  4.7929191e+002
  4.2855983e+002  4.7835199e+002
  4.2950087e+002  4.7728942e+002
  4.3048207e+002  4.7619103e+002
  4.3068789e+002  4.7527497e+002
  4.3174135e+002  4.7425045e+002
  4.3277269e+002  4.7327049e+002
  4.3369941e+002  4.7229460e+002
  4.3451075e+002  4.7124176e+002
  4.3525905e+002  4.7015687e+002
  4.3530896e+002  4.6921346e+002
  4.3533398e+002  4.6821913e+002
  4.3531360e+002  4.6721043e+002
  4.3525424e+002  4.6620901e+002
  4.3520799e+002  4.6521208e+002
  4.3527704e+002  4.6425090e+002
  4.3543653e+002  4.6331033e+002
  4.3564011e+002  4.6233428e+002
  4.3656363e+002  4.6127749e+002
  4.3738830e+002  4.6018125e+002
  4.3721272e+002  4.5916093e+002
  4.3724301e+002  4.5814835e+002
  4.3727263e+002  4.5716583e+002
  4.3728110e+002  4.5618954e+002
  4.3736352e+002  4.5518309e+002
  4.3748847e+002  4.5414893e+002
  4.3764436e+002  4.5315481e+002
  4.3852147e+002  4.5209479e+002
  4.3943350e+002  4.5103522e+002
  4.3950957e+002  4.5011849e+002
  4.4032277e+002  4.4914103e+002
  4.4046550e+002  4.4824969e+002
  4.4065102e+002  4.4731974e+002
  4.4144374e+002  4.4633130e+002
  4.4149122e+002  4.4528578e+002
  4.4142203e+002  4.4419510e+002
  4.4122672e+002  4.4290039e+002
  4.4105031e+002  4.4197353e+002
  4.4096823e+002  4.4105807e+002
  4.4097348e+002  4.4012624e+002
  4.4104033e+002  4.3915051e+002
  4.4112190e+002  4.3794095e+002
  4.4117109e+002  4.3697379e+002
  4.4125206e+002  4.3604157e+002
  4.4135087e+002  4.3513715e+002
  4.4142868e+002  4.3420842e+002
  4.4146162e+002  4.3323371e+002
  4.4144722e+002  4.3222346e+002
  4.4139828e+002  4.3120172e+002
  4.4142179e+002  4.3018816e+002
  4.4147640e+002  4.2917770e+002
  4.4156413e+002  4.2817425e+002
  4.4222596e+002  4.2718438e+002
  4.4224291e+002  4.2616327e+002
  4.4224540e+002  4.2513558e+002
  4.4220676e+002  4.2395677e+002
  4.4217345e+002  4.2291638e+002
  4.4212847e+002  4.2188413e+002
  4.4207999e+002  4.2087177e+002
  4.4199605e+002  4.1988852e+002
  4.4189117e+002  4.1893489e+002
  4.4178680e+002  4.1799136e+002
  4.4174580e+002  4.1703691e+002
  4.4176470e+002  4.1605599e+002
  4.4185974e+002  4.1505593e+002
  4.4195948e+002  4.1403088e+002
  4.4207245e+002  4.1299743e+002
  4.4210278e+002  4.1197973e+002
  4.4210552e+002  4.1100644e+002
  4.4203910e+002  4.1005475e+002
  4.4193240e+002  4.0913324e+002
  4.4174549e+002  4.0820018e+002
  4.4153243e+002  4.0722854e+002
  4.4133854e+002  4.0625551e+002
  4.4034946e+002  4.0534501e+002
  4.3966234e+002  4.0429839e+002
  4.3975185e+002  4.0323946e+002
  4.3985617e+002  4.0193642e+002
  4.3988768e+002  4.0097486e+002
  4.3988570e+002  3.9996784e+002
  4.3984331e+002  3.9895622e+002
  4.3978229e+002  3.9795513e+002
  4.3968677e+002  3.9691939e+002
  4.3959097e+002  3.9594670e+002
  4.3956121e+002  3.9496267e+002
  4.3953933e+002  3.9397296e+002
  4.3953113e+002  3.9299744e+002
  4.3952351e+002  3.9201687e+002
  4.3949878e+002  3.9101896e+002
  4.3892199e+002  3.8995802e+002
  4.3890593e+002  3.8897009e+002
  4.3889160e+002  3.8798317e+002
  4.3887950e+002  3.8699531e+002
  4.3885918e+002  3.8601311e+002
  4.3880850e+002  3.8502596e+002
  4.3873911e+002  3.8406194e+002
  4.3863779e+002  3.8310508e+002
  4.3852870e+002  3.8215471e+002
  4.3847335e+002  3.8115566e+002
  4.3801990e+002  3.8004551e+002
  4.3814316e+002  3.7896728e+002
  4.3822175e+002  3.7796392e+002
  4.3825664e+002  3.7702728e+002
  4.3825742e+002  3.7607250e+002
  4.3814221e+002  3.7482798e+002
  4.3795806e+002  3.7386489e+002
  4.3777028e+002  3.7291699e+002
  4.3757919e+002  3.7198453e+002
  4.3743741e+002  3.7105299e+002
  4.3679073e+002  3.7003923e+002
  4.3675320e+002  3.6905565e+002
  4.3669766e+002  3.6807915e+002
  4.3659778e+002  3.6710302e+002
  4.3642576e+002  3.6612983e+002
  4.3567165e+002  3.6502181e+002
  4.3547900e+002  3.6403295e+002
  4.3473360e+002  3.6302442e+002
  4.3456642e+002  3.6205821e+002
  4.3445535e+002  3.6110260e+002
  4.3391368e+002  3.6004861e+002
  4.3395586e+002  3.5901757e+002
  4.3396773e+002  3.5798323e+002
  4.3389806e+002  3.5696000e+002
  4.3378128e+002  3.5595346e+002
  4.3359149e+002  3.5496147e+002
  4.3340622e+002  3.5400008e+002
  4.3267377e+002  3.5295511e+002
  4.3247743e+002  3.5206583e+002
  4.3169091e+002  3.5102436e+002
  4.3144712e+002  3.5016205e+002
  4.3062761e+002  3.4905839e+002
  4.3041548e+002  3.4816183e+002
  4.2958502e+002  3.4706985e+002
  4.2934755e+002  3.4618217e+002
  4.2853531e+002  3.4506315e+002
  4.2829028e+002  3.4416518e+002
  4.2750412e+002  3.4301269e+002
  4.2733794e+002  3.4208373e+002
  4.2670146e+002  3.4094648e+002
  4.2662081e+002  3.4001434e+002
  4.2646727e+002  3.3909403e+002
  4.2573818e+002  3.3801349e+002
  4.2548083e+002  3.3711285e+002
  4.2467509e+002  3.3600153e+002
  4.2446316e+002  3.3508099e+002
  4.2369714e+002  3.3399898e+002
  4.2350599e+002  3.3315846e+002
  4.2329515e+002  3.3236062e+002
  4.2234306e+002  3.3139529e+002
  4.2142480e+002  3.3034253e+002
  4.2051062e+002  3.2923416e+002
  4.2016256e+002  3.2841508e+002
  4.1912755e+002  3.2741256e+002
  4.1810587e+002  3.2636271e+002
  4.1718045e+002  3.2524930e+002
  4.1640257e+002  3.2409463e+002
  4.1567222e+002  3.2299041e+002
  4.1553733e+002  3.2212276e+002
  4.1537917e+002  3.2125503e+002
  4.1459792e+002  3.2011263e+002
  4.1443341e+002  3.1921274e+002
  4.1360450e+002  3.1806549e+002
  4.1334002e+002  3.1728260e+002
  4.1216367e+002  3.1614548e+002
  4.1127003e+002  3.1529831e+002
  4.1034083e+002  3.1437603e+002
  4.0941165e+002  3.1339491e+002
  4.0831252e+002  3.1218916e+002
  4.0739736e+002  3.1115403e+002
  4.0649658e+002  3.1013020e+002
  4.0565642e+002  3.0907195e+002
  4.0554135e+002  3.0821870e+002
  4.0545929e+002  3.0735632e+002
  4.0437866e+002  3.0641291e+002
  4.0347249e+002  3.0534011e+002
  4.0251980e+002  3.0432088e+002
  4.0230988e+002  3.0354375e+002
  4.0160109e+002  3.0332105e+002
  4.0140563e+002  3.0254281e+002
  4.0069562e+002  3.0231088e+002
  4.0048309e+002  3.0150527e+002
  3.9931273e+002  3.0083248e+002
  3.9832982e+002  2.9998069e+002
  3.9730776e+002  2.9917724e+002
  3.9625677e+002  2.9841890e+002
  3.9522291e+002  2.9759814e+002
  3.9445266e+002  2.9739193e+002
  3.9339344e+002  2.9634765e+002
  3.9189807e+002  2.9493146e+002
  3.9102035e+002  2.9405248e+002
  3.9017794e+002  2.9316836e+002
  3.8932659e+002  2.9223670e+002
  3.8845380e+002  2.9124989e+002
  3.8757704e+002  2.9020299e+002
  3.8734657e+002  2.8940635e+002
  3.8647481e+002  2.8838672e+002
  3.8529787e+002  2.8706673e+002
  3.8437832e+002  2.8614573e+002
  3.8339109e+002  2.8527156e+002
  3.8231211e+002  2.8446134e+002
  3.8116133e+002  2.8369737e+002
  3.8028115e+002  2.8363146e+002
  3.7941112e+002  2.8349695e+002
  3.7828405e+002  2.8251653e+002
  3.7750180e+002  2.8219826e+002
  3.7725885e+002  2.8139427e+002
  3.7625393e+002  2.8038431e+002
  3.7515701e+002  2.7947389e+002
  3.7399701e+002  2.7857637e+002
  3.7317873e+002  2.7827420e+002
  3.7207237e+002  2.7731031e+002
  3.7107644e+002  2.7635085e+002
  3.7010214e+002  2.7544079e+002
  3.6906082e+002  2.7461057e+002
  3.6820134e+002  2.7439293e+002
  3.6709600e+002  2.7351800e+002
  3.6626868e+002  2.7326263e+002
  3.6526027e+002  2.7225771e+002
  3.6430799e+002  2.7121213e+002
  3.6334013e+002  2.7022650e+002
  3.6228978e+002  2.6938715e+002
  3.6115350e+002  2.6865416e+002
  3.6022534e+002  2.6857746e+002
  3.5927790e+002  2.6848669e+002
  3.5806554e+002  2.6772228e+002
  3.5714527e+002  2.6754470e+002
  3.5624039e+002  2.6730551e+002
  3.5515862e+002  2.6640363e+002
  3.5410131e+002  2.6542874e+002
  3.5306439e+002  2.6441410e+002
  3.5205897e+002  2.6337203e+002
  3.5105528e+002  2.6238323e+002
  3.5001504e+002  2.6149565e+002
  3.4893469e+002  2.6073587e+002
  3.4805867e+002  2.6060466e+002
  3.4716406e+002  2.6049746e+002
  3.4600727e+002  2.5981673e+002
  3.4509370e+002  2.5969812e+002
  3.4418115e+002  2.5956468e+002
  3.4328679e+002  2.5939017e+002
  3.4217288e+002  2.5853641e+002
  3.4133527e+002  2.5828815e+002
  3.4026623e+002  2.5736387e+002
  3.3918251e+002  2.5650732e+002
  3.3828250e+002  2.5628512e+002
  3.3712292e+002  2.5557072e+002
  3.3618286e+002  2.5540572e+002
  3.3503062e+002  2.5467855e+002
  3.3412505e+002  2.5452218e+002
  3.3323017e+002  2.5437506e+002
  3.3211767e+002  2.5350780e+002
  3.3125418e+002  2.5329497e+002
  3.3024011e+002  2.5240377e+002
  3.2922565e+002  2.5157898e+002
  3.2831226e+002  2.5135929e+002
  3.2715250e+002  2.5058813e+002
  3.2617043e+002  2.5040913e+002
  3.2495695e+002  2.4973113e+002
  3.2394043e+002  2.4966389e+002
  3.2293174e+002  2.4962718e+002
  3.2196123e+002  2.4957555e+002
  3.2103847e+002  2.4945933e+002
  3.2004733e+002  2.4868611e+002
  3.1915696e+002  2.4843283e+002
  3.1809778e+002  2.4764952e+002
  3.1714633e+002  2.4746527e+002
  3.1599572e+002  2.4681311e+002
  3.1504249e+002  2.4668192e+002
  3.1410864e+002  2.4654697e+002
  3.1318132e+002  2.4638267e+002
  3.1210433e+002  2.4564881e+002
  3.1113434e+002  2.4552366e+002
  3.1013292e+002  2.4544483e+002
  3.0901779e+002  2.4484791e+002
  3.0798904e+002  2.4473628e+002
  3.0697909e+002  2.4463658e+002
  3.0600219e+002  2.4451021e+002
  3.0505538e+002  2.4437552e+002
  3.0399799e+002  2.4368908e+002
  3.0310812e+002  2.4345748e+002
  3.0210767e+002  2.4270264e+002
  3.0119095e+002  2.4250805e+002
  3.0025920e+002  2.4240382e+002
  2.9917895e+002  2.4180764e+002
  2.9822684e+002  2.4181304e+002
  2.9727122e+002  2.4184759e+002
  2.9626914e+002  2.4193063e+002
  2.9523216e+002  2.4203447e+002
  2.9359460e+002  2.4209589e+002
  2.9263669e+002  2.4207156e+002
  2.9171242e+002  2.4201905e+002
  2.9080983e+002  2.4198878e+002
  2.8964921e+002  2.4204049e+002
  2.8873656e+002  2.4205497e+002
  2.8781499e+002  2.4202049e+002
  2.8687694e+002  2.4198533e+002
  2.8594083e+002  2.4195645e+002
  2.8500305e+002  2.4194457e+002
  2.8407500e+002  2.4191713e+002
  2.8315397e+002  2.4183937e+002
  2.8220507e+002  2.4169541e+002
  2.8123290e+002  2.4153258e+002
  2.8020434e+002  2.4138028e+002
  2.7912819e+002  2.4098326e+002
  2.7801669e+002  2.4101992e+002
  2.7654358e+002  2.4112947e+002
  2.7561346e+002  2.4132419e+002
  2.7470106e+002  2.4146102e+002
  2.7379824e+002  2.4155667e+002
  2.7291870e+002  2.4197854e+002
  2.7194756e+002  2.4192675e+002
  2.7078486e+002  2.4188122e+002
  2.6987424e+002  2.4190197e+002
  2.6893873e+002  2.4189690e+002
  2.6796608e+002  2.4194546e+002
  2.6691954e+002  2.4200975e+002
  2.6593348e+002  2.4213080e+002
  2.6495380e+002  2.4223305e+002
  2.6398549e+002  2.4231310e+002
  2.6300356e+002  2.4237551e+002
  2.6201859e+002  2.4245382e+002
  2.6100320e+002  2.4250215e+002
  2.6001466e+002  2.4298870e+002
  2.5906010e+002  2.4311987e+002
  2.5812691e+002  2.4325528e+002
  2.5718379e+002  2.4344408e+002
  2.5623965e+002  2.4368727e+002
  2.5531303e+002  2.4453726e+002
  2.5437698e+002  2.4531433e+002
  2.5336533e+002  2.4551794e+002
  2.5230920e+002  2.4597180e+002
  2.5119217e+002  2.4593269e+002
  2.5004706e+002  2.4599803e+002
  2.4895291e+002  2.4613469e+002
  2.4790188e+002  2.4633792e+002
  2.4689491e+002  2.4654867e+002
  2.4578729e+002  2.4712709e+002
  2.4484276e+002  2.4727682e+002
  2.4389856e+002  2.4746146e+002
  2.4295617e+002  2.4766966e+002
  2.4193095e+002  2.4832348e+002
  2.4098854e+002  2.4846744e+002
  2.4004363e+002  2.4858458e+002
  2.3901908e+002  2.4915101e+002
  2.3809165e+002  2.4925129e+002
  2.3716079e+002  2.4932333e+002
  2.3620359e+002  2.4940210e+002
  2.3524134e+002  2.4945623e+002
  2.3425381e+002  2.4956974e+002
  2.3319485e+002  2.5027022e+002
  2.3219072e+002  2.5047566e+002
  2.3117366e+002  2.5070797e+002
  2.3012983e+002  2.5144870e+002
  2.2914533e+002  2.5172335e+002
  2.2804061e+002  2.5248910e+002
  2.2709503e+002  2.5272265e+002
  2.2598071e+002  2.5338478e+002
  2.2513276e+002  2.5369614e+002
  2.2412703e+002  2.5454930e+002
  2.2306632e+002  2.5548775e+002
  2.2219981e+002  2.5583501e+002
  2.2117729e+002  2.5678113e+002
  2.2023178e+002  2.5773665e+002
  2.1925589e+002  2.5865308e+002
  2.1822152e+002  2.5953856e+002
  2.1719031e+002  2.6036531e+002
  2.1638091e+002  2.6058458e+002
  2.1530785e+002  2.6145741e+002
  2.1445067e+002  2.6181406e+002
  2.1326946e+002  2.6267992e+002
  2.1214288e+002  2.6354851e+002
  2.1107019e+002  2.6448635e+002
  2.1031203e+002  2.6483100e+002
  2.0942709e+002  2.6594451e+002
  2.0852169e+002  2.6706696e+002
  2.0830158e+002  2.6775730e+002
  2.0723436e+002  2.6873637e+002
  2.0621445e+002  2.6967869e+002
  2.0532015e+002  2.7069774e+002
  2.0444979e+002  2.7178138e+002
  2.0354550e+002  2.7287655e+002
  2.0326476e+002  2.7367019e+002
  2.0227169e+002  2.7476548e+002
  2.0129815e+002  2.7582952e+002
  2.0032344e+002  2.7690428e+002
  1.9934861e+002  2.7796682e+002
  1.9837005e+002  2.7907140e+002
  1.9751858e+002  2.8016980e+002
  1.9732962e+002  2.8093938e+002
  1.9659374e+002  2.8202202e+002
  1.9642197e+002  2.8281094e+002
  1.9566734e+002  2.8389922e+002
  1.9549450e+002  2.8471990e+002
  1.9471081e+002  2.8589714e+002
  1.9450311e+002  2.8672432e+002
  1.9428615e+002  2.8756073e+002
  1.9344715e+002  2.8874511e+002
  1.9250847e+002  2.8990079e+002
  1.9217036e+002  2.9076495e+002
  1.9127468e+002  2.9184235e+002
  1.9057288e+002  2.9288884e+002
  1.9043214e+002  2.9379950e+002
  1.8999058e+002  2.9503154e+002
  1.8990364e+002  2.9607493e+002
  1.8984850e+002  2.9714588e+002
  1.8978317e+002  2.9824595e+002
  1.8965693e+002  2.9931098e+002
  1.8945280e+002  3.0029404e+002
  1.8861416e+002  3.0128632e+002
  1.8824317e+002  3.0210490e+002
  1.8740715e+002  3.0311017e+002
  1.8662369e+002  3.0416666e+002
  1.8633814e+002  3.0503189e+002
  1.8565545e+002  3.0608216e+002
  1.8550397e+002  3.0705085e+002
  1.8537487e+002  3.0806528e+002
  1.8494404e+002  3.0919851e+002
  1.8480379e+002  3.1020263e+002
  1.8461334e+002  3.1117994e+002
  1.8442515e+002  3.1213965e+002
  1.8391841e+002  3.1323909e+002
  1.8379443e+002  3.1418175e+002
  1.8367225e+002  3.1512728e+002
  1.8356063e+002  3.1606697e+002
  1.8344196e+002  3.1699740e+002
  1.8286806e+002  3.1804646e+002
  1.8272400e+002  3.1897545e+002
  1.8261050e+002  3.1991754e+002
  1.8258592e+002  3.2086596e+002
  1.8262931e+002  3.2185588e+002
  1.8273178e+002  3.2287035e+002
  1.8280276e+002  3.2392457e+002
  1.8278082e+002  3.2522138e+002
  1.8269045e+002  3.2624327e+002
  1.8257694e+002  3.2713046e+002
  1.8246301e+002  3.2811471e+002
  1.8214577e+002  3.2908688e+002
  1.8212085e+002  3.3002610e+002
  1.8210490e+002  3.3099501e+002
  1.8212010e+002  3.3200005e+002
  1.8217012e+002  3.3303737e+002
  1.8229578e+002  3.3424399e+002
  1.8242691e+002  3.3520917e+002
  1.8251679e+002  3.3616375e+002
  1.8301866e+002  3.3710870e+002
  1.8296627e+002  3.3808437e+002
  1.8287468e+002  3.3907904e+002
  1.8278846e+002  3.4009655e+002
  1.8271617e+002  3.4115292e+002
  1.8268674e+002  3.4222789e+002
  1.8273350e+002  3.4330987e+002
  1.8284412e+002  3.4431571e+002
  1.8305934e+002  3.4525887e+002
  1.8331217e+002  3.4614666e+002
  1.8356977e+002  3.4703881e+002
  1.8417846e+002  3.4797322e+002
  1.8433045e+002  3.4894631e+002
  1.8434517e+002  3.4995608e+002
  1.8424743e+002  3.5095039e+002
  1.8409069e+002  3.5194510e+002
  1.8396113e+002  3.5304506e+002
  1.8395730e+002  3.5407265e+002
  1.8405636e+002  3.5497807e+002
  1.8425640e+002  3.5596356e+002
  1.8443435e+002  3.5695504e+002
  1.8454346e+002  3.5797270e+002
  1.8500064e+002  3.5906210e+002
  1.8499770e+002  3.6009870e+002
  1.8496370e+002  3.6113717e+002
  1.8497378e+002  3.6232350e+002
  1.8496195e+002  3.6324662e+002
  1.8498302e+002  3.6414046e+002
  1.8498235e+002  3.6504328e+002
  1.8502810e+002  3.6630192e+002
  1.8508625e+002  3.6729414e+002
  1.8516212e+002  3.6826503e+002
  1.8522273e+002  3.6923467e+002
  1.8534079e+002  3.7017564e+002
  1.8546412e+002  3.7110342e+002
  1.8564782e+002  3.7201834e+002
  1.8632566e+002  3.7303311e+002
  1.8651580e+002  3.7396228e+002
  1.8716883e+002  3.7495232e+002
  1.8728395e+002  3.7592760e+002
  1.8732736e+002  3.7692161e+002
  1.8732757e+002  3.7793668e+002
  1.8735760e+002  3.7901662e+002
  1.8741387e+002  3.8010477e+002
  1.8748267e+002  3.8118949e+002
  1.8758625e+002  3.8221208e+002
  1.8820283e+002  3.8326619e+002
  1.8840228e+002  3.8418710e+002
  1.8862316e+002  3.8509642e+002
  1.8927304e+002  3.8605860e+002
  1.8944752e+002  3.8699385e+002
  1.8958719e+002  3.8793699e+002
  1.9017812e+002  3.8903274e+002
  1.9029377e+002  3.9000490e+002
  1.9043011e+002  3.9095450e+002
  1.9061230e+002  3.9190633e+002
  1.9133226e+002  3.9292309e+002
  1.9147391e+002  3.9388309e+002
  1.9153844e+002  3.9487733e+002
  1.9198295e+002  3.9595366e+002
  1.9200630e+002  3.9697502e+002
  1.9211408e+002  3.9797858e+002
  1.9229574e+002  3.9897347e+002
  1.9251724e+002  3.9996496e+002
  1.9323737e+002  4.0104509e+002
  1.9342739e+002  4.0200970e+002
  1.9362160e+002  4.0296444e+002
  1.9434972e+002  4.0395679e+002
  1.9444643e+002  4.0491810e+002
  1.9451283e+002  4.0588098e+002
  1.9512118e+002  4.0696032e+002
  1.9521195e+002  4.0795131e+002
