  2.2333387e+002  4.6262222e+002
  2.2333521e+002  4.6354863e+002
  2.2344374e+002  4.6440585e+002
  2.2466981e+002  4.6522515e+002
  2.2571238e+002  4.6522686e+002
  2.2678861e+002  4.6533856e+002
  2.2802667e+002  4.6586915e+002
  2.2893572e+002  4.6675398e+002
  2.2982561e+002  4.6764783e+002
  2.3073705e+002  4.6858056e+002
  2.3180544e+002  4.6973144e+002
  2.3269384e+002  4.7079292e+002
  2.3364543e+002  4.7178889e+002
  2.3467053e+002  4.7272710e+002
  2.3570368e+002  4.7361014e+002
  2.3649507e+002  4.7458034e+002
  2.3663149e+002  4.7555096e+002
  2.3744605e+002  4.7678945e+002
  2.3763718e+002  4.7767913e+002
  2.3850283e+002  4.7882147e+002
  2.3938985e+002  4.7990925e+002
  2.3953950e+002  4.8067079e+002
  2.4076167e+002  4.8161921e+002
  2.4188458e+002  4.8241968e+002
  2.4277715e+002  4.8256866e+002
  2.4383744e+002  4.8336806e+002
  2.4476647e+002  4.8349566e+002
  2.4569849e+002  4.8356971e+002
  2.4674902e+002  4.8437644e+002
  2.4760115e+002  4.8454178e+002
  2.4860494e+002  4.8549214e+002
  2.4943164e+002  4.8571853e+002
  2.4964376e+002  4.8653051e+002
  2.5071120e+002  4.8757456e+002
  2.5177890e+002  4.8847985e+002
  2.5275947e+002  4.8857325e+002
  2.5385768e+002  4.8926479e+002
  2.5480452e+002  4.8936498e+002
  2.5570367e+002  4.8951098e+002
  2.5677950e+002  4.9037026e+002
  2.5765476e+002  4.9056205e+002
  2.5871348e+002  4.9151899e+002
  2.5978015e+002  4.9276046e+002
  2.6053061e+002  4.9381871e+002
  2.6144446e+002  4.9480104e+002
  2.6165649e+002  4.9551715e+002
  2.6282044e+002  4.9639379e+002
  2.6370620e+002  4.9656455e+002
  2.6483341e+002  4.9740908e+002
  2.6574491e+002  4.9761001e+002
  2.6682650e+002  4.9849238e+002
  2.6769959e+002  4.9864936e+002
  2.6876273e+002  4.9946475e+002
  2.6965977e+002  4.9957514e+002
  2.7072916e+002  5.0038779e+002
  2.7161391e+002  5.0048239e+002
  2.7252181e+002  5.0055193e+002
  2.7363092e+002  5.0141652e+002
  2.7452410e+002  5.0157167e+002
  2.7559993e+002  5.0256442e+002
  2.7664744e+002  5.0358330e+002
  2.7777887e+002  5.0476761e+002
  2.7868672e+002  5.0568110e+002
  2.7969528e+002  5.0650753e+002
  2.8073431e+002  5.0739515e+002
  2.8164441e+002  5.0758521e+002
  2.8266542e+002  5.0844595e+002
  2.8356784e+002  5.0853852e+002
  2.8464379e+002  5.0921725e+002
  2.8563307e+002  5.0924767e+002
  2.8661815e+002  5.0930714e+002
  2.8759333e+002  5.0940851e+002
  2.8856563e+002  5.0950659e+002
  2.8965113e+002  5.1035274e+002
  2.9054713e+002  5.1056913e+002
  2.9152422e+002  5.1150666e+002
  2.9255361e+002  5.1236230e+002
  2.9351958e+002  5.1249038e+002
  2.9448648e+002  5.1260093e+002
  2.9470647e+002  5.1328365e+002
  2.9567630e+002  5.1339060e+002
  2.9659413e+002  5.1350558e+002
  2.9764802e+002  5.1434676e+002
  2.9850888e+002  5.1446344e+002
  2.9937520e+002  5.1459234e+002
  2.9947914e+002  5.1540170e+002
  3.0049610e+002  5.1632030e+002
  3.0156999e+002  5.1717541e+002
  3.0251040e+002  5.1724185e+002
  3.0348312e+002  5.1730675e+002
  3.0463464e+002  5.1822230e+002
  3.0561420e+002  5.1838265e+002
  3.0662038e+002  5.1851469e+002
  3.0773209e+002  5.1930069e+002
  3.0869928e+002  5.1933208e+002
  3.0966065e+002  5.1938363e+002
  3.1058639e+002  5.1948165e+002
  3.1150388e+002  5.1961491e+002
  3.1251545e+002  5.2053762e+002
  3.1356630e+002  5.2141178e+002
  3.1449021e+002  5.2155273e+002
  3.1463522e+002  5.2219822e+002
  3.1556562e+002  5.2229001e+002
  3.1646802e+002  5.2237310e+002
  3.1751299e+002  5.2316687e+002
  3.1838954e+002  5.2331625e+002
  3.1936813e+002  5.2418854e+002
  3.2038235e+002  5.2502426e+002
  3.2168735e+002  5.2607535e+002
  3.2226429e+002  5.2601593e+002
  3.2322788e+002  5.2667003e+002
  3.2531231e+002  5.2747560e+002
  3.2567184e+002  5.2672014e+002
  3.2639529e+002  5.2657010e+002
  3.2719004e+002  5.2727093e+002
  3.2799247e+002  5.2775616e+002
  3.2886272e+002  5.2765907e+002
  3.3086245e+002  5.2720099e+002
  3.3396053e+002  5.3008437e+002
  3.3526426e+002  5.2953794e+002
  3.3514520e+002  5.2856656e+002
  3.3512764e+002  5.2846323e+002
  3.3512246e+002  5.2769245e+002
  3.3609287e+002  5.2785523e+002
  3.3781339e+002  5.2794849e+002
  3.3865671e+002  5.2786524e+002
  3.3945782e+002  5.2774974e+002
  3.4030240e+002  5.2762394e+002
  3.4118820e+002  5.2753532e+002
  3.4210466e+002  5.2741274e+002
  3.4217018e+002  5.2672775e+002
  3.4313280e+002  5.2665363e+002
  3.4409592e+002  5.2658565e+002
  3.4504556e+002  5.2654802e+002
  3.4601872e+002  5.2645998e+002
  3.4600300e+002  5.2573064e+002
  3.4697292e+002  5.2565120e+002
  3.4802151e+002  5.2552744e+002
  3.4986338e+002  5.2547989e+002
  3.5065485e+002  5.2476532e+002
  3.5146412e+002  5.2479212e+002
  3.5230631e+002  5.2487049e+002
  3.5317837e+002  5.2499260e+002
  3.5409852e+002  5.2514974e+002
  3.5502647e+002  5.2527748e+002
  3.5663830e+002  5.2515975e+002
  3.5750971e+002  5.2501442e+002
  3.5835918e+002  5.2484941e+002
  3.5917555e+002  5.2472827e+002
  3.6001062e+002  5.2457980e+002
  3.6084661e+002  5.2435421e+002
  3.6089526e+002  5.2367151e+002
  3.6180797e+002  5.2353568e+002
  3.6278348e+002  5.2345247e+002
  3.6289078e+002  5.2284198e+002
  3.6390969e+002  5.2283145e+002
  3.6498669e+002  5.2285956e+002
  3.6608936e+002  5.2283251e+002
  3.6717617e+002  5.2274911e+002
  3.6825381e+002  5.2261896e+002
  3.6928036e+002  5.2256378e+002
  3.7022699e+002  5.2253811e+002
  3.7117374e+002  5.2253323e+002
  3.7213729e+002  5.2243056e+002
  3.7218295e+002  5.2177046e+002
  3.7317273e+002  5.2164559e+002
  3.7415679e+002  5.2153261e+002
  3.7512178e+002  5.2149889e+002
  3.7522755e+002  5.2091295e+002
  3.7621361e+002  5.2095181e+002
  3.7720017e+002  5.2101184e+002
  3.7842103e+002  5.2101865e+002
  3.7932680e+002  5.2098751e+002
  3.8022258e+002  5.2095757e+002
  3.8106417e+002  5.2097921e+002
  3.8237681e+002  5.2101222e+002
  3.8328777e+002  5.2097994e+002
  3.8417457e+002  5.2080639e+002
  3.8504006e+002  5.2059994e+002
  3.8590902e+002  5.2028846e+002
  3.8601956e+002  5.1974232e+002
  3.8693131e+002  5.1950779e+002
  3.8782075e+002  5.1932370e+002
  3.8800001e+002  5.1868632e+002
  3.8889957e+002  5.1854780e+002
  3.8977153e+002  5.1843302e+002
  3.8996491e+002  5.1771294e+002
  3.9080764e+002  5.1758997e+002
  3.9182709e+002  5.1667659e+002
  3.9280944e+002  5.1564665e+002
  3.9372317e+002  5.1463806e+002
  3.9481121e+002  5.1370141e+002
  3.9595234e+002  5.1286180e+002
  3.9709632e+002  5.1213627e+002
  3.9826308e+002  5.1146983e+002
  3.9948265e+002  5.1088562e+002
  4.0058557e+002  5.1008900e+002
  4.0101661e+002  5.1035710e+002
  4.0205619e+002  5.0947021e+002
  4.0307702e+002  5.0858369e+002
  4.0425981e+002  5.0722776e+002
  4.0501417e+002  5.0632656e+002
  4.0589565e+002  5.0550853e+002
  4.0721104e+002  5.0445602e+002
  4.0828841e+002  5.0352038e+002
  4.0908248e+002  5.0248826e+002
  4.1003441e+002  5.0180113e+002
  4.1111129e+002  5.0151632e+002
  4.1441860e+002  5.0174004e+002
  4.1434680e+002  5.0244405e+002
  4.1537035e+002  5.0149033e+002
  4.1658068e+002  5.0000267e+002
  4.1725939e+002  4.9976260e+002
  4.1811880e+002  4.9875569e+002
  4.1905588e+002  4.9785359e+002
  4.2000010e+002  4.9696195e+002
  4.2095247e+002  4.9603247e+002
  4.2183609e+002  4.9502211e+002
  4.2266507e+002  4.9394558e+002
  4.2345345e+002  4.9281733e+002
  4.2429121e+002  4.9169926e+002
  4.2515464e+002  4.9057350e+002
  4.2620265e+002  4.8948138e+002
  4.2565738e+002  4.8876506e+002
  4.2676604e+002  4.8776272e+002
  4.2781000e+002  4.8676168e+002
  4.2875352e+002  4.8574001e+002
  4.2966110e+002  4.8472574e+002
  4.3049599e+002  4.8367537e+002
  4.3119688e+002  4.8253837e+002
  4.3195487e+002  4.8147146e+002
  4.3140687e+002  4.8061192e+002
  4.3070046e+002  4.8068886e+002
  4.3081444e+002  4.7972444e+002
  4.3167533e+002  4.7871704e+002
  4.3255841e+002  4.7774651e+002
  4.3342416e+002  4.7679922e+002
  4.3417225e+002  4.7577811e+002
  4.3478748e+002  4.7458669e+002
  4.3540071e+002  4.7334257e+002
  4.3417194e+002  4.7277667e+002
  4.3358080e+002  4.7290724e+002
  4.3365238e+002  4.7188403e+002
  4.3376229e+002  4.7089319e+002
  4.3386859e+002  4.6990635e+002
  4.3396687e+002  4.6893631e+002
  4.3406361e+002  4.6800226e+002
  4.3413962e+002  4.6710478e+002
  4.3407514e+002  4.6619685e+002
  4.3417408e+002  4.6536677e+002
  4.3435907e+002  4.6425085e+002
  4.3451832e+002  4.6309622e+002
  4.3510467e+002  4.6310220e+002
  4.3527025e+002  4.6201254e+002
  4.3532741e+002  4.6098357e+002
  4.3532770e+002  4.5994777e+002
  4.3534510e+002  4.5895135e+002
  4.3542882e+002  4.5795311e+002
  4.3552516e+002  4.5696954e+002
  4.3615723e+002  4.5685507e+002
  4.3627847e+002  4.5587485e+002
  4.3642958e+002  4.5492797e+002
  4.3665623e+002  4.5397710e+002
  4.3736464e+002  4.5388142e+002
  4.3759325e+002  4.5297862e+002
  4.3820981e+002  4.5277529e+002
  4.3834325e+002  4.5184961e+002
  4.3849115e+002  4.5094066e+002
  4.3930565e+002  4.4989458e+002
  4.4010372e+002  4.4891231e+002
  4.4084562e+002  4.4786096e+002
  4.4159786e+002  4.4684922e+002
  4.4233784e+002  4.4592876e+002
  4.4297695e+002  4.4466726e+002
  4.4353038e+002  4.4370940e+002
  4.4387060e+002  4.4280305e+002
  4.4323628e+002  4.4170631e+002
  4.4737650e+002  4.3947246e+002
  4.4133400e+002  4.3875816e+002
  4.4046233e+002  4.3874957e+002
  4.3977760e+002  4.3875254e+002
  4.3977839e+002  4.3749213e+002
  4.3982425e+002  4.3653408e+002
  4.3990263e+002  4.3561106e+002
  4.3997177e+002  4.3469953e+002
  4.4001038e+002  4.3376365e+002
  4.4006361e+002  4.3278896e+002
  4.3953571e+002  4.3185152e+002
  4.3966673e+002  4.3088411e+002
  4.4021497e+002  4.3081492e+002
  4.4024849e+002  4.2969895e+002
  4.4027226e+002  4.2869487e+002
  4.4029939e+002  4.2766484e+002
  4.4038742e+002  4.2686550e+002
  4.4042561e+002  4.2583173e+002
  4.4042952e+002  4.2479835e+002
  4.4038910e+002  4.2355155e+002
  4.4032136e+002  4.2259318e+002
  4.4021716e+002  4.2163067e+002
  4.4010394e+002  4.2063266e+002
  4.3996454e+002  4.1957048e+002
  4.3986423e+002  4.1855236e+002
  4.3980152e+002  4.1753674e+002
  4.3984813e+002  4.1650984e+002
  4.3986979e+002  4.1563472e+002
  4.3994376e+002  4.1476235e+002
  4.4001090e+002  4.1339829e+002
  4.3990525e+002  4.1242717e+002
  4.3972676e+002  4.1144184e+002
  4.3947495e+002  4.1051708e+002
  4.3852258e+002  4.1052202e+002
  4.3823382e+002  4.0960451e+002
  4.3742934e+002  4.0963315e+002
  4.3675720e+002  4.0964770e+002
  4.3661975e+002  4.0862577e+002
  4.3597014e+002  4.0744709e+002
  4.3586652e+002  4.0637462e+002
  4.3575331e+002  4.0533698e+002
  4.3564650e+002  4.0433382e+002
  4.3559750e+002  4.0332058e+002
  4.3603359e+002  4.0178820e+002
  4.3602411e+002  4.0076269e+002
  4.3594981e+002  3.9977981e+002
  4.3582842e+002  3.9882459e+002
  4.3571046e+002  3.9790775e+002
  4.3559755e+002  3.9699170e+002
  4.3548070e+002  3.9606540e+002
  4.3473210e+002  3.9496059e+002
  4.3456228e+002  3.9404960e+002
  4.3442232e+002  3.9313123e+002
  4.3369023e+002  3.9206395e+002
  4.3367940e+002  3.9108525e+002
  4.3374558e+002  3.9010693e+002
  4.3385406e+002  3.8910246e+002
  4.3390059e+002  3.8810726e+002
  4.3387307e+002  3.8711415e+002
  4.3373651e+002  3.8614060e+002
  4.3347915e+002  3.8519860e+002
  4.3250032e+002  3.8423470e+002
  4.3226509e+002  3.8330007e+002
  4.3141429e+002  3.8224566e+002
  4.3061969e+002  3.8113295e+002
  4.3055875e+002  3.8018233e+002
  4.3055480e+002  3.7924816e+002
  4.3051701e+002  3.7831113e+002
  4.3048785e+002  3.7734457e+002
  4.2974024e+002  3.7618480e+002
  4.2956293e+002  3.7516939e+002
  4.2932067e+002  3.7416746e+002
  4.2847976e+002  3.7308852e+002
  4.2776474e+002  3.7199564e+002
  4.2773771e+002  3.7100812e+002
  4.2773862e+002  3.7006412e+002
  4.2770734e+002  3.6911475e+002
  4.2762554e+002  3.6814344e+002
  4.2753313e+002  3.6715289e+002
  4.2743322e+002  3.6616529e+002
  4.2677367e+002  3.6497632e+002
  4.2670893e+002  3.6400223e+002
  4.2656927e+002  3.6307406e+002
  4.2633019e+002  3.6218670e+002
  4.2548012e+002  3.6113343e+002
  4.2462087e+002  3.6008618e+002
  4.2439044e+002  3.5918870e+002
  4.2363710e+002  3.5810952e+002
  4.2351596e+002  3.5717467e+002
  4.2346912e+002  3.5620738e+002
  4.2283663e+002  3.5503007e+002
  4.2282391e+002  3.5404710e+002
  4.2277161e+002  3.5305471e+002
  4.2265319e+002  3.5208311e+002
  4.2243338e+002  3.5112696e+002
  4.2147293e+002  3.5002578e+002
  4.2060650e+002  3.4895212e+002
  4.2036287e+002  3.4804389e+002
  4.1957188e+002  3.4693909e+002
  4.1938008e+002  3.4601318e+002
  4.1871654e+002  3.4486230e+002
  4.1860144e+002  3.4391330e+002
  4.1849744e+002  3.4299178e+002
  4.1776235e+002  3.4192996e+002
  4.1758776e+002  3.4102786e+002
  4.1741979e+002  3.4010409e+002
  4.1670436e+002  3.3897502e+002
  4.1658598e+002  3.3802516e+002
  4.1645479e+002  3.3710699e+002
  4.1566723e+002  3.3606226e+002
  4.1548406e+002  3.3515358e+002
  4.1466593e+002  3.3406579e+002
  4.1442887e+002  3.3314590e+002
  4.1354577e+002  3.3205010e+002
  4.1329152e+002  3.3114524e+002
  4.1248392e+002  3.3008561e+002
  4.1175916e+002  3.2900210e+002
  4.1164027e+002  3.2806052e+002
  4.1153601e+002  3.2712403e+002
  4.1140461e+002  3.2619208e+002
  4.1063871e+002  3.2511673e+002
  4.1049493e+002  3.2420416e+002
  4.0973614e+002  3.2314796e+002
  4.0963315e+002  3.2220693e+002
  4.0954123e+002  3.2125974e+002
  4.0940828e+002  3.2030958e+002
  4.0860575e+002  3.1917722e+002
  4.0832163e+002  3.1823352e+002
  4.0740426e+002  3.1712685e+002
  4.0651308e+002  3.1604759e+002
  4.0628825e+002  3.1516279e+002
  4.0548715e+002  3.1412805e+002
  4.0472502e+002  3.1305643e+002
  4.0460675e+002  3.1213704e+002
  4.0449759e+002  3.1121383e+002
  4.0374472e+002  3.1015379e+002
  4.0361518e+002  3.0922640e+002
  4.0349235e+002  3.0830719e+002
  4.0266639e+002  3.0723503e+002
  4.0250644e+002  3.0635850e+002
  4.0232190e+002  3.0551048e+002
  4.0166130e+002  3.0528310e+002
  4.0141723e+002  3.0445759e+002
  4.0051801e+002  3.0339711e+002
  4.0019305e+002  3.0257394e+002
  3.9960512e+002  3.0227488e+002
  3.9929509e+002  3.0142893e+002
  3.9830588e+002  3.0024866e+002
  3.9732861e+002  2.9924522e+002
  3.9629039e+002  2.9830172e+002
  3.9520724e+002  2.9735542e+002
  3.9400626e+002  2.9620935e+002
  3.9309462e+002  2.9511622e+002
  3.9224033e+002  2.9398845e+002
  3.9135906e+002  2.9291555e+002
  3.9047419e+002  2.9188919e+002
  3.8961798e+002  2.9086371e+002
  3.8932472e+002  2.9003934e+002
  3.8850528e+002  2.8899717e+002
  3.8829404e+002  2.8815113e+002
  3.8757357e+002  2.8709559e+002
  3.8743938e+002  2.8624708e+002
  3.8671968e+002  2.8520897e+002
  3.8655462e+002  2.8439039e+002
  3.8636875e+002  2.8358728e+002
  3.8574611e+002  2.8340603e+002
  3.8550219e+002  2.8261066e+002
  3.8450431e+002  2.8165697e+002
  3.8292256e+002  2.8028332e+002
  3.8191492e+002  2.7937135e+002
  3.8092532e+002  2.7851378e+002
  3.8023340e+002  2.7828964e+002
  3.7919793e+002  2.7740375e+002
  3.7813687e+002  2.7649518e+002
  3.7712233e+002  2.7553003e+002
  3.7639499e+002  2.7525971e+002
  3.7544873e+002  2.7423124e+002
  3.7428739e+002  2.7301451e+002
  3.7331824e+002  2.7205659e+002
  3.7236057e+002  2.7112391e+002
  3.7139097e+002  2.7019673e+002
  3.7044496e+002  2.6922928e+002
  3.6947711e+002  2.6822400e+002
  3.6846335e+002  2.6721664e+002
  3.6745800e+002  2.6623622e+002
  3.6632606e+002  2.6505695e+002
  3.6538354e+002  2.6411714e+002
  3.6438413e+002  2.6321179e+002
  3.6331709e+002  2.6234536e+002
  3.6222135e+002  2.6149514e+002
  3.6109628e+002  2.6066191e+002
  3.6033460e+002  2.6042830e+002
  3.5928628e+002  2.5945189e+002
  3.5816956e+002  2.5829782e+002
  3.5721451e+002  2.5726590e+002
  3.5613456e+002  2.5630837e+002
  3.5506754e+002  2.5545717e+002
  3.5396768e+002  2.5463223e+002
  3.5320541e+002  2.5438816e+002
  3.5213734e+002  2.5348623e+002
  3.5109823e+002  2.5263141e+002
  3.5029059e+002  2.5245121e+002
  3.4916406e+002  2.5173388e+002
  3.4831788e+002  2.5160368e+002
  3.4748192e+002  2.5143758e+002
  3.4646907e+002  2.5046879e+002
  3.4547240e+002  2.4944034e+002
  3.4440851e+002  2.4847054e+002
  3.4322363e+002  2.4760279e+002
  3.4227524e+002  2.4740613e+002
  3.4100158e+002  2.4677819e+002
  3.4011971e+002  2.4669207e+002
  3.3930588e+002  2.4660464e+002
  3.3849308e+002  2.4649594e+002
  3.3746047e+002  2.4573662e+002
  3.3653845e+002  2.4557196e+002
  3.3540028e+002  2.4484877e+002
  3.3442114e+002  2.4466210e+002
  3.3347311e+002  2.4443047e+002
  3.3238679e+002  2.4368186e+002
  3.3150323e+002  2.4347163e+002
  3.3129987e+002  2.4301290e+002
  3.3042130e+002  2.4284290e+002
  3.2951158e+002  2.4271491e+002
  3.2841116e+002  2.4211892e+002
  3.2748200e+002  2.4194626e+002
  3.2655966e+002  2.4177330e+002
  3.2563262e+002  2.4159953e+002
  3.2470914e+002  2.4145357e+002
  3.2453943e+002  2.4094216e+002
  3.2361182e+002  2.4079067e+002
  3.2266446e+002  2.4065801e+002
  3.2168374e+002  2.4053617e+002
  3.2070129e+002  2.4040421e+002
  3.2058068e+002  2.3993069e+002
  3.1961573e+002  2.3982201e+002
  3.1865513e+002  2.3972804e+002
  3.1768740e+002  2.3965762e+002
  3.1669899e+002  2.3955780e+002
  3.1570174e+002  2.3944170e+002
  3.1560666e+002  2.3894820e+002
  3.1458869e+002  2.3880656e+002
  3.1358570e+002  2.3868973e+002
  3.1259475e+002  2.3857780e+002
  3.1161985e+002  2.3847595e+002
  3.1154757e+002  2.3802400e+002
  3.1061495e+002  2.3790589e+002
  3.0968327e+002  2.3782439e+002
  3.0873829e+002  2.3778425e+002
  3.0774470e+002  2.3779189e+002
  3.0668958e+002  2.3781206e+002
  3.0562333e+002  2.3781932e+002
  3.0458427e+002  2.3779891e+002
  3.0358604e+002  2.3773627e+002
  3.0261255e+002  2.3764143e+002
  3.0165604e+002  2.3752148e+002
  3.0070596e+002  2.3756069e+002
  2.9974084e+002  2.3746778e+002
  2.9966709e+002  2.3698381e+002
  2.9870496e+002  2.3688381e+002
  2.9775101e+002  2.3676904e+002
  2.9680751e+002  2.3663252e+002
  2.9587031e+002  2.3647130e+002
  2.9579189e+002  2.3604436e+002
  2.9484121e+002  2.3591528e+002
  2.9346242e+002  2.3588250e+002
  2.9258263e+002  2.3598320e+002
  2.9171468e+002  2.3608041e+002
  2.9082665e+002  2.3617796e+002
  2.8989237e+002  2.3621508e+002
  2.8890174e+002  2.3622655e+002
  2.8770394e+002  2.3619762e+002
  2.8668008e+002  2.3618266e+002
  2.8567518e+002  2.3617100e+002
  2.8469165e+002  2.3614180e+002
  2.8371939e+002  2.3609025e+002
  2.8278206e+002  2.3599497e+002
  2.8187968e+002  2.3588749e+002
  2.8015232e+002  2.3581154e+002
  2.7920582e+002  2.3587990e+002
  2.7831508e+002  2.3602760e+002
  2.7744834e+002  2.3627439e+002
  2.7658442e+002  2.3654352e+002
  2.7653592e+002  2.3693745e+002
  2.7563342e+002  2.3716681e+002
  2.7471012e+002  2.3733212e+002
  2.7378220e+002  2.3746518e+002
  2.7285113e+002  2.3762539e+002
  2.7272339e+002  2.3811087e+002
  2.7179028e+002  2.3823348e+002
  2.7084026e+002  2.3835707e+002
  2.6987726e+002  2.3844593e+002
  2.6886847e+002  2.3853423e+002
  2.6876262e+002  2.3889441e+002
  2.6770793e+002  2.3897111e+002
  2.6662762e+002  2.3907351e+002
  2.6555653e+002  2.3918355e+002
  2.6454758e+002  2.3929284e+002
  2.6358767e+002  2.3939476e+002
  2.6268735e+002  2.3948963e+002
  2.6176672e+002  2.3960331e+002
  2.6165705e+002  2.3998478e+002
  2.6071140e+002  2.4008813e+002
  2.5976916e+002  2.4025421e+002
  2.5887474e+002  2.4047528e+002
  2.5804914e+002  2.4080770e+002
  2.5788613e+002  2.4122221e+002
  2.5704734e+002  2.4149304e+002
  2.5622877e+002  2.4180727e+002
  2.5600055e+002  2.4223382e+002
  2.5507629e+002  2.4244842e+002
  2.5414953e+002  2.4266009e+002
  2.5395238e+002  2.4317637e+002
  2.5298557e+002  2.4333827e+002
  2.5181463e+002  2.4402246e+002
  2.5063216e+002  2.4466293e+002
  2.4943458e+002  2.4524234e+002
  2.4855966e+002  2.4480996e+002
  2.4738757e+002  2.4544522e+002
  2.4666505e+002  2.4533456e+002
  2.4613155e+002  2.4534254e+002
  2.4530052e+002  2.4543456e+002
  2.4458689e+002  2.4561894e+002
  2.4397666e+002  2.4589132e+002
  2.4355240e+002  2.4633017e+002
  2.4199620e+002  2.4806241e+002
  2.4156279e+002  2.4807143e+002
  2.4068478e+002  2.4823454e+002
  2.3982946e+002  2.4840491e+002
  2.3870344e+002  2.4907927e+002
  2.3786438e+002  2.4924513e+002
  2.3675685e+002  2.4997883e+002
  2.3567173e+002  2.5077190e+002
  2.3457356e+002  2.5158287e+002
  2.3351872e+002  2.5241328e+002
  2.3244576e+002  2.5322410e+002
  2.3182794e+002  2.5296137e+002
  2.3072046e+002  2.5382692e+002
  2.2962827e+002  2.5474883e+002
  2.2857813e+002  2.5566206e+002
  2.2744867e+002  2.5646052e+002
  2.2690908e+002  2.5620462e+002
  2.2577730e+002  2.5701943e+002
  2.2470873e+002  2.5792586e+002
  2.2367981e+002  2.5891112e+002
  2.2259824e+002  2.5999924e+002
  2.2170478e+002  2.6100256e+002
  2.2081305e+002  2.6199142e+002
  2.1991183e+002  2.6297963e+002
  2.1877152e+002  2.6408051e+002
  2.1776183e+002  2.6500193e+002
  2.1674878e+002  2.6587514e+002
  2.1576264e+002  2.6673589e+002
  2.1473809e+002  2.6784739e+002
  2.1373974e+002  2.6879622e+002
  2.1277768e+002  2.6976074e+002
  2.1160440e+002  2.7109862e+002
  2.1074859e+002  2.7213784e+002
  2.0989549e+002  2.7315292e+002
  2.0906938e+002  2.7419614e+002
  2.0821906e+002  2.7524793e+002
  2.0730093e+002  2.7628584e+002
  2.0636197e+002  2.7735600e+002
  2.0537959e+002  2.7842911e+002
  2.0420086e+002  2.7966540e+002
  2.0390360e+002  2.8029801e+002
  2.0305099e+002  2.8122951e+002
  2.0219555e+002  2.8206649e+002
  2.0063762e+002  2.8360939e+002
  2.0031037e+002  2.8436552e+002
  1.9980132e+002  2.8463106e+002
  1.9961833e+002  2.8544832e+002
  1.9907604e+002  2.8656148e+002
  1.9901672e+002  2.8749822e+002
  1.9842842e+002  2.8862964e+002
  1.9831711e+002  2.8960275e+002
  1.9816740e+002  2.9055650e+002
  1.9800815e+002  2.9147964e+002
  1.9729196e+002  2.9252717e+002
  1.9706427e+002  2.9336572e+002
  1.9683127e+002  2.9421546e+002
  1.9662160e+002  2.9508408e+002
  1.9642453e+002  2.9595040e+002
  1.9587634e+002  2.9624314e+002
  1.9570874e+002  2.9712443e+002
  1.9552821e+002  2.9796293e+002
  1.9535199e+002  2.9874487e+002
  1.9482988e+002  2.9912871e+002
  1.9462479e+002  2.9989004e+002
  1.9378434e+002  3.0102031e+002
  1.9344249e+002  3.0177172e+002
  1.9295530e+002  3.0216330e+002
  1.9212035e+002  3.0330397e+002
  1.9125279e+002  3.0434268e+002
  1.9042822e+002  3.0534474e+002
  1.8968740e+002  3.0632927e+002
  1.8907733e+002  3.0735085e+002
  1.8863103e+002  3.0843868e+002
  1.8827858e+002  3.0943389e+002
  1.8952464e+002  3.1052598e+002
  1.7877175e+002  3.0419300e+002
  1.8092426e+002  3.0460420e+002
  1.8139375e+002  3.0534747e+002
  1.8249193e+002  3.0501765e+002
  1.7773623e+002  3.0124035e+002
  1.7144551e+002  3.0046348e+002
  1.7233080e+002  3.0067392e+002
  1.7175309e+002  3.0107957e+002
  1.7149023e+002  3.0108203e+002
  1.7444044e+002  3.0095273e+002
  1.6368381e+002  2.9608815e+002
  1.6421178e+002  2.9500586e+002
  1.6426546e+002  2.9485820e+002
  1.6364993e+002  2.9466869e+002
  1.6353566e+002  2.9593740e+002
  1.5995984e+002  2.9430457e+002
  1.5898940e+002  2.9698945e+002
  1.6058743e+002  2.9799296e+002
  1.6158161e+002  2.9814323e+002
  1.6224719e+002  2.9791951e+002
  1.6242898e+002  2.9984136e+002
  1.6245017e+002  3.0057454e+002
  1.6265815e+002  3.0126691e+002
  1.6345939e+002  3.0155190e+002
  1.6341573e+002  3.0210886e+002
  1.6335830e+002  3.0274512e+002
  1.6376045e+002  3.0337267e+002
  1.6368313e+002  3.0669886e+002
  1.6339628e+002  3.0731780e+002
  1.6313570e+002  3.0766686e+002
  1.6230245e+002  3.0797440e+002
  1.6155312e+002  3.0821202e+002
  1.6134503e+002  3.0876393e+002
  1.6082552e+002  3.0959660e+002
  1.6060687e+002  3.1060389e+002
  1.6050180e+002  3.1168808e+002
  1.6051665e+002  3.1275688e+002
  1.6085291e+002  3.1468331e+002
  1.6121684e+002  3.1613708e+002
  1.6111468e+002  3.1687940e+002
  1.6084324e+002  3.1767124e+002
  1.6043749e+002  3.1862919e+002
  1.6014973e+002  3.2054802e+002
  1.5987044e+002  3.2265109e+002
  1.5958790e+002  3.2435226e+002
  1.5965904e+002  3.2508990e+002
  1.5991600e+002  3.2591122e+002
  1.5997488e+002  3.2682414e+002
  1.5991140e+002  3.2784070e+002
  1.5969190e+002  3.2894544e+002
  1.5942974e+002  3.3009138e+002
  1.5900140e+002  3.3114052e+002
  1.5903560e+002  3.3289670e+002
  1.5989836e+002  3.3431779e+002
  1.6075249e+002  3.3504696e+002
  1.6111904e+002  3.3604780e+002
  1.6099660e+002  3.3719680e+002
  1.6088341e+002  3.3836504e+002
  1.6096994e+002  3.3933483e+002
  1.6119803e+002  3.4015859e+002
  1.6156999e+002  3.4096219e+002
  1.6210741e+002  3.4196684e+002
  1.6244527e+002  3.4292620e+002
  1.6264684e+002  3.4396267e+002
  1.6318851e+002  3.4498634e+002
  1.6321163e+002  3.4605801e+002
  1.6294679e+002  3.4720007e+002
  1.6226747e+002  3.4968324e+002
  1.6178517e+002  3.5156091e+002
  1.6165485e+002  3.5321632e+002
  1.6163805e+002  3.5425775e+002
  1.6169102e+002  3.5554525e+002
  1.6177032e+002  3.5698985e+002
  1.6173738e+002  3.5779848e+002
  1.6159326e+002  3.5864925e+002
  1.6145154e+002  3.5963750e+002
  1.6100666e+002  3.6075928e+002
  1.6106400e+002  3.6198845e+002
  1.6118148e+002  3.6319514e+002
  1.6147600e+002  3.6418840e+002
  1.6174273e+002  3.6505865e+002
  1.6121988e+002  3.6612021e+002
  1.6080144e+002  3.6695715e+002
  1.6077265e+002  3.6768669e+002
  1.6053776e+002  3.6840433e+002
  1.5997368e+002  3.6946607e+002
  1.5991596e+002  3.6948102e+002
  1.5915258e+002  3.7078606e+002
  1.5906022e+002  3.7106404e+002
  1.5823805e+002  3.7123791e+002
  1.5913475e+002  3.7181069e+002
  1.5697922e+002  3.7317875e+002
  1.5662068e+002  3.7291906e+002
  1.5550090e+002  3.7434168e+002
  1.5489307e+002  3.7564520e+002
  1.5465420e+002  3.7658232e+002
  1.5446052e+002  3.7751516e+002
  1.5379928e+002  3.7871307e+002
  1.5368233e+002  3.7959182e+002
  1.5347545e+002  3.8041072e+002
  1.5312444e+002  3.8029720e+002
  1.5225590e+002  3.8090667e+002
  1.5110013e+002  3.8170768e+002
  1.5048705e+002  3.8229126e+002
  1.4801608e+002  3.8497345e+002
  1.4652225e+002  3.8496701e+002
  1.4646074e+002  3.8686114e+002
  1.4714797e+002  3.8771407e+002
  1.4781418e+002  3.8870313e+002
  1.4852193e+002  3.8965846e+002
  1.4904285e+002  3.9080128e+002
  1.4878754e+002  3.9186774e+002
  1.4941748e+002  3.9232237e+002
  1.4970122e+002  3.9255080e+002
  1.5111088e+002  3.9227984e+002
  1.5383078e+002  3.9026887e+002
  1.5491154e+002  3.8992423e+002
  1.5574110e+002  3.8957774e+002
  1.5641820e+002  3.9068620e+002
  1.5682030e+002  3.9080569e+002
  1.5730732e+002  3.9103737e+002
  1.5788751e+002  3.9116897e+002
  1.5852878e+002  3.9125310e+002
  1.5897996e+002  3.9120484e+002
  1.6301505e+002  3.9332555e+002
  1.6423612e+002  3.9394725e+002
  1.6367324e+002  3.9494445e+002
  1.6340028e+002  3.9585288e+002
  1.6271293e+002  3.9631931e+002
  1.6282247e+002  3.9752357e+002
  1.6260559e+002  3.9845114e+002
  1.6289213e+002  3.9963276e+002
  1.6309928e+002  4.0098936e+002
  1.6332368e+002  4.0194251e+002
  1.6324717e+002  4.0295473e+002
  1.6282224e+002  4.0398755e+002
  1.6229579e+002  4.0530711e+002
  1.6195753e+002  4.0598624e+002
  1.6136477e+002  4.0713187e+002
  1.6086547e+002  4.0795645e+002
  1.6071838e+002  4.0877997e+002
  1.6062390e+002  4.0959004e+002
  1.6049722e+002  4.1042524e+002
  1.6001425e+002  4.1048913e+002
  1.6003379e+002  4.1145647e+002
  1.6004990e+002  4.1251361e+002
  1.5993000e+002  4.1371584e+002
  1.5972653e+002  4.1502712e+002
  1.5907533e+002  4.1636060e+002
  1.5821331e+002  4.1724869e+002
  1.5774759e+002  4.1774100e+002
  1.5752377e+002  4.1848975e+002
  1.5747965e+002  4.1934385e+002
  1.5714395e+002  4.1960462e+002
  1.5703857e+002  4.2047500e+002
  1.5690195e+002  4.2144366e+002
  1.5669383e+002  4.2250202e+002
  1.5646248e+002  4.2359099e+002
  1.5587079e+002  4.2478127e+002
  1.5583676e+002  4.2573594e+002
  1.5614810e+002  4.2708130e+002
  1.5651477e+002  4.2793229e+002
  1.5771646e+002  4.2870365e+002
  1.5903827e+002  4.2934165e+002
  1.5943827e+002  4.2907303e+002
  1.5913213e+002  4.3038028e+002
  1.5914971e+002  4.3128910e+002
  1.5994968e+002  4.3251936e+002
  1.6089693e+002  4.3446245e+002
  1.6200085e+002  4.3530400e+002
  1.6280641e+002  4.3649245e+002
  1.6337347e+002  4.3738280e+002
  1.6327992e+002  4.3788870e+002
  1.6330737e+002  4.3851937e+002
  1.6341468e+002  4.3895400e+002
  1.6504062e+002  4.3906723e+002
  1.6552041e+002  4.3918593e+002
  1.6623114e+002  4.3930948e+002
  1.6742122e+002  4.4015200e+002
  1.6782012e+002  4.4067444e+002
  1.6947920e+002  4.4285169e+002
  1.6918588e+002  4.4474860e+002
  1.6896535e+002  4.4601093e+002
  1.6878646e+002  4.4630166e+002
  1.6928015e+002  4.4673527e+002
  1.6990465e+002  4.4708020e+002
  1.7214140e+002  4.5155661e+002
  1.7200741e+002  4.5291597e+002
  1.7189212e+002  4.5367248e+002
  1.7193281e+002  4.5452723e+002
  1.7194735e+002  4.5546097e+002
  1.7207668e+002  4.5688011e+002
  1.7249077e+002  4.5779958e+002
  1.7282180e+002  4.5881886e+002
  1.7350930e+002  4.6009507e+002
  1.7452425e+002  4.6103235e+002
  1.7574925e+002  4.6178514e+002
  1.7694992e+002  4.6232154e+002
  1.7758530e+002  4.6239404e+002
  1.7910427e+002  4.6399262e+002
  1.8085791e+002  4.6399737e+002
  1.8207765e+002  4.6564947e+002
  1.8204507e+002  4.6682958e+002
  1.8198876e+002  4.6794452e+002
  1.8212370e+002  4.6900022e+002
  1.8233624e+002  4.6985089e+002
  1.8231169e+002  4.7068801e+002
  1.8188957e+002  4.7161861e+002
  1.8144940e+002  4.7253510e+002
  1.8073113e+002  4.7355419e+002
  1.8097834e+002  4.7410056e+002
  1.8093608e+002  4.7481465e+002
  1.7943953e+002  4.7694614e+002
  1.7906100e+002  4.7804939e+002
  1.7905634e+002  4.7896015e+002
  1.7902788e+002  4.7972503e+002
  1.7893013e+002  4.8058421e+002
  1.7879410e+002  4.8250018e+002
  1.7897788e+002  4.8401988e+002
  1.7931768e+002  4.8468652e+002
  1.7980104e+002  4.8536219e+002
  1.8080824e+002  4.8464851e+002
  1.8244658e+002  4.8515804e+002
  1.8280896e+002  4.8534534e+002
  1.8338602e+002  4.8550063e+002
  1.8344060e+002  4.8618702e+002
  1.8419796e+002  4.8711220e+002
  1.8512556e+002  4.8783053e+002
  1.8654288e+002  4.8948545e+002
  1.8658284e+002  4.8952966e+002
  1.8688146e+002  4.9077658e+002
  1.8686006e+002  4.9163668e+002
  1.8694848e+002  4.9259607e+002
  1.8714100e+002  4.9306348e+002
  1.8885743e+002  4.9506595e+002
  1.8862131e+002  4.9597048e+002
  1.8824348e+002  4.9753132e+002
  1.8716907e+002  4.9897275e+002
  1.8649566e+002  4.9974750e+002
  1.8604409e+002  5.0063772e+002
  1.8613498e+002  5.0159226e+002
  1.8629328e+002  5.0267096e+002
  1.8644436e+002  5.0392274e+002
  1.8659539e+002  5.0484366e+002
  1.8731505e+002  5.0584043e+002
  1.8717656e+002  5.0667536e+002
  1.8731331e+002  5.0727175e+002
  1.8739712e+002  5.0908069e+002
  1.8740497e+002  5.0973315e+002
  1.8737088e+002  5.1047778e+002
  1.8735811e+002  5.1116783e+002
  1.8663383e+002  5.1181419e+002
  1.8657559e+002  5.1232907e+002
