  1.9712869e+002  4.0490017e+002
  1.9717212e+002  4.0600572e+002
  1.9732152e+002  4.0704918e+002
  1.9760071e+002  4.0806109e+002
  1.9844040e+002  4.0905462e+002
  1.9878938e+002  4.0999751e+002
  1.9945204e+002  4.1109705e+002
  1.9961513e+002  4.1206401e+002
  2.0018677e+002  4.1322578e+002
  2.0041678e+002  4.1414351e+002
  2.0067377e+002  4.1502129e+002
  2.0144667e+002  4.1599734e+002
  2.0165644e+002  4.1687163e+002
  2.0233525e+002  4.1787748e+002
  2.0244598e+002  4.1880535e+002
  2.0255786e+002  4.1967438e+002
  2.0333384e+002  4.2078551e+002
  2.0359803e+002  4.2161900e+002
  2.0470890e+002  4.2272146e+002
  2.0584954e+002  4.2378887e+002
  2.0686210e+002  4.2492062e+002
  2.0774192e+002  4.2609232e+002
  2.0852254e+002  4.2725184e+002
  2.0929348e+002  4.2835721e+002
  2.0953234e+002  4.2922035e+002
  2.1020357e+002  4.3027121e+002
  2.1029780e+002  4.3118001e+002
  2.1034211e+002  4.3209953e+002
  2.1040570e+002  4.3302142e+002
  2.1051336e+002  4.3392081e+002
  2.1123195e+002  4.3497257e+002
  2.1146700e+002  4.3586216e+002
  2.1169450e+002  4.3674211e+002
  2.1257280e+002  4.3773569e+002
  2.1355568e+002  4.3868217e+002
  2.1456392e+002  4.3959255e+002
  2.1549239e+002  4.4061935e+002
  2.1565613e+002  4.4149388e+002
  2.1626871e+002  4.4175166e+002
  2.1637616e+002  4.4267318e+002
  2.1646048e+002  4.4359983e+002
  2.1659855e+002  4.4450833e+002
  2.1754755e+002  4.4553239e+002
  2.1863423e+002  4.4651079e+002
  2.1975595e+002  4.4750339e+002
  2.2082019e+002  4.4862839e+002
  2.2198448e+002  4.4996436e+002
  2.2289880e+002  4.5088314e+002
  2.2390490e+002  4.5176533e+002
  2.2489942e+002  4.5271780e+002
  2.2576595e+002  4.5373622e+002
  2.2665738e+002  4.5465308e+002
  2.2779191e+002  4.5536794e+002
  2.2860563e+002  4.5547010e+002
  2.2942141e+002  4.5561633e+002
  2.3007076e+002  4.5671061e+002
  2.3083748e+002  4.5765292e+002
  2.3148620e+002  4.5877842e+002
  2.3157786e+002  4.5971723e+002
  2.3233776e+002  4.6084253e+002
  2.3249149e+002  4.6172090e+002
  2.3264143e+002  4.6258627e+002
  2.3347512e+002  4.6356813e+002
  2.3356221e+002  4.6435679e+002
  2.3416907e+002  4.6458541e+002
  2.3425089e+002  4.6537237e+002
  2.3500230e+002  4.6644532e+002
  2.3591712e+002  4.6749959e+002
  2.3774966e+002  4.6885637e+002
  2.3887571e+002  4.6934665e+002
  2.3975343e+002  4.6940459e+002
  2.4066283e+002  4.6947866e+002
  2.4161638e+002  4.6958169e+002
  2.4276773e+002  4.7041587e+002
  2.4362521e+002  4.7064136e+002
  2.4443511e+002  4.7177016e+002
  2.4445675e+002  4.7258003e+002
  2.4456671e+002  4.7334631e+002
  2.4535993e+002  4.7372224e+002
  2.4596941e+002  4.7478183e+002
  2.4690082e+002  4.7554480e+002
  2.4805526e+002  4.7652900e+002
  2.4907272e+002  4.7746243e+002
  2.4979878e+002  4.7767194e+002
  2.5074235e+002  4.7867137e+002
  2.5173854e+002  4.7964749e+002
  2.5280033e+002  4.8057783e+002
  2.5389478e+002  4.8154030e+002
  2.5491689e+002  4.8258470e+002
  2.5589907e+002  4.8365190e+002
  2.5688334e+002  4.8465967e+002
  2.5795275e+002  4.8551453e+002
  2.5904570e+002  4.8629650e+002
  2.5985236e+002  4.8648643e+002
  2.6064684e+002  4.8671848e+002
  2.6158224e+002  4.8772522e+002
  2.6247610e+002  4.8882250e+002
  2.6253857e+002  4.8964882e+002
  2.6349407e+002  4.9058575e+002
  2.6368591e+002  4.9132759e+002
  2.6463178e+002  4.9130259e+002
  2.6564568e+002  4.9124710e+002
  2.6667033e+002  4.9123427e+002
  2.6765551e+002  4.9128194e+002
  2.6861117e+002  4.9143300e+002
  2.6950489e+002  4.9170482e+002
  2.7064886e+002  4.9277899e+002
  2.7166163e+002  4.9377459e+002
  2.7269618e+002  4.9467097e+002
  2.7384210e+002  4.9548425e+002
  2.7481660e+002  4.9566226e+002
  2.7595582e+002  4.9653660e+002
  2.7696394e+002  4.9758156e+002
  2.7778323e+002  4.9873020e+002
  2.7863755e+002  4.9977686e+002
  2.7963476e+002  5.0067699e+002
  2.8076632e+002  5.0140372e+002
  2.8176287e+002  5.0137009e+002
  2.8281581e+002  5.0133893e+002
  2.8385446e+002  5.0137049e+002
  2.8488851e+002  5.0147124e+002
  2.8588100e+002  5.0166165e+002
  2.8689470e+002  5.0252996e+002
  2.8789833e+002  5.0345797e+002
  2.8884804e+002  5.0372857e+002
  2.8990534e+002  5.0455481e+002
  2.9095976e+002  5.0526404e+002
  2.9191343e+002  5.0527807e+002
  2.9284343e+002  5.0536799e+002
  2.9374969e+002  5.0548797e+002
  2.9467642e+002  5.0564558e+002
  2.9569061e+002  5.0638166e+002
  2.9672829e+002  5.0646064e+002
  2.9776149e+002  5.0652670e+002
  2.9885139e+002  5.0722309e+002
  2.9986026e+002  5.0731898e+002
  3.0085571e+002  5.0743402e+002
  3.0184788e+002  5.0752382e+002
  3.0289359e+002  5.0825800e+002
  3.0384681e+002  5.0839064e+002
  3.0479750e+002  5.0851668e+002
  3.0585151e+002  5.0930362e+002
  3.0681502e+002  5.0942157e+002
  3.0783143e+002  5.0947968e+002
  3.0886450e+002  5.0951865e+002
  3.0994459e+002  5.1019881e+002
  3.1091277e+002  5.1026939e+002
  3.1184027e+002  5.1035954e+002
  3.1277148e+002  5.1046886e+002
  3.1371440e+002  5.1061741e+002
  3.1470609e+002  5.1148842e+002
  3.1569059e+002  5.1158129e+002
  3.1671695e+002  5.1232382e+002
  3.1770900e+002  5.1221542e+002
  3.1873304e+002  5.1207730e+002
  3.1977440e+002  5.1201843e+002
  3.2084205e+002  5.1206647e+002
  3.2193571e+002  5.1213720e+002
  3.2303473e+002  5.1220731e+002
  3.2408370e+002  5.1227158e+002
  3.2509203e+002  5.1235259e+002
  3.2607499e+002  5.1243794e+002
  3.2703116e+002  5.1255789e+002
  3.2795141e+002  5.1313835e+002
  3.2886381e+002  5.1322563e+002
  3.2980795e+002  5.1335053e+002
  3.3076022e+002  5.1346834e+002
  3.3173674e+002  5.1359078e+002
  3.3273332e+002  5.1420490e+002
  3.3370608e+002  5.1422322e+002
  3.3506528e+002  5.1419711e+002
  3.3602265e+002  5.1411400e+002
  3.3698698e+002  5.1405547e+002
  3.3798621e+002  5.1402581e+002
  3.3897880e+002  5.1401718e+002
  3.3996366e+002  5.1398932e+002
  3.4089395e+002  5.1398889e+002
  3.4178396e+002  5.1393044e+002
  3.4267120e+002  5.1384940e+002
  3.4360966e+002  5.1374075e+002
  3.4459301e+002  5.1366061e+002
  3.4632734e+002  5.1369600e+002
  3.4724545e+002  5.1384161e+002
  3.4814439e+002  5.1411197e+002
  3.4901608e+002  5.1441502e+002
  3.4986155e+002  5.1466238e+002
  3.5072568e+002  5.1546464e+002
  3.5163270e+002  5.1553876e+002
  3.5261656e+002  5.1625231e+002
  3.5361323e+002  5.1625929e+002
  3.5526445e+002  5.1613675e+002
  3.5617137e+002  5.1597488e+002
  3.5708719e+002  5.1587779e+002
  3.5802356e+002  5.1587312e+002
  3.5898474e+002  5.1591737e+002
  3.5995271e+002  5.1597380e+002
  3.6091707e+002  5.1593088e+002
  3.6188635e+002  5.1583196e+002
  3.6285166e+002  5.1566358e+002
  3.6383310e+002  5.1551779e+002
  3.6482476e+002  5.1543148e+002
  3.6580346e+002  5.1464739e+002
  3.6672727e+002  5.1457200e+002
  3.6764252e+002  5.1449587e+002
  3.6869261e+002  5.1373135e+002
  3.6965209e+002  5.1373315e+002
  3.7062760e+002  5.1371804e+002
  3.7165221e+002  5.1370565e+002
  3.7270175e+002  5.1369547e+002
  3.7407276e+002  5.1365656e+002
  3.7499383e+002  5.1364044e+002
  3.7591038e+002  5.1369710e+002
  3.7683639e+002  5.1377947e+002
  3.7776486e+002  5.1385254e+002
  3.7868985e+002  5.1386474e+002
  3.7960543e+002  5.1387529e+002
  3.8052881e+002  5.1383259e+002
  3.8197692e+002  5.1378938e+002
  3.8297782e+002  5.1366262e+002
  3.8394112e+002  5.1358128e+002
  3.8485361e+002  5.1344743e+002
  3.8579119e+002  5.1242116e+002
  3.8674196e+002  5.1146145e+002
  3.8778449e+002  5.1067275e+002
  3.8875046e+002  5.1057761e+002
  3.8972828e+002  5.1047847e+002
  3.9085987e+002  5.0966419e+002
  3.9184088e+002  5.0956253e+002
  3.9282380e+002  5.0949351e+002
  3.9388338e+002  5.0874518e+002
  3.9484598e+002  5.0874915e+002
  3.9583535e+002  5.0883093e+002
  3.9686445e+002  5.0893203e+002
  3.9788846e+002  5.0903411e+002
  3.9885757e+002  5.0904474e+002
  3.9976945e+002  5.0894352e+002
  4.0065550e+002  5.0868171e+002
  4.0152250e+002  5.0833258e+002
  4.0268264e+002  5.0711750e+002
  4.0355935e+002  5.0623054e+002
  4.0464439e+002  5.0508082e+002
  4.0565537e+002  5.0410175e+002
  4.0666079e+002  5.0318506e+002
  4.0769582e+002  5.0240639e+002
  4.0881437e+002  5.0178908e+002
  4.0983718e+002  5.0216576e+002
  4.1063093e+002  5.0247556e+002
  4.1147827e+002  5.0255931e+002
  4.1143238e+002  5.0326985e+002
  4.1291369e+002  5.0312977e+002
  4.1386799e+002  5.0271585e+002
  4.1494211e+002  5.0212066e+002
  4.1566591e+002  5.0113474e+002
  4.1648197e+002  5.0003049e+002
  4.1657836e+002  4.9916449e+002
  4.1734584e+002  4.9804618e+002
  4.1739867e+002  4.9717420e+002
  4.1749836e+002  4.9631659e+002
  4.1765117e+002  4.9547995e+002
  4.1873416e+002  4.9452006e+002
  4.1972672e+002  4.9425619e+002
  4.2066839e+002  4.9334792e+002
  4.2163689e+002  4.9217263e+002
  4.2232659e+002  4.9105469e+002
  4.2238273e+002  4.9006347e+002
  4.2249672e+002  4.8913954e+002
  4.2265494e+002  4.8827175e+002
  4.2364117e+002  4.8727156e+002
  4.2470447e+002  4.8629472e+002
  4.2571551e+002  4.8535486e+002
  4.2665741e+002  4.8437644e+002
  4.2756743e+002  4.8329393e+002
  4.2850818e+002  4.8217848e+002
  4.2945984e+002  4.8111993e+002
  4.2955790e+002  4.8020270e+002
  4.3039280e+002  4.7918868e+002
  4.3045471e+002  4.7824670e+002
  4.3052617e+002  4.7727937e+002
  4.3139470e+002  4.7618868e+002
  4.3145289e+002  4.7519391e+002
  4.3157195e+002  4.7422311e+002
  4.3237059e+002  4.7320137e+002
  4.3253005e+002  4.7227002e+002
  4.3335439e+002  4.7128170e+002
  4.3351012e+002  4.7030477e+002
  4.3423963e+002  4.6923472e+002
  4.3427106e+002  4.6823573e+002
  4.3425576e+002  4.6723203e+002
  4.3419674e+002  4.6620858e+002
  4.3418390e+002  4.6519963e+002
  4.3418331e+002  4.6418046e+002
  4.3424938e+002  4.6319464e+002
  4.3436386e+002  4.6223498e+002
  4.3456859e+002  4.6128872e+002
  4.3543065e+002  4.6034480e+002
  4.3566467e+002  4.5937897e+002
  4.3626699e+002  4.5830034e+002
  4.3641467e+002  4.5734200e+002
  4.3647661e+002  4.5636744e+002
  4.3649834e+002  4.5536939e+002
  4.3650352e+002  4.5434373e+002
  4.3719626e+002  4.5313842e+002
  4.3731215e+002  4.5213757e+002
  4.3748680e+002  4.5118570e+002
  4.3775698e+002  4.5029829e+002
  4.3874663e+002  4.4940943e+002
  4.3969786e+002  4.4848072e+002
  4.4051612e+002  4.4741134e+002
  4.4129482e+002  4.4631622e+002
  4.4137882e+002  4.4535067e+002
  4.4142539e+002  4.4435542e+002
  4.4145524e+002  4.4333892e+002
  4.4142065e+002  4.4228296e+002
  4.4130530e+002  4.4091871e+002
  4.4116181e+002  4.4001647e+002
  4.4105124e+002  4.3909106e+002
  4.4099106e+002  4.3811801e+002
  4.4102815e+002  4.3710903e+002
  4.4112451e+002  4.3609229e+002
  4.4121190e+002  4.3493408e+002
  4.4131297e+002  4.3395034e+002
  4.4139661e+002  4.3296067e+002
  4.4146622e+002  4.3196709e+002
  4.4146852e+002  4.3099946e+002
  4.4150326e+002  4.3004958e+002
  4.4208951e+002  4.2914448e+002
  4.4213553e+002  4.2821678e+002
  4.4221131e+002  4.2723065e+002
  4.4227708e+002  4.2620436e+002
  4.4231719e+002  4.2515713e+002
  4.4233642e+002  4.2410096e+002
  4.4228500e+002  4.2290239e+002
  4.4217152e+002  4.2196062e+002
  4.4209979e+002  4.2100591e+002
  4.4209624e+002  4.2001451e+002
  4.4219085e+002  4.1899436e+002
  4.4229994e+002  4.1783952e+002
  4.4235925e+002  4.1688596e+002
  4.4242407e+002  4.1597671e+002
  4.4247892e+002  4.1508856e+002
  4.4254508e+002  4.1417889e+002
  4.4308694e+002  4.1322015e+002
  4.4308286e+002  4.1189231e+002
  4.4303625e+002  4.1090330e+002
  4.4300337e+002  4.0996965e+002
  4.4296825e+002  4.0904588e+002
  4.4292784e+002  4.0814788e+002
  4.4282959e+002  4.0723637e+002
  4.4271666e+002  4.0631189e+002
  4.4261557e+002  4.0535293e+002
  4.4259644e+002  4.0435634e+002
  4.4256834e+002  4.0332269e+002
  4.4257753e+002  4.0224930e+002
  4.4259242e+002  4.0113350e+002
  4.4257760e+002  4.0004962e+002
  4.4253311e+002  3.9902396e+002
  4.4241939e+002  3.9806102e+002
  4.4152760e+002  3.9703795e+002
  4.4134968e+002  3.9610602e+002
  4.4053512e+002  3.9499544e+002
  4.4036741e+002  3.9405012e+002
  4.3961047e+002  3.9294672e+002
  4.3950161e+002  3.9202652e+002
  4.3945059e+002  3.9111082e+002
  4.3884710e+002  3.9002077e+002
  4.3886399e+002  3.8906148e+002
  4.3886811e+002  3.8808846e+002
  4.3883765e+002  3.8710534e+002
  4.3879387e+002  3.8609860e+002
  4.3870729e+002  3.8507228e+002
  4.3862626e+002  3.8404931e+002
  4.3852205e+002  3.8306497e+002
  4.3836676e+002  3.8212564e+002
  4.3761978e+002  3.8114664e+002
  4.3753816e+002  3.8019397e+002
  4.3751504e+002  3.7918670e+002
  4.3755870e+002  3.7815114e+002
  4.3758909e+002  3.7710485e+002
  4.3754789e+002  3.7606933e+002
  4.3742182e+002  3.7504138e+002
  4.3676287e+002  3.7395192e+002
  4.3666338e+002  3.7294789e+002
  4.3659025e+002  3.7195926e+002
  4.3651931e+002  3.7098785e+002
  4.3645674e+002  3.7002392e+002
  4.3589160e+002  3.6893225e+002
  4.3583205e+002  3.6793347e+002
  4.3570638e+002  3.6693920e+002
  4.3556395e+002  3.6596397e+002
  4.3537328e+002  3.6500503e+002
  4.3459752e+002  3.6400658e+002
  4.3444214e+002  3.6308163e+002
  4.3373477e+002  3.6207722e+002
  4.3363196e+002  3.6110046e+002
  4.3353735e+002  3.6010849e+002
  4.3348424e+002  3.5910052e+002
  4.3288931e+002  3.5795653e+002
  4.3283400e+002  3.5694175e+002
  4.3273883e+002  3.5597149e+002
  4.3262669e+002  3.5500167e+002
  4.3246881e+002  3.5404560e+002
  4.3176145e+002  3.5295730e+002
  4.3156413e+002  3.5202218e+002
  4.3133464e+002  3.5111456e+002
  4.3051678e+002  3.5005183e+002
  4.3024391e+002  3.4917474e+002
  4.2938349e+002  3.4811578e+002
  4.2854789e+002  3.4704791e+002
  4.2833409e+002  3.4615554e+002
  4.2760389e+002  3.4505664e+002
  4.2748078e+002  3.4413396e+002
  4.2683242e+002  3.4297942e+002
  4.2669628e+002  3.4204709e+002
  4.2650949e+002  3.4112992e+002
  4.2625636e+002  3.4024144e+002
  4.2544555e+002  3.3913514e+002
  4.2463414e+002  3.3807265e+002
  4.2440281e+002  3.3716361e+002
  4.2363838e+002  3.3610137e+002
  4.2345963e+002  3.3520732e+002
  4.2271099e+002  3.3412506e+002
  4.2253703e+002  3.3325127e+002
  4.2232250e+002  3.3239904e+002
  4.2142760e+002  3.3138597e+002
  4.2047887e+002  3.3034905e+002
  4.1949608e+002  3.2926933e+002
  4.1856894e+002  3.2814439e+002
  4.1829495e+002  3.2723156e+002
  4.1738256e+002  3.2615408e+002
  4.1645527e+002  3.2510202e+002
  4.1560762e+002  3.2404323e+002
  4.1550737e+002  3.2313148e+002
  4.1550743e+002  3.2218929e+002
  4.1548468e+002  3.2119703e+002
  4.1491785e+002  3.1999658e+002
  4.1471651e+002  3.1903119e+002
  4.1445618e+002  3.1809593e+002
  4.1355560e+002  3.1704695e+002
  4.1321890e+002  3.1620250e+002
  4.1221432e+002  3.1527701e+002
  4.1121925e+002  3.1428004e+002
  4.1025974e+002  3.1321302e+002
  4.0931581e+002  3.1212984e+002
  4.0847700e+002  3.1103353e+002
  4.0777364e+002  3.0991068e+002
  4.0767760e+002  3.0898309e+002
  4.0760862e+002  3.0804036e+002
  4.0756107e+002  3.0709685e+002
  4.0747931e+002  3.0616001e+002
  4.0680209e+002  3.0501481e+002
  4.0662148e+002  3.0410604e+002
  4.0635473e+002  3.0321971e+002
  4.0544088e+002  3.0216569e+002
  4.0446315e+002  3.0110440e+002
  4.0348688e+002  3.0005540e+002
  4.0262091e+002  2.9900880e+002
  4.0240577e+002  2.9816241e+002
  4.0164917e+002  2.9706189e+002
  4.0149067e+002  2.9623714e+002
  4.0069809e+002  2.9511056e+002
  4.0043148e+002  2.9426869e+002
  3.9956595e+002  2.9317321e+002
  3.9929205e+002  2.9233985e+002
  3.9844631e+002  2.9131091e+002
  3.9758599e+002  2.9027999e+002
  3.9733868e+002  2.8949661e+002
  3.9633228e+002  2.8847248e+002
  3.9492905e+002  2.8728717e+002
  3.9382609e+002  2.8645422e+002
  3.9276693e+002  2.8559432e+002
  3.9205150e+002  2.8538041e+002
  3.9118516e+002  2.8438552e+002
  3.9006804e+002  2.8304719e+002
  3.8928873e+002  2.8199144e+002
  3.8850409e+002  2.8128243e+002
  3.8834325e+002  2.8043230e+002
  3.8759002e+002  2.7938065e+002
  3.8741110e+002  2.7856420e+002
  3.8684865e+002  2.7828358e+002
  3.8665107e+002  2.7747155e+002
  3.8650260e+002  2.7668276e+002
  3.8572825e+002  2.7558082e+002
  3.8422250e+002  2.7431094e+002
  3.8300852e+002  2.7369645e+002
  3.8216913e+002  2.7362620e+002
  3.8132505e+002  2.7352366e+002
  3.8053352e+002  2.7338028e+002
  3.8020106e+002  2.7255706e+002
  3.7950383e+002  2.7229271e+002
  3.7923012e+002  2.7144880e+002
  3.7830667e+002  2.7034275e+002
  3.7711591e+002  2.6905901e+002
  3.7617421e+002  2.6817248e+002
  3.7525454e+002  2.6729344e+002
  3.7418808e+002  2.6623093e+002
  3.7316649e+002  2.6524562e+002
  3.7213341e+002  2.6433369e+002
  3.7109750e+002  2.6352649e+002
  3.7025019e+002  2.6340705e+002
  3.6912298e+002  2.6261716e+002
  3.6825384e+002  2.6240583e+002
  3.6715870e+002  2.6146831e+002
  3.6613334e+002  2.6050776e+002
  3.6534587e+002  2.6023612e+002
  3.6433919e+002  2.5926607e+002
  3.6327945e+002  2.5828985e+002
  3.6218071e+002  2.5733604e+002
  3.6113773e+002  2.5641508e+002
  3.6006320e+002  2.5557924e+002
  3.5923458e+002  2.5538134e+002
  3.5808793e+002  2.5453045e+002
  3.5725314e+002  2.5422951e+002
  3.5619154e+002  2.5325109e+002
  3.5517448e+002  2.5225229e+002
  3.5414477e+002  2.5123846e+002
  3.5310439e+002  2.5026012e+002
  3.5207622e+002  2.4937566e+002
  3.5099760e+002  2.4869147e+002
  3.5010492e+002  2.4866065e+002
  3.4923673e+002  2.4860526e+002
  3.4837518e+002  2.4843168e+002
  3.4721793e+002  2.4752349e+002
  3.4636019e+002  2.4716057e+002
  3.4529101e+002  2.4612224e+002
  3.4426399e+002  2.4515424e+002
  3.4319905e+002  2.4435674e+002
  3.4201371e+002  2.4373002e+002
  3.4101107e+002  2.4369421e+002
  3.4004152e+002  2.4368207e+002
  3.3909223e+002  2.4362540e+002
  3.3814487e+002  2.4349174e+002
  3.3697360e+002  2.4274170e+002
  3.3604105e+002  2.4247006e+002
  3.3494692e+002  2.4173956e+002
  3.3401785e+002  2.4153709e+002
  3.3309283e+002  2.4138472e+002
  3.3200061e+002  2.4077782e+002
  3.3108995e+002  2.4063386e+002
  3.3017818e+002  2.4048750e+002
  3.2905218e+002  2.3984427e+002
  3.2808530e+002  2.3973630e+002
  3.2711308e+002  2.3965726e+002
  3.2614442e+002  2.3956785e+002
  3.2519253e+002  2.3943181e+002
  3.2413117e+002  2.3866629e+002
  3.2319865e+002  2.3831154e+002
  3.2212155e+002  2.3743226e+002
  3.2097083e+002  2.3673669e+002
  3.1996699e+002  2.3664340e+002
  3.1897412e+002  2.3659529e+002
  3.1801668e+002  2.3650559e+002
  3.1706615e+002  2.3634954e+002
  3.1599117e+002  2.3575538e+002
  3.1502512e+002  2.3559697e+002
  3.1406250e+002  2.3542679e+002
  3.1296629e+002  2.3485690e+002
  3.1199056e+002  2.3474269e+002
  3.1100328e+002  2.3468440e+002
  3.0997757e+002  2.3467211e+002
  3.0894826e+002  2.3475201e+002
  3.0777766e+002  2.3482575e+002
  3.0681397e+002  2.3489903e+002
  3.0586939e+002  2.3495354e+002
  3.0489400e+002  2.3497359e+002
  3.0391512e+002  2.3489242e+002
  3.0290869e+002  2.3472094e+002
  3.0243905e+002  2.3466100e+002
  3.0030343e+002  2.3459140e+002
  2.9891583e+002  2.3450001e+002
  2.9821418e+002  2.3434721e+002
  2.9720731e+002  2.3376825e+002
  2.9621486e+002  2.3371038e+002
  2.9521736e+002  2.3368904e+002
  2.9372037e+002  2.3374248e+002
  2.9277444e+002  2.3390641e+002
  2.9186593e+002  2.3402210e+002
  2.9102990e+002  2.3412769e+002
  2.9023310e+002  2.3425563e+002
  2.8950496e+002  2.3436596e+002
  2.8874053e+002  2.3442399e+002
  2.8784162e+002  2.3435988e+002
  2.8560565e+002  2.3413126e+002
  2.8473936e+002  2.3392406e+002
  2.8433373e+002  2.3418910e+002
  2.8371313e+002  2.3418519e+002
  2.8217295e+002  2.3329219e+002
  2.8126730e+002  2.3288512e+002
  2.8027281e+002  2.3300196e+002
  2.7841817e+002  2.3335833e+002
  2.7669399e+002  2.3394376e+002
  2.7563531e+002  2.3442270e+002
  2.7484153e+002  2.3450102e+002
  2.7405011e+002  2.3518408e+002
  2.7337033e+002  2.3556323e+002
  2.7261451e+002  2.3652640e+002
  2.7256021e+002  2.3709156e+002
  2.7160780e+002  2.3731001e+002
  2.7042227e+002  2.3725802e+002
  2.6844855e+002  2.3697111e+002
  2.6684217e+002  2.3658067e+002
  2.6596932e+002  2.3652923e+002
  2.6498503e+002  2.3665641e+002
  2.6354439e+002  2.3693935e+002
  2.6264956e+002  2.3743063e+002
  2.6177453e+002  2.3772154e+002
  2.6086498e+002  2.3820605e+002
  2.5989925e+002  2.3823652e+002
  2.5891963e+002  2.3822218e+002
  2.5795434e+002  2.3819730e+002
  2.5695859e+002  2.3819464e+002
  2.5596315e+002  2.3823340e+002
  2.5498047e+002  2.3834980e+002
  2.5402346e+002  2.3860712e+002
  2.5306855e+002  2.3950406e+002
  2.5212188e+002  2.4030950e+002
  2.5114105e+002  2.4054020e+002
  2.4988516e+002  2.4094559e+002
  2.4879497e+002  2.4103579e+002
  2.4774610e+002  2.4115405e+002
  2.4677354e+002  2.4139243e+002
  2.4586573e+002  2.4174858e+002
  2.4484127e+002  2.4267219e+002
  2.4388008e+002  2.4361849e+002
  2.4286930e+002  2.4443298e+002
  2.4199325e+002  2.4467305e+002
  2.4089592e+002  2.4538990e+002
  2.3998101e+002  2.4557854e+002
  2.3887308e+002  2.4620842e+002
  2.3797290e+002  2.4636900e+002
  2.3710042e+002  2.4650555e+002
  2.3610776e+002  2.4722038e+002
  2.3519156e+002  2.4741112e+002
  2.3423745e+002  2.4757963e+002
  2.3306821e+002  2.4820004e+002
  2.3207344e+002  2.4834713e+002
  2.3111511e+002  2.4852334e+002
  2.3000262e+002  2.4929867e+002
  2.2907479e+002  2.4957827e+002
  2.2801011e+002  2.5035623e+002
  2.2710334e+002  2.5066125e+002
  2.2602542e+002  2.5146989e+002
  2.2514282e+002  2.5175624e+002
  2.2406833e+002  2.5257682e+002
  2.2307672e+002  2.5343774e+002
  2.2228406e+002  2.5376724e+002
  2.2134112e+002  2.5464901e+002
  2.2035921e+002  2.5555596e+002
  2.1933903e+002  2.5653898e+002
  2.1833447e+002  2.5756050e+002
  2.1739608e+002  2.5850599e+002
  2.1640721e+002  2.5940634e+002
  2.1558469e+002  2.5964948e+002
  2.1523004e+002  2.6026565e+002
  2.1435560e+002  2.6053241e+002
  2.1304809e+002  2.6175064e+002
  2.1192061e+002  2.6253721e+002
  2.1102328e+002  2.6348222e+002
  2.1039282e+002  2.6383729e+002
  2.0927285e+002  2.6517124e+002
  2.0841696e+002  2.6615288e+002
  2.0755658e+002  2.6712781e+002
  2.0737229e+002  2.6789566e+002
  2.0653925e+002  2.6885653e+002
  2.0643423e+002  2.6959916e+002
  2.0561659e+002  2.7058200e+002
  2.0549191e+002  2.7133811e+002
  2.0476108e+002  2.7165023e+002
  2.0458378e+002  2.7243855e+002
  2.0360594e+002  2.7359883e+002
  2.0299556e+002  2.7474956e+002
  2.0219628e+002  2.7557622e+002
  2.0130597e+002  2.7653787e+002
  2.0039464e+002  2.7756951e+002
  1.9944313e+002  2.7858983e+002
  1.9814027e+002  2.8011060e+002
  1.9748376e+002  2.8118585e+002
  1.9683324e+002  2.8226501e+002
  1.9667624e+002  2.8310578e+002
  1.9653842e+002  2.8394266e+002
  1.9640682e+002  2.8476696e+002
  1.9571480e+002  2.8587769e+002
  1.9560879e+002  2.8678511e+002
  1.9554503e+002  2.8775215e+002
  1.9546070e+002  2.8876413e+002
  1.9466504e+002  2.8985829e+002
  1.9440120e+002  2.9074317e+002
  1.9334992e+002  2.9182680e+002
  1.9239314e+002  2.9294980e+002
  1.9162032e+002  2.9401377e+002
  1.9140844e+002  2.9496116e+002
  1.9086849e+002  2.9616955e+002
  1.9075116e+002  2.9723262e+002
  1.9070150e+002  2.9826216e+002
  1.9065918e+002  2.9926435e+002
  1.9061693e+002  3.0022585e+002
  1.9045978e+002  3.0113368e+002
  1.8970930e+002  3.0218532e+002
  1.8943077e+002  3.0308073e+002
  1.8861939e+002  3.0412288e+002
  1.8833606e+002  3.0498958e+002
  1.8756263e+002  3.0601733e+002
  1.8739260e+002  3.0691456e+002
  1.8690686e+002  3.0801304e+002
  1.8690843e+002  3.0898461e+002
  1.8688600e+002  3.0998613e+002
  1.8680727e+002  3.1097778e+002
  1.8665263e+002  3.1197653e+002
  1.8646952e+002  3.1294453e+002
  1.8582624e+002  3.1400936e+002
  1.8568044e+002  3.1492852e+002
  1.8556330e+002  3.1583269e+002
  1.8542853e+002  3.1675716e+002
  1.8492840e+002  3.1778343e+002
  1.8490507e+002  3.1881236e+002
  1.8498254e+002  3.1988754e+002
  1.8507955e+002  3.2125119e+002
  1.8521940e+002  3.2213719e+002
  1.8531876e+002  3.2303170e+002
  1.8542565e+002  3.2397084e+002
  1.8548093e+002  3.2493743e+002
  1.8551687e+002  3.2586176e+002
  1.8589065e+002  3.2674275e+002
  1.8569890e+002  3.2831626e+002
  1.8556112e+002  3.2910091e+002
  1.8541280e+002  3.2992536e+002
  1.8477085e+002  3.3079479e+002
  1.8467044e+002  3.3172520e+002
  1.8465218e+002  3.3268773e+002
  1.8487384e+002  3.3426405e+002
  1.8520835e+002  3.3513911e+002
  1.8554564e+002  3.3601129e+002
  1.8633494e+002  3.3685691e+002
  1.8651859e+002  3.3776631e+002
  1.8712880e+002  3.3869910e+002
  1.8718070e+002  3.3968843e+002
  1.8716211e+002  3.4072554e+002
  1.8713417e+002  3.4215426e+002
  1.8699977e+002  3.4311514e+002
  1.8685925e+002  3.4409360e+002
  1.8673770e+002  3.4507037e+002
  1.8669398e+002  3.4604669e+002
  1.8669716e+002  3.4703291e+002
  1.8679005e+002  3.4825274e+002
  1.8688735e+002  3.4921827e+002
  1.8699586e+002  3.5018835e+002
  1.8708154e+002  3.5118181e+002
  1.8709174e+002  3.5212892e+002
  1.8705754e+002  3.5304556e+002
  1.8696677e+002  3.5393734e+002
  1.8691915e+002  3.5484776e+002
  1.8693270e+002  3.5576335e+002
  1.8698300e+002  3.5680107e+002
  1.8710689e+002  3.5805268e+002
  1.8721604e+002  3.5909608e+002
  1.8732267e+002  3.6011356e+002
  1.8745245e+002  3.6109589e+002
  1.8757056e+002  3.6205704e+002
  1.8815759e+002  3.6306180e+002
  1.8820272e+002  3.6400622e+002
  1.8815678e+002  3.6498088e+002
  1.8805165e+002  3.6596824e+002
  1.8800498e+002  3.6699833e+002
  1.8802671e+002  3.6801127e+002
  1.8820090e+002  3.6904301e+002
  1.8843918e+002  3.7007735e+002
  1.8869837e+002  3.7107194e+002
  1.8934821e+002  3.7207050e+002
  1.8952882e+002  3.7300682e+002
  1.9019415e+002  3.7406304e+002
  1.9036257e+002  3.7498770e+002
  1.9059118e+002  3.7589214e+002
  1.9129393e+002  3.7686980e+002
  1.9136365e+002  3.7782958e+002
  1.9134797e+002  3.7885338e+002
  1.9122674e+002  3.7995153e+002
  1.9114137e+002  3.8117302e+002
  1.9105876e+002  3.8206003e+002
  1.9103681e+002  3.8295807e+002
  1.9106464e+002  3.8386363e+002
  1.9114861e+002  3.8479060e+002
  1.9136071e+002  3.8611047e+002
  1.9161448e+002  3.8706750e+002
  1.9223015e+002  3.8810853e+002
  1.9240281e+002  3.8908003e+002
  1.9255609e+002  3.9002448e+002
  1.9321794e+002  3.9097142e+002
  1.9332071e+002  3.9184076e+002
  1.9337273e+002  3.9274986e+002
  1.9340231e+002  3.9371644e+002
  1.9340974e+002  3.9474766e+002
  1.9343387e+002  3.9587135e+002
  1.9349169e+002  3.9681528e+002
  1.9360486e+002  3.9800182e+002
  1.9420410e+002  3.9900470e+002
  1.9452289e+002  3.9991395e+002
  1.9540842e+002  4.0082049e+002
  1.9569561e+002  4.0173646e+002
  1.9648363e+002  4.0273047e+002
