  1.9927579e+002  4.0702840e+002
  1.9940049e+002  4.0799684e+002
  1.9957636e+002  4.0892181e+002
  2.0033816e+002  4.0998780e+002
  2.0058995e+002  4.1092008e+002
  2.0133105e+002  4.1200223e+002
  2.0148043e+002  4.1299506e+002
  2.0157232e+002  4.1397120e+002
  2.0216021e+002  4.1507377e+002
  2.0229416e+002  4.1597230e+002
  2.0246243e+002  4.1685703e+002
  2.0267497e+002  4.1774345e+002
  2.0343825e+002  4.1883413e+002
  2.0360076e+002  4.1977342e+002
  2.0440696e+002  4.2093970e+002
  2.0460383e+002  4.2180608e+002
  2.0566092e+002  4.2287803e+002
  2.0674315e+002  4.2391521e+002
  2.0770232e+002  4.2502107e+002
  2.0855474e+002  4.2615410e+002
  2.0930793e+002  4.2723826e+002
  2.0947684e+002  4.2813613e+002
  2.0961468e+002  4.2905670e+002
  2.1019157e+002  4.3017727e+002
  2.1029339e+002  4.3109894e+002
  2.1039890e+002  4.3200785e+002
  2.1053455e+002  4.3291530e+002
  2.1125776e+002  4.3399107e+002
  2.1148502e+002  4.3486760e+002
  2.1169911e+002  4.3572053e+002
  2.1254639e+002  4.3671382e+002
  2.1341235e+002  4.3770272e+002
  2.1361431e+002  4.3852419e+002
  2.1453263e+002  4.3953585e+002
  2.1538209e+002  4.4059752e+002
  2.1549950e+002  4.4151183e+002
  2.1562330e+002  4.4244604e+002
  2.1628199e+002  4.4269517e+002
  2.1644035e+002  4.4361526e+002
  2.1664252e+002  4.4447860e+002
  2.1737298e+002  4.4470898e+002
  2.1760324e+002  4.4555176e+002
  2.1865462e+002  4.4657610e+002
  2.1975482e+002  4.4758532e+002
  2.2078510e+002  4.4870941e+002
  2.2169987e+002  4.4984882e+002
  2.2262139e+002  4.5094551e+002
  2.2356916e+002  4.5197590e+002
  2.2445769e+002  4.5300457e+002
  2.2468521e+002  4.5384176e+002
  2.2552627e+002  4.5492197e+002
  2.2655130e+002  4.5583975e+002
  2.2762271e+002  4.5664264e+002
  2.2892427e+002  4.5779137e+002
  2.2969693e+002  4.5871684e+002
  2.3039538e+002  4.5980577e+002
  2.3053537e+002  4.6067883e+002
  2.3137748e+002  4.6181433e+002
  2.3157571e+002  4.6269645e+002
  2.3249361e+002  4.6380138e+002
  2.3271002e+002  4.6457681e+002
  2.3367662e+002  4.6554812e+002
  2.3460400e+002  4.6647997e+002
  2.3528624e+002  4.6677197e+002
  2.3550117e+002  4.6747425e+002
  2.3617830e+002  4.6776026e+002
  2.3681259e+002  4.6887786e+002
  2.3777525e+002  4.6971461e+002
  2.3883879e+002  4.7052410e+002
  2.3994450e+002  4.7134252e+002
  2.4076569e+002  4.7150288e+002
  2.4177693e+002  4.7237218e+002
  2.4255588e+002  4.7257215e+002
  2.4345246e+002  4.7364727e+002
  2.4368309e+002  4.7448049e+002
  2.4439915e+002  4.7484441e+002
  2.4469985e+002  4.7566747e+002
  2.4583917e+002  4.7682144e+002
  2.4686238e+002  4.7764681e+002
  2.4798927e+002  4.7853226e+002
  2.4911589e+002  4.7947381e+002
  2.4989060e+002  4.7976274e+002
  2.5090028e+002  4.8074565e+002
  2.5183798e+002  4.8168011e+002
  2.5284558e+002  4.8256574e+002
  2.5393209e+002  4.8344853e+002
  2.5479322e+002  4.8369015e+002
  2.5583730e+002  4.8462893e+002
  2.5684464e+002  4.8553047e+002
  2.5788626e+002  4.8643494e+002
  2.5873732e+002  4.8668662e+002
  2.5982560e+002  4.8758019e+002
  2.6083888e+002  4.8848211e+002
  2.6164889e+002  4.8871755e+002
  2.6254990e+002  4.8969892e+002
  2.6350745e+002  4.9064814e+002
  2.6456943e+002  4.9144437e+002
  2.6554944e+002  4.9143206e+002
  2.6655612e+002  4.9149016e+002
  2.6758706e+002  4.9165188e+002
  2.6878397e+002  4.9257780e+002
  2.6992366e+002  4.9353329e+002
  2.7100229e+002  4.9439787e+002
  2.7192062e+002  4.9463594e+002
  2.7294382e+002  4.9538171e+002
  2.7388252e+002  4.9555185e+002
  2.7496243e+002  4.9625852e+002
  2.7588620e+002  4.9647990e+002
  2.7680514e+002  4.9670626e+002
  2.7775011e+002  4.9767321e+002
  2.7859547e+002  4.9871053e+002
  2.7940215e+002  4.9963663e+002
  2.7932564e+002  5.0041528e+002
  2.8038130e+002  5.0112154e+002
  2.8216483e+002  5.0172602e+002
  2.8293507e+002  5.0175514e+002
  2.8377469e+002  5.0177237e+002
  2.8487224e+002  5.0194093e+002
  2.8590901e+002  5.0219054e+002
  2.8695195e+002  5.0245068e+002
  2.8795526e+002  5.0265138e+002
  2.8895275e+002  5.0337830e+002
  2.8989513e+002  5.0348880e+002
  2.9082254e+002  5.0366354e+002
  2.9184688e+002  5.0451844e+002
  2.9279411e+002  5.0546055e+002
  2.9373044e+002  5.0564832e+002
  2.9474158e+002  5.0644568e+002
  2.9575166e+002  5.0647985e+002
  2.9673385e+002  5.0651703e+002
  2.9775427e+002  5.0716622e+002
  2.9870691e+002  5.0727959e+002
  2.9970313e+002  5.0744200e+002
  3.0072297e+002  5.0761334e+002
  3.0188949e+002  5.0834031e+002
  3.0290794e+002  5.0840693e+002
  3.0391127e+002  5.0848527e+002
  3.0486182e+002  5.0859594e+002
  3.0580695e+002  5.0935695e+002
  3.0675072e+002  5.0949801e+002
  3.0777113e+002  5.0957732e+002
  3.0888861e+002  5.1006302e+002
  3.0996768e+002  5.1007758e+002
  3.1100519e+002  5.1014605e+002
  3.1200233e+002  5.1024692e+002
  3.1298032e+002  5.1037115e+002
  3.1395371e+002  5.1051397e+002
  3.1490138e+002  5.1133860e+002
  3.1583066e+002  5.1148821e+002
  3.1679218e+002  5.1163133e+002
  3.1777664e+002  5.1232948e+002
  3.1881258e+002  5.1231966e+002
  3.1987513e+002  5.1230466e+002
  3.2091210e+002  5.1230210e+002
  3.2196869e+002  5.1232175e+002
  3.2299196e+002  5.1239376e+002
  3.2399260e+002  5.1249437e+002
  3.2497940e+002  5.1261748e+002
  3.2608432e+002  5.1322361e+002
  3.2706040e+002  5.1330590e+002
  3.2802008e+002  5.1337799e+002
  3.2888136e+002  5.1330345e+002
  3.2980342e+002  5.1342443e+002
  3.3073508e+002  5.1360108e+002
  3.3174736e+002  5.1433864e+002
  3.3270135e+002  5.1449624e+002
  3.3367883e+002  5.1461860e+002
  3.3468814e+002  5.1529927e+002
  3.3566174e+002  5.1533836e+002
  3.3663872e+002  5.1535195e+002
  3.3761713e+002  5.1538631e+002
  3.3862719e+002  5.1542633e+002
  3.3971520e+002  5.1546385e+002
  3.4084953e+002  5.1546726e+002
  3.4200874e+002  5.1544284e+002
  3.4314139e+002  5.1542436e+002
  3.4382224e+002  5.1540948e+002
  3.4477579e+002  5.1552979e+002
  3.4623057e+002  5.1628565e+002
  3.4706849e+002  5.1647537e+002
  3.4792426e+002  5.1667236e+002
  3.4880110e+002  5.1741096e+002
  3.4975574e+002  5.1751474e+002
  3.5070776e+002  5.1824454e+002
  3.5169209e+002  5.1829851e+002
  3.5267731e+002  5.1833622e+002
  3.5369508e+002  5.1832743e+002
  3.5516393e+002  5.1822430e+002
  3.5604478e+002  5.1812461e+002
  3.5696326e+002  5.1805601e+002
  3.5791200e+002  5.1799531e+002
  3.5891700e+002  5.1795158e+002
  3.5993487e+002  5.1793493e+002
  3.6093517e+002  5.1793553e+002
  3.6194186e+002  5.1794455e+002
  3.6295163e+002  5.1797731e+002
  3.6398436e+002  5.1801409e+002
  3.6499898e+002  5.1802684e+002
  3.6600818e+002  5.1799328e+002
  3.6697038e+002  5.1789784e+002
  3.6792290e+002  5.1775300e+002
  3.6886810e+002  5.1761126e+002
  3.6980486e+002  5.1749638e+002
  3.7073049e+002  5.1667821e+002
  3.7164933e+002  5.1663582e+002
  3.7259708e+002  5.1658796e+002
  3.7358330e+002  5.1660279e+002
  3.7464344e+002  5.1663688e+002
  3.7574950e+002  5.1673594e+002
  3.7696994e+002  5.1683235e+002
  3.7782668e+002  5.1694779e+002
  3.7869191e+002  5.1705172e+002
  3.7961217e+002  5.1701769e+002
  3.8086863e+002  5.1683814e+002
  3.8191733e+002  5.1664151e+002
  3.8292357e+002  5.1647955e+002
  3.8399557e+002  5.1564121e+002
  3.8496651e+002  5.1561806e+002
  3.8593743e+002  5.1561634e+002
  3.8689720e+002  5.1560505e+002
  3.8783990e+002  5.1548348e+002
  3.8879896e+002  5.1444254e+002
  3.8962139e+002  5.1327501e+002
  3.9056847e+002  5.1226421e+002
  3.9170391e+002  5.1139150e+002
  3.9285367e+002  5.1056697e+002
  3.9377485e+002  5.1044892e+002
  3.9480168e+002  5.0964414e+002
  3.9574210e+002  5.0969615e+002
  3.9671760e+002  5.0987756e+002
  3.9775052e+002  5.1012223e+002
  3.9880458e+002  5.1027437e+002
  3.9981635e+002  5.1020214e+002
  4.0076191e+002  5.0988697e+002
  4.0163249e+002  5.0945337e+002
  4.0280207e+002  5.0802287e+002
  4.0362695e+002  5.0699928e+002
  4.0437928e+002  5.0606280e+002
  4.0447574e+002  5.0529045e+002
  4.0462526e+002  5.0451649e+002
  4.0571306e+002  5.0407820e+002
  4.0678442e+002  5.0320922e+002
  4.0787739e+002  5.0237807e+002
  4.0894094e+002  5.0165945e+002
  4.0965429e+002  5.0138070e+002
  4.1070544e+002  5.0059277e+002
  4.1157517e+002  5.0051346e+002
  4.1245836e+002  5.0044047e+002
  4.1261243e+002  4.9954804e+002
  4.1351355e+002  4.9946187e+002
  4.1454237e+002  4.9850035e+002
  4.1541504e+002  4.9837833e+002
  4.1554712e+002  4.9753290e+002
  4.1639047e+002  4.9736241e+002
  4.1654578e+002  4.9650592e+002
  4.1757262e+002  4.9608150e+002
  4.1852046e+002  4.9502209e+002
  4.1950324e+002  4.9399102e+002
  4.2049593e+002  4.9303935e+002
  4.2070058e+002  4.9217546e+002
  4.2157062e+002  4.9121695e+002
  4.2232468e+002  4.9014359e+002
  4.2244790e+002  4.8917943e+002
  4.2255702e+002  4.8823548e+002
  4.2341159e+002  4.8714961e+002
  4.2353729e+002  4.8624248e+002
  4.2445552e+002  4.8527645e+002
  4.2459975e+002  4.8437794e+002
  4.2559478e+002  4.8347224e+002
  4.2662028e+002  4.8256772e+002
  4.2752759e+002  4.8256048e+002
  4.2847980e+002  4.8243407e+002
  4.2851685e+002  4.8144140e+002
  4.2941049e+002  4.8025367e+002
  4.2938828e+002  4.7923620e+002
  4.2942270e+002  4.7823828e+002
  4.2954721e+002  4.7728450e+002
  4.3057733e+002  4.7628684e+002
  4.3167764e+002  4.7528832e+002
  4.3263649e+002  4.7424585e+002
  4.3344409e+002  4.7319298e+002
  4.3348358e+002  4.7222259e+002
  4.3350535e+002  4.7124379e+002
  4.3416409e+002  4.7014962e+002
  4.3418785e+002  4.6918585e+002
  4.3425297e+002  4.6820418e+002
  4.3433943e+002  4.6720993e+002
  4.3441013e+002  4.6620102e+002
  4.3445711e+002  4.6518657e+002
  4.3448537e+002  4.6420927e+002
  4.3454683e+002  4.6326723e+002
  4.3536994e+002  4.6235070e+002
  4.3555592e+002  4.6139931e+002
  4.3642462e+002  4.6033545e+002
  4.3655733e+002  4.5927170e+002
  4.3736513e+002  4.5811528e+002
  4.3735968e+002  4.5702936e+002
  4.3732244e+002  4.5597270e+002
  4.3737990e+002  4.5497943e+002
  4.3752295e+002  4.5402847e+002
  4.3850191e+002  4.5302998e+002
  4.3954430e+002  4.5201129e+002
  4.4049632e+002  4.5095458e+002
  4.4063669e+002  4.5000604e+002
  4.4139071e+002  4.4895478e+002
  4.4143740e+002  4.4805828e+002
  4.4151961e+002  4.4715953e+002
  4.4238003e+002  4.4625049e+002
  4.4246205e+002  4.4530420e+002
  4.4249578e+002  4.4429705e+002
  4.4244135e+002  4.4322665e+002
  4.4232221e+002  4.4214096e+002
  4.4215588e+002  4.4095221e+002
  4.4203446e+002  4.4003986e+002
  4.4198731e+002  4.3908482e+002
  4.4205785e+002  4.3800545e+002
  4.4226690e+002  4.3697496e+002
  4.4249124e+002  4.3597466e+002
  4.4250547e+002  4.3495983e+002
  4.4323775e+002  4.3398333e+002
  4.4318030e+002  4.3303002e+002
  4.4313444e+002  4.3210201e+002
  4.4312252e+002  4.3117380e+002
  4.4318041e+002  4.3021136e+002
  4.4320560e+002  4.2921142e+002
  4.4320299e+002  4.2819252e+002
  4.4316003e+002  4.2716238e+002
  4.4312807e+002  4.2612478e+002
  4.4314689e+002  4.2509151e+002
  4.4316791e+002  4.2380541e+002
  4.4313257e+002  4.2281798e+002
  4.4303778e+002  4.2187011e+002
  4.4290120e+002  4.2094221e+002
  4.4280195e+002  4.2000359e+002
  4.4274456e+002  4.1904912e+002
  4.4277067e+002  4.1806941e+002
  4.4285288e+002  4.1705369e+002
  4.4297842e+002  4.1589612e+002
  4.4306863e+002  4.1494972e+002
  4.4313074e+002  4.1399831e+002
  4.4316308e+002  4.1304241e+002
  4.4315651e+002  4.1208390e+002
  4.4313848e+002  4.1112730e+002
  4.4311298e+002  4.0993024e+002
  4.4306724e+002  4.0894284e+002
  4.4298813e+002  4.0797657e+002
  4.4289085e+002  4.0700897e+002
  4.4281107e+002  4.0606031e+002
  4.4279920e+002  4.0507154e+002
  4.4285751e+002  4.0405601e+002
  4.4294455e+002  4.0301356e+002
  4.4299420e+002  4.0185379e+002
  4.4297142e+002  4.0093998e+002
  4.4294469e+002  4.0002487e+002
  4.4291872e+002  3.9908866e+002
  4.4286513e+002  3.9780415e+002
  4.4274620e+002  3.9683930e+002
  4.4259701e+002  3.9590149e+002
  4.4240970e+002  3.9498850e+002
  4.4178304e+002  3.9396958e+002
  4.4167178e+002  3.9303674e+002
  4.4163845e+002  3.9208437e+002
  4.4166618e+002  3.9113182e+002
  4.4173865e+002  3.9014595e+002
  4.4184080e+002  3.8912697e+002
  4.4186265e+002  3.8796029e+002
  4.4186068e+002  3.8700716e+002
  4.4181663e+002  3.8604153e+002
  4.4172573e+002  3.8484225e+002
  4.4157302e+002  3.8385293e+002
  4.4140292e+002  3.8289585e+002
  4.4074891e+002  3.8191718e+002
  4.4062104e+002  3.8095509e+002
  4.4051444e+002  3.7997627e+002
  4.4045464e+002  3.7897903e+002
  4.3996111e+002  3.7792679e+002
  4.3989200e+002  3.7693859e+002
  4.3979613e+002  3.7597214e+002
  4.3965668e+002  3.7501118e+002
  4.3950968e+002  3.7403373e+002
  4.3937024e+002  3.7303690e+002
  4.3879078e+002  3.7195250e+002
  4.3871529e+002  3.7093653e+002
  4.3865197e+002  3.6992778e+002
  4.3858190e+002  3.6895108e+002
  4.3842013e+002  3.6799920e+002
  4.3775368e+002  3.6699546e+002
  4.3754272e+002  3.6605005e+002
  4.3732840e+002  3.6509702e+002
  4.3668523e+002  3.6401716e+002
  4.3651368e+002  3.6304005e+002
  4.3635026e+002  3.6207040e+002
  4.3568016e+002  3.6101834e+002
  4.3557273e+002  3.6006245e+002
  4.3550320e+002  3.5908987e+002
  4.3547774e+002  3.5810200e+002
  4.3500014e+002  3.5700487e+002
  4.3493628e+002  3.5599508e+002
  4.3478157e+002  3.5501303e+002
  4.3453037e+002  3.5406098e+002
  4.3423436e+002  3.5314004e+002
  4.3342686e+002  3.5203784e+002
  4.3262011e+002  3.5096423e+002
  4.3241079e+002  3.5005404e+002
  4.3167642e+002  3.4898658e+002
  4.3152150e+002  3.4809442e+002
  4.3134260e+002  3.4721551e+002
  4.3054946e+002  3.4613816e+002
  4.3032807e+002  3.4524666e+002
  4.2957244e+002  3.4414702e+002
  4.2935205e+002  3.4322148e+002
  4.2868503e+002  3.4206051e+002
  4.2851925e+002  3.4107508e+002
  4.2834724e+002  3.4009275e+002
  4.2767644e+002  3.3894383e+002
  4.2746433e+002  3.3803241e+002
  4.2670645e+002  3.3696395e+002
  4.2652278e+002  3.3606478e+002
  4.2634923e+002  3.3515055e+002
  4.2569260e+002  3.3407021e+002
  4.2551808e+002  3.3315938e+002
  4.2532920e+002  3.3225038e+002
  4.2465728e+002  3.3117582e+002
  4.2454556e+002  3.3025182e+002
  4.2441867e+002  3.2932915e+002
  4.2371047e+002  3.2821264e+002
  4.2346742e+002  3.2733520e+002
  4.2253765e+002  3.2634390e+002
  4.2224209e+002  3.2550263e+002
  4.2156105e+002  3.2530953e+002
  4.2127191e+002  3.2446022e+002
  4.2031704e+002  3.2334135e+002
  4.1946663e+002  3.2208564e+002
  4.1880371e+002  3.2082962e+002
  4.1864456e+002  3.1989604e+002
  4.1844613e+002  3.1900206e+002
  4.1760562e+002  3.1782300e+002
  4.1720836e+002  3.1704743e+002
  4.1634388e+002  3.1610234e+002
  4.1526227e+002  3.1505851e+002
  4.1433071e+002  3.1411632e+002
  4.1346612e+002  3.1311185e+002
  4.1261024e+002  3.1203225e+002
  4.1238985e+002  3.1121497e+002
  4.1143992e+002  3.1018672e+002
  4.1044782e+002  3.0917933e+002
  4.0956291e+002  3.0812147e+002
  4.0935718e+002  3.0728761e+002
  4.0862316e+002  3.0612839e+002
  4.0826241e+002  3.0544306e+002
  4.0748600e+002  3.0430207e+002
  4.0657243e+002  3.0316315e+002
  4.0628329e+002  3.0232889e+002
  4.0522615e+002  3.0126729e+002
  4.0421489e+002  3.0032829e+002
  4.0331703e+002  2.9938226e+002
  4.0245512e+002  2.9835043e+002
  4.0156937e+002  2.9728421e+002
  4.0135317e+002  2.9649546e+002
  4.0049722e+002  2.9543842e+002
  3.9964618e+002  2.9440427e+002
  3.9942027e+002  2.9363342e+002
  3.9876519e+002  2.9332241e+002
  3.9849216e+002  2.9256312e+002
  3.9736642e+002  2.9195731e+002
  3.9631746e+002  2.9105278e+002
  3.9529768e+002  2.9023397e+002
  3.9429851e+002  2.8937872e+002
  3.9327853e+002  2.8851302e+002
  3.9251607e+002  2.8831074e+002
  3.9223832e+002  2.8757003e+002
  3.9144822e+002  2.8732497e+002
  3.9000541e+002  2.8595064e+002
  3.8920524e+002  2.8505739e+002
  3.8845972e+002  2.8404617e+002
  3.8772970e+002  2.8302945e+002
  3.8756318e+002  2.8222730e+002
  3.8739689e+002  2.8142033e+002
  3.8662909e+002  2.8042038e+002
  3.8644856e+002  2.7962210e+002
  3.8581139e+002  2.7940056e+002
  3.8515153e+002  2.7818596e+002
  3.8412888e+002  2.7740694e+002
  3.8301369e+002  2.7673820e+002
  3.8215478e+002  2.7664345e+002
  3.8129530e+002  2.7650540e+002
  3.8046048e+002  2.7633955e+002
  3.7938409e+002  2.7543581e+002
  3.7834485e+002  2.7437184e+002
  3.7713862e+002  2.7294198e+002
  3.7631127e+002  2.7194025e+002
  3.7545448e+002  2.7095247e+002
  3.7448766e+002  2.6996476e+002
  3.7341548e+002  2.6902730e+002
  3.7224725e+002  2.6811341e+002
  3.7115799e+002  2.6721303e+002
  3.7010887e+002  2.6627364e+002
  3.6917518e+002  2.6541791e+002
  3.6801580e+002  2.6432849e+002
  3.6698752e+002  2.6340782e+002
  3.6595745e+002  2.6252666e+002
  3.6513832e+002  2.6229310e+002
  3.6410661e+002  2.6146503e+002
  3.6306298e+002  2.6061932e+002
  3.6222235e+002  2.6046065e+002
  3.6115302e+002  2.5962730e+002
  3.6030092e+002  2.5947648e+002
  3.5925478e+002  2.5861366e+002
  3.5840308e+002  2.5841386e+002
  3.5730257e+002  2.5750417e+002
  3.5645370e+002  2.5720414e+002
  3.5540729e+002  2.5616770e+002
  3.5435353e+002  2.5510410e+002
  3.5329812e+002  2.5408961e+002
  3.5224608e+002  2.5317127e+002
  3.5119708e+002  2.5235845e+002
  3.5010892e+002  2.5161911e+002
  3.4924291e+002  2.5142787e+002
  3.4805701e+002  2.5066658e+002
  3.4714557e+002  2.5045747e+002
  3.4598505e+002  2.4961824e+002
  3.4511862e+002  2.4939416e+002
  3.4412893e+002  2.4848611e+002
  3.4317689e+002  2.4758915e+002
  3.4228420e+002  2.4744194e+002
  3.4115697e+002  2.4679283e+002
  3.4015136e+002  2.4681555e+002
  3.3913268e+002  2.4682056e+002
  3.3813275e+002  2.4674142e+002
  3.3717526e+002  2.4654550e+002
  3.3625171e+002  2.4623030e+002
  3.3515265e+002  2.4531227e+002
  3.3408438e+002  2.4439092e+002
  3.3299712e+002  2.4357567e+002
  3.3210140e+002  2.4338934e+002
  3.3102378e+002  2.4277179e+002
  3.3010410e+002  2.4264050e+002
  3.2918016e+002  2.4249828e+002
  3.2806842e+002  2.4182096e+002
  3.2710846e+002  2.4166146e+002
  3.2612401e+002  2.4155119e+002
  3.2512624e+002  2.4148382e+002
  3.2398971e+002  2.4096709e+002
  3.2300058e+002  2.4090289e+002
  3.2199419e+002  2.4080891e+002
  3.2097226e+002  2.4071261e+002
  3.1993119e+002  2.4059617e+002
  3.1889709e+002  2.4050621e+002
  3.1791714e+002  2.4041444e+002
  3.1686151e+002  2.3981933e+002
  3.1592863e+002  2.3969863e+002
  3.1499075e+002  2.3956871e+002
  3.1403340e+002  2.3942877e+002
  3.1299432e+002  2.3879729e+002
  3.1205212e+002  2.3866139e+002
  3.1110606e+002  2.3860093e+002
  3.1012950e+002  2.3862008e+002
  3.0912097e+002  2.3869611e+002
  3.0762726e+002  2.3874764e+002
  3.0671030e+002  2.3875082e+002
  3.0583069e+002  2.3872202e+002
  3.0497253e+002  2.3872838e+002
  3.0411073e+002  2.3876431e+002
  3.0321244e+002  2.3875938e+002
  3.0181375e+002  2.3876517e+002
  3.0089082e+002  2.3864528e+002
  2.9997841e+002  2.3852234e+002
  2.9908853e+002  2.3837365e+002
  2.9805017e+002  2.3774916e+002
  2.9715282e+002  2.3760410e+002
  2.9623413e+002  2.3745505e+002
  2.9523734e+002  2.3689609e+002
  2.9428614e+002  2.3677716e+002
  2.9328863e+002  2.3672186e+002
  2.9222124e+002  2.3673641e+002
  2.9070662e+002  2.3692197e+002
  2.8983545e+002  2.3712514e+002
  2.8894444e+002  2.3724914e+002
  2.8804061e+002  2.3729193e+002
  2.8710028e+002  2.3724796e+002
  2.8610008e+002  2.3710021e+002
  2.8473745e+002  2.3700300e+002
  2.8376425e+002  2.3688756e+002
  2.8280657e+002  2.3676443e+002
  2.8187161e+002  2.3666403e+002
  2.8099334e+002  2.3659379e+002
  2.8013201e+002  2.3655528e+002
  2.7924193e+002  2.3654519e+002
  2.7765129e+002  2.3664787e+002
  2.7669030e+002  2.3685385e+002
  2.7575682e+002  2.3713952e+002
  2.7486773e+002  2.3741496e+002
  2.7399466e+002  2.3764190e+002
  2.7306880e+002  2.3832071e+002
  2.7212060e+002  2.3837856e+002
  2.7112513e+002  2.3842684e+002
  2.7008260e+002  2.3844003e+002
  2.6901703e+002  2.3848944e+002
  2.6798529e+002  2.3852309e+002
  2.6691184e+002  2.3906115e+002
  2.6591436e+002  2.3912361e+002
  2.6493806e+002  2.3920742e+002
  2.6395463e+002  2.3933839e+002
  2.6297992e+002  2.3950562e+002
  2.6196300e+002  2.4005398e+002
  2.6098668e+002  2.4025148e+002
  2.5998543e+002  2.4037131e+002
  2.5898506e+002  2.4041985e+002
  2.5798457e+002  2.4045958e+002
  2.5702364e+002  2.4054636e+002
  2.5602100e+002  2.4129372e+002
  2.5516623e+002  2.4163496e+002
  2.5424935e+002  2.4258640e+002
  2.5325165e+002  2.4342870e+002
  2.5219924e+002  2.4358624e+002
  2.5102387e+002  2.4411084e+002
  2.4992419e+002  2.4418652e+002
  2.4885219e+002  2.4428849e+002
  2.4784094e+002  2.4442189e+002
  2.4688593e+002  2.4464584e+002
  2.4587169e+002  2.4542582e+002
  2.4498247e+002  2.4571394e+002
  2.4391612e+002  2.4644113e+002
  2.4299784e+002  2.4669309e+002
  2.4189353e+002  2.4736093e+002
  2.4094086e+002  2.4753588e+002
  2.3983657e+002  2.4817935e+002
  2.3892114e+002  2.4836892e+002
  2.3803009e+002  2.4857560e+002
  2.3702024e+002  2.4938197e+002
  2.3615402e+002  2.4959020e+002
  2.3515066e+002  2.5035754e+002
  2.3429209e+002  2.5051709e+002
  2.3324014e+002  2.5125445e+002
  2.3235102e+002  2.5142250e+002
  2.3143946e+002  2.5165056e+002
  2.3027201e+002  2.5250013e+002
  2.2916553e+002  2.5341210e+002
  2.2827805e+002  2.5374003e+002
  2.2718584e+002  2.5457322e+002
  2.2603750e+002  2.5534624e+002
  2.2515478e+002  2.5557075e+002
  2.2401856e+002  2.5642377e+002
  2.2321974e+002  2.5670549e+002
  2.2218926e+002  2.5764805e+002
  2.2118459e+002  2.5862345e+002
  2.2022618e+002  2.5967641e+002
  2.1926303e+002  2.6077758e+002
  2.1823556e+002  2.6176009e+002
  2.1717034e+002  2.6262762e+002
  2.1611702e+002  2.6339158e+002
  2.1533222e+002  2.6361024e+002
  2.1422012e+002  2.6442328e+002
  2.1337411e+002  2.6469152e+002
  2.1223606e+002  2.6557755e+002
  2.1136277e+002  2.6656331e+002
  2.1040410e+002  2.6757691e+002
  2.0924373e+002  2.6889250e+002
  2.0830291e+002  2.6983223e+002
  2.0734245e+002  2.7074937e+002
  2.0642090e+002  2.7175830e+002
  2.0548923e+002  2.7283069e+002
  2.0449662e+002  2.7384432e+002
  2.0343224e+002  2.7484029e+002
  2.0232870e+002  2.7591173e+002
  2.0126524e+002  2.7706310e+002
  2.0034589e+002  2.7817459e+002
  1.9951385e+002  2.7923873e+002
  1.9926738e+002  2.8001271e+002
  1.9838925e+002  2.8107104e+002
  1.9751701e+002  2.8204713e+002
  1.9721038e+002  2.8279783e+002
  1.9640044e+002  2.8380520e+002
  1.9565295e+002  2.8491962e+002
  1.9555240e+002  2.8580902e+002
  1.9551133e+002  2.8671559e+002
  1.9553089e+002  2.8761981e+002
  1.9551297e+002  2.8851507e+002
  1.9536234e+002  2.8933821e+002
  1.9454736e+002  2.8958156e+002
  1.9407025e+002  2.9029876e+002
  1.9332023e+002  2.9050355e+002
  1.9215423e+002  2.9154424e+002
  1.9132035e+002  2.9243030e+002
  1.9052938e+002  2.9292595e+002
  1.9029643e+002  2.9391220e+002
  1.8981984e+002  2.9519295e+002
  1.8979144e+002  2.9626328e+002
  1.8976216e+002  2.9730562e+002
  1.8966450e+002  2.9830192e+002
  1.8947650e+002  2.9923586e+002
  1.8868148e+002  3.0030095e+002
  1.8836283e+002  3.0119185e+002
  1.8756089e+002  3.0219861e+002
  1.8728496e+002  3.0306973e+002
  1.8653487e+002  3.0407279e+002
  1.8633573e+002  3.0496582e+002
  1.8568588e+002  3.0602296e+002
  1.8555137e+002  3.0697399e+002
  1.8542262e+002  3.0795041e+002
  1.8489238e+002  3.0901694e+002
  1.8484345e+002  3.1002312e+002
  1.8480444e+002  3.1104784e+002
  1.8475586e+002  3.1208833e+002
  1.8465586e+002  3.1310683e+002
  1.8452786e+002  3.1409136e+002
  1.8436014e+002  3.1506293e+002
  1.8372650e+002  3.1607238e+002
  1.8355142e+002  3.1699516e+002
  1.8339481e+002  3.1791644e+002
  1.8285751e+002  3.1893336e+002
  1.8280334e+002  3.1992863e+002
  1.8279438e+002  3.2095895e+002
  1.8284637e+002  3.2199366e+002
  1.8291789e+002  3.2301182e+002
  1.8298328e+002  3.2402082e+002
  1.8298805e+002  3.2501695e+002
  1.8291738e+002  3.2600249e+002
  1.8279159e+002  3.2698602e+002
  1.8268967e+002  3.2795866e+002
  1.8273119e+002  3.2900887e+002
  1.8273126e+002  3.2997501e+002
  1.8275896e+002  3.3097087e+002
  1.8281341e+002  3.3199662e+002
  1.8291133e+002  3.3318579e+002
  1.8303662e+002  3.3413862e+002
  1.8313108e+002  3.3509958e+002
  1.8318302e+002  3.3607013e+002
  1.8319772e+002  3.3707184e+002
  1.8313546e+002  3.3809316e+002
  1.8305278e+002  3.3909900e+002
  1.8301927e+002  3.4010273e+002
  1.8306361e+002  3.4109310e+002
  1.8321404e+002  3.4208876e+002
  1.8337646e+002  3.4309445e+002
  1.8356852e+002  3.4408413e+002
  1.8410443e+002  3.4508262e+002
  1.8425086e+002  3.4603093e+002
  1.8435578e+002  3.4696681e+002
  1.8444605e+002  3.4790507e+002
  1.8453909e+002  3.4889056e+002
  1.8499644e+002  3.4995342e+002
  1.8495253e+002  3.5104133e+002
  1.8488386e+002  3.5211879e+002
  1.8484975e+002  3.5316778e+002
  1.8491543e+002  3.5416548e+002
  1.8506893e+002  3.5512670e+002
  1.8530947e+002  3.5607422e+002
  1.8556588e+002  3.5702787e+002
  1.8626544e+002  3.5798246e+002
  1.8647539e+002  3.5894559e+002
  1.8662628e+002  3.5989948e+002
  1.8716856e+002  3.6100608e+002
  1.8721641e+002  3.6202244e+002
  1.8721817e+002  3.6304822e+002
  1.8722053e+002  3.6408513e+002
  1.8723515e+002  3.6512271e+002
  1.8730921e+002  3.6612977e+002
  1.8744820e+002  3.6711368e+002
  1.8760771e+002  3.6806547e+002
  1.8814919e+002  3.6906214e+002
  1.8828596e+002  3.7006215e+002
  1.8841734e+002  3.7107899e+002
  1.8855396e+002  3.7207974e+002
  1.8915485e+002  3.7312198e+002
  1.8930639e+002  3.7408024e+002
  1.8941411e+002  3.7501732e+002
  1.8950326e+002  3.7595938e+002
  1.9010543e+002  3.7696246e+002
  1.9020462e+002  3.7792153e+002
  1.9030467e+002  3.7893751e+002
  1.9036739e+002  3.7996523e+002
  1.9042023e+002  3.8098639e+002
  1.9046364e+002  3.8198628e+002
  1.9055240e+002  3.8296323e+002
  1.9111987e+002  3.8398604e+002
  1.9128481e+002  3.8497298e+002
  1.9149313e+002  3.8593887e+002
  1.9171537e+002  3.8690883e+002
  1.9235194e+002  3.8804165e+002
  1.9254564e+002  3.8899281e+002
  1.9329162e+002  3.9008455e+002
  1.9353901e+002  3.9096532e+002
  1.9434595e+002  3.9199151e+002
  1.9453296e+002  3.9290524e+002
  1.9512983e+002  3.9397410e+002
  1.9520611e+002  3.9496179e+002
  1.9525040e+002  3.9595841e+002
  1.9533155e+002  3.9695857e+002
  1.9544430e+002  3.9794847e+002
  1.9560109e+002  3.9892009e+002
  1.9632466e+002  3.9998710e+002
  1.9656809e+002  4.0091465e+002
  1.9734869e+002  4.0193062e+002
  1.9759622e+002  4.0284166e+002
  1.9835181e+002  4.0386250e+002
  1.9852767e+002  4.0483878e+002
