  1.9750736e+002  4.0692859e+002
  1.9837855e+002  4.0798992e+002
  1.9865243e+002  4.0890871e+002
  1.9947905e+002  4.0997824e+002
  1.9968971e+002  4.1090226e+002
  2.0032306e+002  4.1201442e+002
  2.0039441e+002  4.1299739e+002
  2.0047094e+002  4.1396467e+002
  2.0058815e+002  4.1490879e+002
  2.0129632e+002  4.1599719e+002
  2.0147792e+002  4.1689067e+002
  2.0166254e+002  4.1774470e+002
  2.0244502e+002  4.1878071e+002
  2.0263608e+002  4.1964252e+002
  2.0347334e+002  4.2070906e+002
  2.0371019e+002  4.2158280e+002
  2.0469989e+002  4.2267469e+002
  2.0578390e+002  4.2378457e+002
  2.0682574e+002  4.2492111e+002
  2.0773351e+002  4.2607422e+002
  2.0849865e+002  4.2717830e+002
  2.0873159e+002  4.2801812e+002
  2.0946066e+002  4.2907402e+002
  2.0965187e+002  4.2996136e+002
  2.1025814e+002  4.3108893e+002
  2.1032810e+002  4.3203959e+002
  2.1036662e+002  4.3299011e+002
  2.1040867e+002  4.3392798e+002
  2.1050836e+002  4.3484444e+002
  2.1131444e+002  4.3584875e+002
  2.1154627e+002  4.3670543e+002
  2.1242602e+002  4.3763488e+002
  2.1261187e+002  4.3852395e+002
  2.1344021e+002  4.3957064e+002
  2.1364184e+002  4.4047135e+002
  2.1431198e+002  4.4064653e+002
  2.1452876e+002  4.4156434e+002
  2.1534279e+002  4.4268552e+002
  2.1549950e+002  4.4361784e+002
  2.1565461e+002  4.4453702e+002
  2.1645524e+002  4.4565991e+002
  2.1673034e+002  4.4650547e+002
  2.1780459e+002  4.4750934e+002
  2.1913294e+002  4.4868030e+002
  2.2005013e+002  4.4958872e+002
  2.2095555e+002  4.5054218e+002
  2.2193192e+002  4.5151913e+002
  2.2286743e+002  4.5251552e+002
  2.2374955e+002  4.5349844e+002
  2.2459212e+002  4.5395073e+002
  2.2556478e+002  4.5495919e+002
  2.2660242e+002  4.5582429e+002
  2.2770422e+002  4.5673306e+002
  2.2871801e+002  4.5774199e+002
  2.2963150e+002  4.5891152e+002
  2.3038954e+002  4.5998718e+002
  2.3059659e+002  4.6083501e+002
  2.3158211e+002  4.6195197e+002
  2.3254934e+002  4.6301696e+002
  2.3342108e+002  4.6400678e+002
  2.3354547e+002  4.6471432e+002
  2.3436165e+002  4.6563346e+002
  2.3451880e+002  4.6637899e+002
  2.3522573e+002  4.6661759e+002
  2.3544211e+002  4.6742703e+002
  2.3688944e+002  4.6886807e+002
  2.3796986e+002  4.6957173e+002
  2.3905626e+002  4.7033900e+002
  2.3988391e+002  4.7047928e+002
  2.4071187e+002  4.7060444e+002
  2.4165360e+002  4.7148580e+002
  2.4242466e+002  4.7168803e+002
  2.4256968e+002  4.7246460e+002
  2.4334438e+002  4.7272591e+002
  2.4355520e+002  4.7353176e+002
  2.4458953e+002  4.7466499e+002
  2.4561991e+002  4.7580485e+002
  2.4668082e+002  4.7682935e+002
  2.4774285e+002  4.7779970e+002
  2.4880537e+002  4.7872901e+002
  2.4987772e+002  4.7961111e+002
  2.5089561e+002  4.8048691e+002
  2.5166777e+002  4.8071973e+002
  2.5267465e+002  4.8172806e+002
  2.5366401e+002  4.8279575e+002
  2.5466424e+002  4.8385096e+002
  2.5569618e+002  4.8488290e+002
  2.5675675e+002  4.8578997e+002
  2.5783636e+002  4.8661838e+002
  2.5888906e+002  4.8749679e+002
  2.5969053e+002  4.8774085e+002
  2.6067284e+002  4.8874410e+002
  2.6159766e+002  4.8977284e+002
  2.6249821e+002  4.9080230e+002
  2.6258560e+002  4.9166621e+002
  2.6357768e+002  4.9259664e+002
  2.6478340e+002  4.9333919e+002
  2.6577080e+002  4.9337178e+002
  2.6674026e+002  4.9351409e+002
  2.6787887e+002  4.9442972e+002
  2.6875933e+002  4.9467892e+002
  2.6985503e+002  4.9555356e+002
  2.7093399e+002  4.9637092e+002
  2.7183461e+002  4.9652322e+002
  2.7287093e+002  4.9731950e+002
  2.7379306e+002  4.9744488e+002
  2.7472012e+002  4.9756646e+002
  2.7567022e+002  4.9843482e+002
  2.7654660e+002  4.9858659e+002
  2.7743208e+002  4.9961321e+002
  2.7751010e+002  5.0042857e+002
  2.7840488e+002  5.0067681e+002
  2.7852644e+002  5.0148520e+002
  2.7942957e+002  5.0169760e+002
  2.7953869e+002  5.0251126e+002
  2.8053752e+002  5.0345110e+002
  2.8150828e+002  5.0343238e+002
  2.8257002e+002  5.0339849e+002
  2.8364502e+002  5.0335173e+002
  2.8471545e+002  5.0338921e+002
  2.8576886e+002  5.0355000e+002
  2.8686128e+002  5.0446232e+002
  2.8786379e+002  5.0472881e+002
  2.8891611e+002  5.0562904e+002
  2.8995717e+002  5.0644364e+002
  2.9089641e+002  5.0652660e+002
  2.9190368e+002  5.0732345e+002
  2.9279003e+002  5.0741527e+002
  2.9370413e+002  5.0755431e+002
  2.9476053e+002  5.0828183e+002
  2.9576008e+002  5.0836203e+002
  2.9677637e+002  5.0841443e+002
  2.9776655e+002  5.0845860e+002
  2.9875746e+002  5.0853183e+002
  2.9984722e+002  5.0926610e+002
  3.0082221e+002  5.0942616e+002
  3.0178101e+002  5.0963000e+002
  3.0276289e+002  5.1043618e+002
  3.0370920e+002  5.1051663e+002
  3.0473242e+002  5.1114194e+002
  3.0576660e+002  5.1107379e+002
  3.0682165e+002  5.1104247e+002
  3.0786666e+002  5.1106305e+002
  3.0890176e+002  5.1114896e+002
  3.0990111e+002  5.1125395e+002
  3.1089114e+002  5.1138706e+002
  3.1184993e+002  5.1150811e+002
  3.1275624e+002  5.1228117e+002
  3.1366811e+002  5.1239714e+002
  3.1462540e+002  5.1245971e+002
  3.1565833e+002  5.1232189e+002
  3.1669246e+002  5.1238511e+002
  3.1775951e+002  5.1245212e+002
  3.1884807e+002  5.1251892e+002
  3.1996616e+002  5.1316152e+002
  3.2101937e+002  5.1319203e+002
  3.2201641e+002  5.1322722e+002
  3.2299416e+002  5.1328344e+002
  3.2397716e+002  5.1335396e+002
  3.2496033e+002  5.1344501e+002
  3.2595777e+002  5.1354138e+002
  3.2703863e+002  5.1415891e+002
  3.2801829e+002  5.1421071e+002
  3.2895175e+002  5.1427097e+002
  3.2986895e+002  5.1436368e+002
  3.3078248e+002  5.1447442e+002
  3.3171769e+002  5.1460397e+002
  3.3271652e+002  5.1526791e+002
  3.3369388e+002  5.1541545e+002
  3.3467282e+002  5.1552889e+002
  3.3561517e+002  5.1623818e+002
  3.3651631e+002  5.1632749e+002
  3.3742755e+002  5.1637845e+002
  3.3840484e+002  5.1645010e+002
  3.3945514e+002  5.1656196e+002
  3.3945058e+002  5.1714927e+002
  3.4052921e+002  5.1732922e+002
  3.4166995e+002  5.1749626e+002
  3.4308919e+002  5.1753505e+002
  3.4404243e+002  5.1818460e+002
  3.4489416e+002  5.1800274e+002
  3.4573569e+002  5.1784671e+002
  3.4662413e+002  5.1782854e+002
  3.4814798e+002  5.1795254e+002
  3.4902873e+002  5.1807250e+002
  3.4992623e+002  5.1821603e+002
  3.5083346e+002  5.1833863e+002
  3.5176627e+002  5.1845118e+002
  3.5270376e+002  5.1851914e+002
  3.5371740e+002  5.1926887e+002
  3.5470865e+002  5.1929765e+002
  3.5614317e+002  5.1924891e+002
  3.5706475e+002  5.1908527e+002
  3.5801134e+002  5.1899976e+002
  3.5896613e+002  5.1900153e+002
  3.5996670e+002  5.1903698e+002
  3.6096245e+002  5.1910311e+002
  3.6192873e+002  5.1910549e+002
  3.6289930e+002  5.1905644e+002
  3.6387600e+002  5.1893465e+002
  3.6485632e+002  5.1882326e+002
  3.6586166e+002  5.1869929e+002
  3.6684184e+002  5.1859625e+002
  3.6778305e+002  5.1853976e+002
  3.6870014e+002  5.1851901e+002
  3.6958675e+002  5.1853249e+002
  3.7050094e+002  5.1859047e+002
  3.7146838e+002  5.1860049e+002
  3.7249053e+002  5.1862225e+002
  3.7357975e+002  5.1859317e+002
  3.7512039e+002  5.1862912e+002
  3.7603691e+002  5.1869705e+002
  3.7698982e+002  5.1878997e+002
  3.7795517e+002  5.1893170e+002
  3.7891065e+002  5.1899331e+002
  3.7981369e+002  5.1903025e+002
  3.8118393e+002  5.1899212e+002
  3.8214376e+002  5.1891491e+002
  3.8309112e+002  5.1878943e+002
  3.8399956e+002  5.1861370e+002
  3.8488899e+002  5.1840711e+002
  3.8590390e+002  5.1742178e+002
  3.8687108e+002  5.1634022e+002
  3.8775305e+002  5.1522445e+002
  3.8869910e+002  5.1424447e+002
  3.8973699e+002  5.1339507e+002
  3.9086357e+002  5.1259046e+002
  3.9178207e+002  5.1248960e+002
  3.9290090e+002  5.1158896e+002
  3.9378607e+002  5.1148855e+002
  3.9473983e+002  5.1064593e+002
  3.9564939e+002  5.1065401e+002
  3.9627011e+002  5.1031734e+002
  3.9643918e+002  5.0968800e+002
  3.9764144e+002  5.0902552e+002
  3.9866287e+002  5.0896121e+002
  3.9967176e+002  5.0885304e+002
  4.0063710e+002  5.0871226e+002
  4.0155781e+002  5.0853761e+002
  4.0244254e+002  5.0833976e+002
  4.0254771e+002  5.0753114e+002
  4.0340779e+002  5.0730687e+002
  4.0354198e+002  5.0648651e+002
  4.0450339e+002  5.0534900e+002
  4.0549197e+002  5.0425081e+002
  4.0566053e+002  5.0345109e+002
  4.0680603e+002  5.0256296e+002
  4.0776913e+002  5.0254186e+002
  4.0871969e+002  5.0258296e+002
  4.0962786e+002  5.0257317e+002
  4.1050966e+002  5.0251078e+002
  4.1136946e+002  5.0238568e+002
  4.1150027e+002  5.0143034e+002
  4.1260875e+002  5.0040202e+002
  4.1369058e+002  4.9949726e+002
  4.1466257e+002  4.9853797e+002
  4.1556327e+002  4.9834007e+002
  4.1651974e+002  4.9728122e+002
  4.1756162e+002  4.9635197e+002
  4.1864488e+002  4.9549596e+002
  4.1967284e+002  4.9456870e+002
  4.2046648e+002  4.9442676e+002
  4.2080692e+002  4.9323580e+002
  4.2158759e+002  4.9215478e+002
  4.2237074e+002  4.9110656e+002
  4.2245264e+002  4.9021285e+002
  4.2257706e+002  4.8931979e+002
  4.2348134e+002  4.8829436e+002
  4.2366076e+002  4.8739371e+002
  4.2468649e+002  4.8634710e+002
  4.2580449e+002  4.8535223e+002
  4.2685178e+002  4.8439177e+002
  4.2776806e+002  4.8343221e+002
  4.2861577e+002  4.8239671e+002
  4.2947981e+002  4.8126364e+002
  4.2960601e+002  4.8030064e+002
  4.3051923e+002  4.7915711e+002
  4.3149675e+002  4.7811588e+002
  4.3170913e+002  4.7725588e+002
  4.3266163e+002  4.7626303e+002
  4.3349908e+002  4.7523542e+002
  4.3353295e+002  4.7428811e+002
  4.3426107e+002  4.7316843e+002
  4.3429533e+002  4.7220412e+002
  4.3432682e+002  4.7124182e+002
  4.3440325e+002  4.7030536e+002
  4.3445120e+002  4.6938098e+002
  4.3450092e+002  4.6844230e+002
  4.3531156e+002  4.6739777e+002
  4.3535189e+002  4.6643733e+002
  4.3540919e+002  4.6545206e+002
  4.3549385e+002  4.6444049e+002
  4.3551782e+002  4.6341155e+002
  4.3630373e+002  4.6240219e+002
  4.3625463e+002  4.6134213e+002
  4.3629775e+002  4.6028961e+002
  4.3640435e+002  4.5924859e+002
  4.3655063e+002  4.5820146e+002
  4.3738133e+002  4.5711277e+002
  4.3747714e+002  4.5606522e+002
  4.3751556e+002  4.5503892e+002
  4.3829255e+002  4.5391488e+002
  4.3840492e+002  4.5296519e+002
  4.3857980e+002  4.5206537e+002
  4.3953952e+002  4.5107107e+002
  4.4049058e+002  4.5010894e+002
  4.4070117e+002  4.4921470e+002
  4.4153336e+002  4.4815011e+002
  4.4228729e+002  4.4708342e+002
  4.4224564e+002  4.4613619e+002
  4.4214342e+002  4.4517793e+002
  4.4202738e+002  4.4418608e+002
  4.4188631e+002  4.4317537e+002
  4.4181620e+002  4.4177854e+002
  4.4174193e+002  4.4087188e+002
  4.4167391e+002  4.3999191e+002
  4.4166547e+002  4.3907990e+002
  4.4169203e+002  4.3812548e+002
  4.4168684e+002  4.3713499e+002
  4.4174841e+002  4.3587512e+002
  4.4181452e+002  4.3489423e+002
  4.4189836e+002  4.3390709e+002
  4.4197706e+002  4.3291673e+002
  4.4204169e+002  4.3196011e+002
  4.4207400e+002  4.3101966e+002
  4.4212221e+002  4.3009036e+002
  4.4218211e+002  4.2913109e+002
  4.4222479e+002  4.2815057e+002
  4.4229308e+002  4.2714913e+002
  4.4234168e+002  4.2614173e+002
  4.4240362e+002  4.2512441e+002
  4.4245044e+002  4.2410263e+002
  4.4248617e+002  4.2308027e+002
  4.4251409e+002  4.2204933e+002
  4.4297039e+002  4.2095670e+002
  4.4298372e+002  4.1994916e+002
  4.4302270e+002  4.1896561e+002
  4.4307319e+002  4.1800185e+002
  4.4313801e+002  4.1703799e+002
  4.4320418e+002  4.1606192e+002
  4.4328573e+002  4.1506342e+002
  4.4336627e+002  4.1405160e+002
  4.4342858e+002  4.1303465e+002
  4.4345009e+002  4.1186097e+002
  4.4343779e+002  4.1089720e+002
  4.4343609e+002  4.0996340e+002
  4.4343840e+002  4.0902686e+002
  4.4344644e+002  4.0808157e+002
  4.4344317e+002  4.0712351e+002
  4.4345603e+002  4.0612623e+002
  4.4349584e+002  4.0511590e+002
  4.4354053e+002  4.0391742e+002
  4.4403322e+002  4.0297623e+002
  4.4408122e+002  4.0201371e+002
  4.4412920e+002  4.0105459e+002
  4.4416512e+002  4.0006655e+002
  4.4416248e+002  3.9906225e+002
  4.4413684e+002  3.9775472e+002
  4.4399339e+002  3.9680159e+002
  4.4387343e+002  3.9588611e+002
  4.4375882e+002  3.9496632e+002
  4.4367305e+002  3.9403275e+002
  4.4361509e+002  3.9306345e+002
  4.4363291e+002  3.9208084e+002
  4.4367833e+002  3.9106767e+002
  4.4374223e+002  3.8997947e+002
  4.4380471e+002  3.8906970e+002
  4.4383441e+002  3.8811681e+002
  4.4381327e+002  3.8712381e+002
  4.4370816e+002  3.8588109e+002
  4.4353861e+002  3.8485135e+002
  4.4339704e+002  3.8387556e+002
  4.4274512e+002  3.8288322e+002
  4.4265077e+002  3.8192509e+002
  4.4256809e+002  3.8096413e+002
  4.4246083e+002  3.7999814e+002
  4.4188729e+002  3.7896214e+002
  4.4179818e+002  3.7794306e+002
  4.4175126e+002  3.7693557e+002
  4.4169444e+002  3.7592492e+002
  4.4164400e+002  3.7492565e+002
  4.4155677e+002  3.7396265e+002
  4.4141391e+002  3.7303481e+002
  4.4068217e+002  3.7199943e+002
  4.4053872e+002  3.7106865e+002
  4.4043989e+002  3.7012489e+002
  4.3980809e+002  3.6903256e+002
  4.3974981e+002  3.6806033e+002
  4.3964027e+002  3.6709397e+002
  4.3947360e+002  3.6616667e+002
  4.3869214e+002  3.6508855e+002
  4.3846912e+002  3.6415919e+002
  4.3765262e+002  3.6304819e+002
  4.3742911e+002  3.6212777e+002
  4.3662974e+002  3.6101989e+002
  4.3646596e+002  3.6008408e+002
  4.3577268e+002  3.5896132e+002
  4.3565867e+002  3.5802779e+002
  4.3552794e+002  3.5710825e+002
  4.3538835e+002  3.5620987e+002
  4.3468302e+002  3.5504715e+002
  4.3449945e+002  3.5409837e+002
  4.3375503e+002  3.5289956e+002
  4.3350359e+002  3.5196021e+002
  4.3326579e+002  3.5105671e+002
  4.3239000e+002  3.5000811e+002
  4.3146635e+002  3.4902200e+002
  4.3061000e+002  3.4801802e+002
  4.3038321e+002  3.4719696e+002
  4.2958642e+002  3.4606685e+002
  4.2939007e+002  3.4518509e+002
  4.2863711e+002  3.4401769e+002
  4.2845719e+002  3.4310320e+002
  4.2770344e+002  3.4196659e+002
  4.2749377e+002  3.4107390e+002
  4.2670702e+002  3.3995857e+002
  4.2646405e+002  3.3909441e+002
  4.2563032e+002  3.3803255e+002
  4.2539693e+002  3.3714349e+002
  4.2466988e+002  3.3605751e+002
  4.2453619e+002  3.3515170e+002
  4.2439896e+002  3.3427095e+002
  4.2367436e+002  3.3316786e+002
  4.2349844e+002  3.3232783e+002
  4.2267752e+002  3.3127714e+002
  4.2240229e+002  3.3045973e+002
  4.2145841e+002  3.2941897e+002
  4.2042143e+002  3.2835180e+002
  4.1936346e+002  3.2723274e+002
  4.1830899e+002  3.2612178e+002
  4.1734548e+002  3.2503364e+002
  4.1654177e+002  3.2391475e+002
  4.1643705e+002  3.2299785e+002
  4.1587070e+002  3.2181894e+002
  4.1581774e+002  3.2086338e+002
  4.1574547e+002  3.1988815e+002
  4.1564944e+002  3.1891671e+002
  4.1547718e+002  3.1796567e+002
  4.1466744e+002  3.1686650e+002
  4.1430482e+002  3.1605313e+002
  4.1326131e+002  3.1511660e+002
  4.1226269e+002  3.1422008e+002
  4.1136445e+002  3.1330133e+002
  4.1034985e+002  3.1214132e+002
  4.0951190e+002  3.1105384e+002
  4.0931671e+002  3.1019681e+002
  4.0856403e+002  3.0909900e+002
  4.0838086e+002  3.0822885e+002
  4.0760317e+002  3.0712462e+002
  4.0745505e+002  3.0626054e+002
  4.0664185e+002  3.0516199e+002
  4.0644880e+002  3.0435619e+002
  4.0544985e+002  3.0332425e+002
  4.0432887e+002  3.0234389e+002
  4.0307477e+002  3.0121044e+002
  4.0221399e+002  3.0025428e+002
  4.0140911e+002  2.9922582e+002
  4.0052278e+002  2.9814022e+002
  4.0026423e+002  2.9731680e+002
  3.9933751e+002  2.9627002e+002
  3.9837714e+002  2.9532478e+002
  3.9735406e+002  2.9445578e+002
  3.9626287e+002  2.9355833e+002
  3.9528885e+002  2.9336226e+002
  3.9423621e+002  2.9232147e+002
  3.9322664e+002  2.9127154e+002
  3.9191508e+002  2.9010976e+002
  3.9087729e+002  2.8928413e+002
  3.8988559e+002  2.8831154e+002
  3.8901281e+002  2.8727798e+002
  3.8824630e+002  2.8624719e+002
  3.8751506e+002  2.8524770e+002
  3.8732862e+002  2.8447731e+002
  3.8652087e+002  2.8346903e+002
  3.8632250e+002  2.8268519e+002
  3.8566292e+002  2.8244776e+002
  3.8544872e+002  2.8167808e+002
  3.8473202e+002  2.8141088e+002
  3.8448427e+002  2.8068088e+002
  3.8326752e+002  2.8009014e+002
  3.8215769e+002  2.7923505e+002
  3.8112469e+002  2.7840862e+002
  3.8009148e+002  2.7764064e+002
  3.7928575e+002  2.7749370e+002
  3.7822748e+002  2.7657683e+002
  3.7745940e+002  2.7625491e+002
  3.7644986e+002  2.7514658e+002
  3.7533600e+002  2.7386281e+002
  3.7450340e+002  2.7292686e+002
  3.7429004e+002  2.7222517e+002
  3.7332779e+002  2.7127608e+002
  3.7217792e+002  2.7035709e+002
  3.7102681e+002  2.6948706e+002
  3.6993680e+002  2.6850620e+002
  3.6916772e+002  2.6821496e+002
  3.6817742e+002  2.6714722e+002
  3.6713355e+002  2.6623409e+002
  3.6602231e+002  2.6542984e+002
  3.6493937e+002  2.6462705e+002
  3.6411800e+002  2.6439338e+002
  3.6301408e+002  2.6357876e+002
  3.6215103e+002  2.6340626e+002
  3.6102749e+002  2.6262663e+002
  3.6015429e+002  2.6244805e+002
  3.5906097e+002  2.6160057e+002
  3.5819502e+002  2.6139075e+002
  3.5712221e+002  2.6047636e+002
  3.5605602e+002  2.5954625e+002
  3.5521521e+002  2.5925602e+002
  3.5412142e+002  2.5843894e+002
  3.5299893e+002  2.5766652e+002
  3.5213390e+002  2.5745618e+002
  3.5105185e+002  2.5666567e+002
  3.5017373e+002  2.5646019e+002
  3.4907170e+002  2.5566515e+002
  3.4817190e+002  2.5550061e+002
  3.4727764e+002  2.5534693e+002
  3.4622335e+002  2.5446942e+002
  3.4515634e+002  2.5353662e+002
  3.4432409e+002  2.5326142e+002
  3.4320634e+002  2.5237189e+002
  3.4208116e+002  2.5158076e+002
  3.4118604e+002  2.5144165e+002
  3.4003738e+002  2.5075921e+002
  3.3909307e+002  2.5063592e+002
  3.3813611e+002  2.5043997e+002
  3.3701253e+002  2.4962148e+002
  3.3610390e+002  2.4934780e+002
  3.3503659e+002  2.4846436e+002
  3.3396445e+002  2.4760749e+002
  3.3306954e+002  2.4739052e+002
  3.3202201e+002  2.4657993e+002
  3.3111711e+002  2.4641188e+002
  3.3005072e+002  2.4578641e+002
  3.2907584e+002  2.4572188e+002
  3.2808528e+002  2.4565034e+002
  3.2709813e+002  2.4553617e+002
  3.2612766e+002  2.4540110e+002
  3.2502785e+002  2.4474517e+002
  3.2404713e+002  2.4461984e+002
  3.2305278e+002  2.4453784e+002
  3.2206318e+002  2.4446590e+002
  3.2095735e+002  2.4392595e+002
  3.1998195e+002  2.4381687e+002
  3.1902065e+002  2.4367180e+002
  3.1805424e+002  2.4350492e+002
  3.1708569e+002  2.4334865e+002
  3.1604136e+002  2.4271276e+002
  3.1509285e+002  2.4256036e+002
  3.1413999e+002  2.4240622e+002
  3.1303827e+002  2.4179247e+002
  3.1202667e+002  2.4169459e+002
  3.1099810e+002  2.4163810e+002
  3.0996670e+002  2.4160164e+002
  3.0894303e+002  2.4153225e+002
  3.0793770e+002  2.4142134e+002
  3.0694821e+002  2.4083270e+002
  3.0595217e+002  2.4073648e+002
  3.0496516e+002  2.4067144e+002
  3.0399737e+002  2.4059701e+002
  3.0303300e+002  2.4051035e+002
  3.0205677e+002  2.4040152e+002
  3.0091774e+002  2.3990728e+002
  2.9987929e+002  2.3984929e+002
  2.9887284e+002  2.3980653e+002
  2.9791810e+002  2.3970126e+002
  2.9700274e+002  2.3954570e+002
  2.9610637e+002  2.3932295e+002
  2.9520970e+002  2.3860613e+002
  2.9426229e+002  2.3853414e+002
  2.9326928e+002  2.3855981e+002
  2.9221614e+002  2.3867238e+002
  2.9074644e+002  2.3880957e+002
  2.8982292e+002  2.3891008e+002
  2.8888312e+002  2.3899699e+002
  2.8794741e+002  2.3905192e+002
  2.8700524e+002  2.3904141e+002
  2.8583055e+002  2.3895579e+002
  2.8491080e+002  2.3890764e+002
  2.8394274e+002  2.3882340e+002
  2.8297243e+002  2.3876071e+002
  2.8200178e+002  2.3869927e+002
  2.8104187e+002  2.3864206e+002
  2.8008071e+002  2.3860013e+002
  2.7909406e+002  2.3861077e+002
  2.7770723e+002  2.3868883e+002
  2.7673764e+002  2.3877449e+002
  2.7576337e+002  2.3890025e+002
  2.7479960e+002  2.3901483e+002
  2.7383349e+002  2.3911658e+002
  2.7288755e+002  2.3919074e+002
  2.7193893e+002  2.3926943e+002
  2.7098177e+002  2.3932467e+002
  2.6999138e+002  2.3935646e+002
  2.6897461e+002  2.3941135e+002
  2.6795849e+002  2.3945893e+002
  2.6695486e+002  2.3950039e+002
  2.6588785e+002  2.3994681e+002
  2.6489757e+002  2.3997650e+002
  2.6391954e+002  2.4001215e+002
  2.6293782e+002  2.4005676e+002
  2.6194730e+002  2.4011311e+002
  2.6093380e+002  2.4018841e+002
  2.5993149e+002  2.4025347e+002
  2.5893861e+002  2.4029876e+002
  2.5795397e+002  2.4032912e+002
  2.5700224e+002  2.4041512e+002
  2.5607638e+002  2.4056436e+002
  2.5515309e+002  2.4125630e+002
  2.5419805e+002  2.4152747e+002
  2.5315256e+002  2.4218900e+002
  2.5205271e+002  2.4225998e+002
  2.5095267e+002  2.4224509e+002
  2.4985987e+002  2.4221679e+002
  2.4883761e+002  2.4225104e+002
  2.4788168e+002  2.4240894e+002
  2.4696972e+002  2.4270920e+002
  2.4599771e+002  2.4358333e+002
  2.4496787e+002  2.4446239e+002
  2.4408151e+002  2.4478038e+002
  2.4298630e+002  2.4557545e+002
  2.4187029e+002  2.4632454e+002
  2.4095154e+002  2.4652045e+002
  2.3981297e+002  2.4715811e+002
  2.3891073e+002  2.4731982e+002
  2.3801768e+002  2.4752755e+002
  2.3696243e+002  2.4828570e+002
  2.3612788e+002  2.4852867e+002
  2.3508389e+002  2.4926877e+002
  2.3419687e+002  2.4940824e+002
  2.3327708e+002  2.4950789e+002
  2.3213149e+002  2.5018919e+002
  2.3124113e+002  2.5036195e+002
  2.3038156e+002  2.5065418e+002
  2.2934923e+002  2.5169489e+002
  2.2830869e+002  2.5269432e+002
  2.2714602e+002  2.5357163e+002
  2.2596485e+002  2.5432884e+002
  2.2512409e+002  2.5460378e+002
  2.2407172e+002  2.5547184e+002
  2.2330711e+002  2.5582828e+002
  2.2228028e+002  2.5678791e+002
  2.2126602e+002  2.5776760e+002
  2.2028519e+002  2.5874446e+002
  2.1934138e+002  2.5977728e+002
  2.1839663e+002  2.6089917e+002
  2.1737794e+002  2.6190720e+002
  2.1625986e+002  2.6266866e+002
  2.1506755e+002  2.6331819e+002
  2.1418761e+002  2.6346835e+002
  2.1351260e+002  2.6390530e+002
  2.1316458e+002  2.6453129e+002
  2.1209740e+002  2.6531020e+002
  2.1139096e+002  2.6550520e+002
  2.1039178e+002  2.6641905e+002
  2.0968803e+002  2.6675906e+002
  2.0904447e+002  2.6785759e+002
  2.0822840e+002  2.6885025e+002
  2.0740654e+002  2.6982221e+002
  2.0656815e+002  2.7074326e+002
  2.0635824e+002  2.7138830e+002
  2.0562726e+002  2.7162081e+002
  2.0532450e+002  2.7227341e+002
  2.0457537e+002  2.7262862e+002
  2.0389262e+002  2.7366163e+002
  2.0301601e+002  2.7467721e+002
  2.0206769e+002  2.7559445e+002
  2.0107696e+002  2.7644767e+002
  2.0041534e+002  2.7670917e+002
  1.9950859e+002  2.7779482e+002
  1.9895882e+002  2.7889522e+002
  1.9804744e+002  2.8004212e+002
  1.9711007e+002  2.8095118e+002
  1.9627082e+002  2.8187109e+002
  1.9555627e+002  2.8296620e+002
  1.9540645e+002  2.8379624e+002
  1.9472313e+002  2.8502227e+002
  1.9464790e+002  2.8588990e+002
  1.9461185e+002  2.8677588e+002
  1.9453897e+002  2.8764393e+002
  1.9440199e+002  2.8845532e+002
  1.9359864e+002  2.8873202e+002
  1.9322981e+002  2.8948002e+002
  1.9245513e+002  2.8973334e+002
  1.9158196e+002  2.9049688e+002
  1.9021953e+002  2.9176107e+002
  1.8952145e+002  2.9294364e+002
  1.8947609e+002  2.9398360e+002
  1.8917732e+002  2.9530694e+002
  1.8919974e+002  2.9633573e+002
  1.8918260e+002  2.9733510e+002
  1.8910981e+002  2.9830199e+002
  1.8895659e+002  2.9925158e+002
  1.8872961e+002  3.0018268e+002
  1.8845074e+002  3.0108691e+002
  1.8766816e+002  3.0215425e+002
  1.8738567e+002  3.0305274e+002
  1.8665328e+002  3.0411208e+002
  1.8644799e+002  3.0503790e+002
  1.8583797e+002  3.0609757e+002
  1.8575525e+002  3.0704305e+002
  1.8568816e+002  3.0802182e+002
  1.8561205e+002  3.0903505e+002
  1.8550090e+002  3.1005712e+002
  1.8535262e+002  3.1108130e+002
  1.8481968e+002  3.1219551e+002
  1.8461694e+002  3.1316572e+002
  1.8443538e+002  3.1410624e+002
  1.8387923e+002  3.1508430e+002
  1.8375392e+002  3.1603153e+002
  1.8369253e+002  3.1698599e+002
  1.8367634e+002  3.1794127e+002
  1.8370555e+002  3.1891601e+002
  1.8376119e+002  3.1990903e+002
  1.8378206e+002  3.2116864e+002
  1.8380781e+002  3.2215768e+002
  1.8382676e+002  3.2316637e+002
  1.8382815e+002  3.2414802e+002
  1.8376579e+002  3.2516717e+002
  1.8374375e+002  3.2586818e+002
  1.8356224e+002  3.2735131e+002
  1.8353265e+002  3.2821036e+002
  1.8353134e+002  3.2906678e+002
  1.8350430e+002  3.2998325e+002
  1.8350338e+002  3.3093771e+002
  1.8352740e+002  3.3192138e+002
  1.8356813e+002  3.3291741e+002
  1.8371548e+002  3.3429365e+002
  1.8393670e+002  3.3520033e+002
  1.8413304e+002  3.3611789e+002
  1.8425882e+002  3.3704318e+002
  1.8430644e+002  3.3797279e+002
  1.8429573e+002  3.3894515e+002
  1.8424244e+002  3.3995827e+002
  1.8420698e+002  3.4101352e+002
  1.8425165e+002  3.4206593e+002
  1.8436982e+002  3.4310721e+002
  1.8460270e+002  3.4412550e+002
  1.8510566e+002  3.4523098e+002
  1.8529958e+002  3.4624338e+002
  1.8543461e+002  3.4723701e+002
  1.8547845e+002  3.4821335e+002
  1.8548773e+002  3.4916864e+002
  1.8548034e+002  3.5014138e+002
  1.8550700e+002  3.5114330e+002
  1.8591742e+002  3.5222734e+002
  1.8598302e+002  3.5321772e+002
  1.8609798e+002  3.5420476e+002
  1.8621787e+002  3.5515865e+002
  1.8637264e+002  3.5611853e+002
  1.8650277e+002  3.5708238e+002
  1.8697829e+002  3.5809523e+002
  1.8705709e+002  3.5909793e+002
  1.8716211e+002  3.6010609e+002
  1.8728204e+002  3.6112031e+002
  1.8740691e+002  3.6211821e+002
  1.8751430e+002  3.6310376e+002
  1.8808869e+002  3.6409818e+002
  1.8814298e+002  3.6506243e+002
  1.8818983e+002  3.6603262e+002
  1.8822881e+002  3.6702802e+002
  1.8829591e+002  3.6804603e+002
  1.8839413e+002  3.6908525e+002
  1.8853977e+002  3.7012047e+002
  1.8916042e+002  3.7114870e+002
  1.8932057e+002  3.7209442e+002
  1.8945771e+002  3.7302940e+002
  1.8959470e+002  3.7398204e+002
  1.9012890e+002  3.7507011e+002
  1.9023262e+002  3.7606159e+002
  1.9032065e+002  3.7705116e+002
  1.9042378e+002  3.7803784e+002
  1.9052582e+002  3.7902518e+002
  1.9111091e+002  3.8004280e+002
  1.9116626e+002  3.8103904e+002
  1.9118195e+002  3.8206050e+002
  1.9117607e+002  3.8306914e+002
  1.9118803e+002  3.8406402e+002
  1.9126324e+002  3.8504955e+002
  1.9139851e+002  3.8600221e+002
  1.9158368e+002  3.8697164e+002
  1.9221149e+002  3.8802942e+002
  1.9237977e+002  3.8901006e+002
  1.9256473e+002  3.8995852e+002
  1.9328784e+002  3.9101667e+002
  1.9351396e+002  3.9195726e+002
  1.9425629e+002  3.9296342e+002
  1.9437308e+002  3.9392385e+002
  1.9441926e+002  3.9488519e+002
  1.9443345e+002  3.9585440e+002
  1.9449673e+002  3.9683857e+002
  1.9459081e+002  3.9781994e+002
  1.9524723e+002  3.9892035e+002
  1.9541582e+002  3.9990531e+002
  1.9559505e+002  4.0089623e+002
  1.9629123e+002  4.0200562e+002
  1.9638691e+002  4.0298809e+002
  1.9645688e+002  4.0397426e+002
  1.9654071e+002  4.0493662e+002
