  1.9467872e+002  4.1010727e+002
  1.9550602e+002  4.1113899e+002
  1.9637790e+002  4.1221997e+002
  1.9669908e+002  4.1308100e+002
  1.9761078e+002  4.1412639e+002
  1.9834748e+002  4.1516695e+002
  1.9848089e+002  4.1606897e+002
  1.9854915e+002  4.1697683e+002
  1.9906901e+002  4.1810773e+002
  1.9915295e+002  4.1901792e+002
  1.9926030e+002  4.1994514e+002
  1.9936040e+002  4.2088737e+002
  1.9946794e+002  4.2181002e+002
  1.9956584e+002  4.2271859e+002
  2.0024597e+002  4.2381319e+002
  2.0038410e+002  4.2468470e+002
  2.0048088e+002  4.2554713e+002
  2.0055593e+002  4.2638802e+002
  2.0131256e+002  4.2661776e+002
  2.0144760e+002  4.2743595e+002
  2.0167999e+002  4.2814723e+002
  2.0266704e+002  4.2851124e+002
  2.0363539e+002  4.2936531e+002
  2.0474464e+002  4.2982748e+002
  2.0584032e+002  4.3098209e+002
  2.0664133e+002  4.3216001e+002
  2.0726552e+002  4.3332415e+002
  2.0733049e+002  4.3427951e+002
  2.0749000e+002  4.3472108e+002
  2.0755388e+002  4.3560649e+002
  2.0821809e+002  4.3676283e+002
  2.0831694e+002  4.3765204e+002
  2.0842270e+002  4.3855461e+002
  2.0853353e+002  4.3947698e+002
  2.0914642e+002  4.3970373e+002
  2.0928065e+002  4.4062341e+002
  2.0943385e+002  4.4155692e+002
  2.0962453e+002  4.4247567e+002
  2.1034437e+002  4.4267435e+002
  2.1061688e+002  4.4354271e+002
  2.1162512e+002  4.4452928e+002
  2.1251209e+002  4.4554858e+002
  2.1333900e+002  4.4663293e+002
  2.1356327e+002  4.4747973e+002
  2.1426051e+002  4.4775214e+002
  2.1453129e+002  4.4857977e+002
  2.1546934e+002  4.4970265e+002
  2.1564940e+002  4.5051890e+002
  2.1654176e+002  4.5159109e+002
  2.1754079e+002  4.5257790e+002
  2.1876698e+002  4.5360688e+002
  2.1975016e+002  4.5457054e+002
  2.2070461e+002  4.5568887e+002
  2.2171045e+002  4.5669777e+002
  2.2272899e+002  4.5764156e+002
  2.2371347e+002  4.5868139e+002
  2.2467413e+002  4.5981926e+002
  2.2561208e+002  4.6104491e+002
  2.2662534e+002  4.6214478e+002
  2.2766562e+002  4.6305596e+002
  2.2872127e+002  4.6388452e+002
  2.2973458e+002  4.6479049e+002
  2.3070858e+002  4.6570956e+002
  2.3165601e+002  4.6664038e+002
  2.3256667e+002  4.6759707e+002
  2.3348065e+002  4.6862557e+002
  2.3399037e+002  4.6964276e+002
  2.3498303e+002  4.7046667e+002
  2.3582219e+002  4.7057667e+002
  2.3686164e+002  4.7132829e+002
  2.3766134e+002  4.7140564e+002
  2.3844204e+002  4.7149024e+002
  2.3931976e+002  4.7244151e+002
  2.4006086e+002  4.7360824e+002
  2.4062068e+002  4.7499274e+002
  2.4148513e+002  4.7588651e+002
  2.4162970e+002  4.7665418e+002
  2.4254323e+002  4.7773616e+002
  2.4376164e+002  4.7897750e+002
  2.4492706e+002  4.7969842e+002
  2.4612442e+002  4.8035791e+002
  2.4700241e+002  4.8048031e+002
  2.4783883e+002  4.8067664e+002
  2.4885255e+002  4.8165961e+002
  2.4979573e+002  4.8278248e+002
  2.5067583e+002  4.8382590e+002
  2.5161465e+002  4.8483258e+002
  2.5275360e+002  4.8571756e+002
  2.5388692e+002  4.8652502e+002
  2.5498374e+002  4.8733992e+002
  2.5584445e+002  4.8757478e+002
  2.5692374e+002  4.8843416e+002
  2.5776550e+002  4.8866591e+002
  2.5880608e+002  4.8959601e+002
  2.5979415e+002  4.9058133e+002
  2.6075384e+002  4.9156944e+002
  2.6175118e+002  4.9255802e+002
  2.6280027e+002  4.9353680e+002
  2.6388438e+002  4.9451529e+002
  2.6491791e+002  4.9537905e+002
  2.6580036e+002  4.9547607e+002
  2.6673929e+002  4.9556256e+002
  2.6787254e+002  4.9628157e+002
  2.6885288e+002  4.9643944e+002
  2.6981169e+002  4.9661607e+002
  2.7093022e+002  4.9746139e+002
  2.7183958e+002  4.9769045e+002
  2.7286091e+002  4.9855339e+002
  2.7386673e+002  4.9931683e+002
  2.7478392e+002  4.9947121e+002
  2.7566291e+002  4.9969012e+002
  2.7660570e+002  5.0061436e+002
  2.7759455e+002  5.0154071e+002
  2.7865576e+002  5.0242099e+002
  2.7958395e+002  5.0254844e+002
  2.8059248e+002  5.0343022e+002
  2.8152701e+002  5.0355871e+002
  2.8249632e+002  5.0453400e+002
  2.8251733e+002  5.0541615e+002
  2.8344164e+002  5.0550642e+002
  2.8355950e+002  5.0633435e+002
  2.8454016e+002  5.0632812e+002
  2.8559044e+002  5.0633212e+002
  2.8668848e+002  5.0632653e+002
  2.8779071e+002  5.0631037e+002
  2.8889549e+002  5.0634600e+002
  2.8995159e+002  5.0643133e+002
  2.9094333e+002  5.0658530e+002
  2.9194803e+002  5.0744276e+002
  2.9281193e+002  5.0767004e+002
  2.9375871e+002  5.0856526e+002
  2.9479507e+002  5.0903949e+002
  2.9571779e+002  5.0910608e+002
  2.9666622e+002  5.0920372e+002
  2.9765199e+002  5.0931028e+002
  2.9862605e+002  5.0938957e+002
  2.9960952e+002  5.0947411e+002
  3.0059981e+002  5.0956476e+002
  3.0170395e+002  5.1034833e+002
  3.0269917e+002  5.1046647e+002
  3.0371078e+002  5.1059823e+002
  3.0474046e+002  5.1134412e+002
  3.0568606e+002  5.1144753e+002
  3.0661825e+002  5.1152172e+002
  3.0765354e+002  5.1227686e+002
  3.0863426e+002  5.1229204e+002
  3.0965398e+002  5.1232722e+002
  3.1068244e+002  5.1240117e+002
  3.1167822e+002  5.1251251e+002
  3.1266297e+002  5.1329539e+002
  3.1360619e+002  5.1345088e+002
  3.1455737e+002  5.1360968e+002
  3.1549661e+002  5.1445782e+002
  3.1647365e+002  5.1452505e+002
  3.1647687e+002  5.1522725e+002
  3.1748334e+002  5.1525004e+002
  3.1856117e+002  5.1521305e+002
  3.1968653e+002  5.1509775e+002
  3.2094040e+002  5.1498093e+002
  3.2191111e+002  5.1497476e+002
  3.2309547e+002  5.1503736e+002
  3.2413792e+002  5.1512964e+002
  3.2511190e+002  5.1520724e+002
  3.2605028e+002  5.1526685e+002
  3.2698828e+002  5.1530586e+002
  3.2792775e+002  5.1535570e+002
  3.2886442e+002  5.1542706e+002
  3.2979052e+002  5.1555485e+002
  3.3078807e+002  5.1628733e+002
  3.3171930e+002  5.1646067e+002
  3.3265905e+002  5.1665985e+002
  3.3364579e+002  5.1744302e+002
  3.3458131e+002  5.1759877e+002
  3.3557777e+002  5.1839949e+002
  3.3651239e+002  5.1854947e+002
  3.3751700e+002  5.1933159e+002
  3.3849593e+002  5.1940922e+002
  3.3958076e+002  5.2012403e+002
  3.4063344e+002  5.2022499e+002
  3.4174764e+002  5.2031760e+002
  3.4310472e+002  5.2033960e+002
  3.4399432e+002  5.2025392e+002
  3.4490586e+002  5.2011511e+002
  3.4579839e+002  5.2006016e+002
  3.4670634e+002  5.2005864e+002
  3.4801314e+002  5.2010605e+002
  3.4894781e+002  5.2012115e+002
  3.4993408e+002  5.2015063e+002
  3.5091833e+002  5.2019799e+002
  3.5191042e+002  5.2031877e+002
  3.5287452e+002  5.2047268e+002
  3.5381269e+002  5.2064200e+002
  3.5476108e+002  5.2148078e+002
  3.5563288e+002  5.2157307e+002
  3.5653751e+002  5.2225022e+002
  3.5748552e+002  5.2213540e+002
  3.5916674e+002  5.2193077e+002
  3.6006510e+002  5.2174912e+002
  3.6095054e+002  5.2160097e+002
  3.6182336e+002  5.2148637e+002
  3.6276123e+002  5.2069698e+002
  3.6365619e+002  5.2065621e+002
  3.6458304e+002  5.2065814e+002
  3.6557064e+002  5.2068890e+002
  3.6661616e+002  5.2075469e+002
  3.6767350e+002  5.2080822e+002
  3.6869198e+002  5.2087084e+002
  3.7003398e+002  5.2089309e+002
  3.7100948e+002  5.2085230e+002
  3.7206551e+002  5.2076993e+002
  3.7294174e+002  5.2065258e+002
  3.7411686e+002  5.2058400e+002
  3.7506613e+002  5.2058226e+002
  3.7598602e+002  5.2068152e+002
  3.7693160e+002  5.2077951e+002
  3.7790429e+002  5.2088406e+002
  3.7888190e+002  5.2092486e+002
  3.7983240e+002  5.2090837e+002
  3.8114106e+002  5.2081226e+002
  3.8206317e+002  5.2067474e+002
  3.8295167e+002  5.2052017e+002
  3.8380536e+002  5.2035543e+002
  3.8486902e+002  5.1956963e+002
  3.8582870e+002  5.1941133e+002
  3.8702468e+002  5.1869991e+002
  3.8799391e+002  5.1864728e+002
  3.8893183e+002  5.1861058e+002
  3.8981501e+002  5.1853335e+002
  3.9068129e+002  5.1838001e+002
  3.9159960e+002  5.1741509e+002
  3.9258258e+002  5.1650241e+002
  3.9348294e+002  5.1646930e+002
  3.9369175e+002  5.1566391e+002
  3.9461819e+002  5.1562738e+002
  3.9552977e+002  5.1548752e+002
  3.9663245e+002  5.1436402e+002
  3.9771190e+002  5.1342674e+002
  3.9886725e+002  5.1274521e+002
  3.9985333e+002  5.1269086e+002
  4.0082638e+002  5.1263620e+002
  4.0177234e+002  5.1256543e+002
  4.0269887e+002  5.1245442e+002
  4.0380493e+002  5.1157692e+002
  4.0465168e+002  5.1136525e+002
  4.0558939e+002  5.1034863e+002
  4.0656245e+002  5.0937172e+002
  4.0754861e+002  5.0835348e+002
  4.0856143e+002  5.0740192e+002
  4.0964747e+002  5.0658667e+002
  4.1061375e+002  5.0658906e+002
  4.1153130e+002  5.0651462e+002
  4.1243304e+002  5.0628077e+002
  4.1270989e+002  5.0552870e+002
  4.1386617e+002  5.0506305e+002
  4.1490189e+002  5.0415618e+002
  4.1578630e+002  5.0318415e+002
  4.1662666e+002  5.0212874e+002
  4.1756877e+002  5.0106470e+002
  4.1857053e+002  5.0008043e+002
  4.1945537e+002  4.9905275e+002
  4.1958087e+002  4.9818902e+002
  4.2042823e+002  4.9714878e+002
  4.2055222e+002  4.9618833e+002
  4.2144369e+002  4.9523616e+002
  4.2156698e+002  4.9432291e+002
  4.2231155e+002  4.9326617e+002
  4.2233792e+002  4.9226146e+002
  4.2235164e+002  4.9126379e+002
  4.2242326e+002  4.9026562e+002
  4.2254162e+002  4.8930040e+002
  4.2343496e+002  4.8827071e+002
  4.2357515e+002  4.8733760e+002
  4.2446101e+002  4.8632426e+002
  4.2455674e+002  4.8539461e+002
  4.2550424e+002  4.8446031e+002
  4.2660687e+002  4.8350376e+002
  4.2756071e+002  4.8338397e+002
  4.2869475e+002  4.8230614e+002
  4.2970653e+002  4.8129518e+002
  4.3045315e+002  4.8020230e+002
  4.3046265e+002  4.7920758e+002
  4.3045261e+002  4.7821475e+002
  4.3049502e+002  4.7724968e+002
  4.3060812e+002  4.7628675e+002
  4.3150326e+002  4.7517980e+002
  4.3242014e+002  4.7416130e+002
  4.3248422e+002  4.7324218e+002
  4.3254089e+002  4.7233182e+002
  4.3327315e+002  4.7136005e+002
  4.3326205e+002  4.7037159e+002
  4.3322904e+002  4.6934492e+002
  4.3318936e+002  4.6829487e+002
  4.3320331e+002  4.6723980e+002
  4.3325257e+002  4.6622181e+002
  4.3339820e+002  4.6522708e+002
  4.3355881e+002  4.6425654e+002
  4.3462243e+002  4.6328807e+002
  4.3566676e+002  4.6246168e+002
  4.3658480e+002  4.6156983e+002
  4.3741518e+002  4.6150325e+002
  4.3729817e+002  4.6039619e+002
  4.3717012e+002  4.5886067e+002
  4.3708183e+002  4.5791001e+002
  4.3701661e+002  4.5693508e+002
  4.3694965e+002  4.5596924e+002
  4.3695175e+002  4.5479816e+002
  4.3696084e+002  4.5383574e+002
  4.3703160e+002  4.5295507e+002
  4.3715497e+002  4.5212503e+002
  4.3725673e+002  4.5116416e+002
  4.3747321e+002  4.5026295e+002
  4.3763250e+002  4.4929416e+002
  4.3861869e+002  4.4835230e+002
  4.3967592e+002  4.4738137e+002
  4.4072097e+002  4.4632245e+002
  4.4159483e+002  4.4533052e+002
  4.4220720e+002  4.4438487e+002
  4.4206997e+002  4.4284644e+002
  4.4191132e+002  4.4194663e+002
  4.4177199e+002  4.4101123e+002
  4.4163268e+002  4.4004238e+002
  4.4152874e+002  4.3904609e+002
  4.4151453e+002  4.3801690e+002
  4.4160930e+002  4.3698191e+002
  4.4172310e+002  4.3586704e+002
  4.4185766e+002  4.3494743e+002
  4.4196089e+002  4.3401899e+002
  4.4201795e+002  4.3309374e+002
  4.4198219e+002  4.3214229e+002
  4.4190562e+002  4.3115800e+002
  4.4177357e+002  4.3003156e+002
  4.4165338e+002  4.2903850e+002
  4.4161225e+002  4.2803358e+002
  4.4162739e+002  4.2702905e+002
  4.4173295e+002  4.2603505e+002
  4.4182258e+002  4.2516918e+002
  4.4191962e+002  4.2418198e+002
  4.4191139e+002  4.2304270e+002
  4.4177450e+002  4.2206434e+002
  4.4156356e+002  4.2109515e+002
  4.4138096e+002  4.2012159e+002
  4.4061002e+002  4.1923251e+002
  4.4064768e+002  4.1823830e+002
  4.4079765e+002  4.1724847e+002
  4.4097083e+002  4.1620908e+002
  4.4108759e+002  4.1528084e+002
  4.4115791e+002  4.1431857e+002
  4.4115573e+002  4.1334143e+002
  4.4102495e+002  4.1210105e+002
  4.4081996e+002  4.1116536e+002
  4.4056731e+002  4.1026921e+002
  4.4031378e+002  4.0936562e+002
  4.3918307e+002  4.0854617e+002
  4.3829553e+002  4.0849019e+002
  4.3739411e+002  4.0742217e+002
  4.3655659e+002  4.0617550e+002
  4.3643918e+002  4.0524139e+002
  4.3561696e+002  4.0400402e+002
  4.3555556e+002  4.0304560e+002
  4.3552703e+002  4.0207626e+002
  4.3552995e+002  4.0109436e+002
  4.3557561e+002  4.0007651e+002
  4.3560378e+002  3.9905359e+002
  4.3560863e+002  3.9789320e+002
  4.3556262e+002  3.9701675e+002
  4.3542953e+002  3.9603509e+002
  4.3465342e+002  3.9501624e+002
  4.3455981e+002  3.9404034e+002
  4.3449731e+002  3.9305582e+002
  4.3382756e+002  3.9192989e+002
  4.3376679e+002  3.9092150e+002
  4.3370026e+002  3.8992653e+002
  4.3362979e+002  3.8895468e+002
  4.3352637e+002  3.8801332e+002
  4.3337312e+002  3.8712313e+002
  4.3249420e+002  3.8609772e+002
  4.3166444e+002  3.8504134e+002
  4.3146503e+002  3.8408375e+002
  4.3070623e+002  3.8297029e+002
  4.3054345e+002  3.8201286e+002
  4.3039871e+002  3.8105364e+002
  4.2971968e+002  3.7995158e+002
  4.2965408e+002  3.7899646e+002
  4.2959253e+002  3.7805265e+002
  4.2952520e+002  3.7711429e+002
  4.2946512e+002  3.7616626e+002
  4.2880595e+002  3.7509001e+002
  4.2872712e+002  3.7409449e+002
  4.2863752e+002  3.7307225e+002
  4.2853808e+002  3.7203776e+002
  4.2843966e+002  3.7101722e+002
  4.2778548e+002  3.6996485e+002
  4.2766203e+002  3.6898523e+002
  4.2756379e+002  3.6801088e+002
  4.2745380e+002  3.6701821e+002
  4.2684714e+002  3.6596827e+002
  4.2673772e+002  3.6498530e+002
  4.2660328e+002  3.6401694e+002
  4.2646326e+002  3.6305603e+002
  4.2576297e+002  3.6198624e+002
  4.2561222e+002  3.6102467e+002
  4.2545210e+002  3.6008099e+002
  4.2475392e+002  3.5907150e+002
  4.2462089e+002  3.5815050e+002
  4.2450875e+002  3.5721731e+002
  4.2442790e+002  3.5626751e+002
  4.2386871e+002  3.5511187e+002
  4.2379446e+002  3.5408328e+002
  4.2371094e+002  3.5305113e+002
  4.2358877e+002  3.5201764e+002
  4.2342165e+002  3.5100640e+002
  4.2264195e+002  3.4997814e+002
  4.2245715e+002  3.4904219e+002
  4.2176730e+002  3.4804988e+002
  4.2165597e+002  3.4706025e+002
  4.2154782e+002  3.4608087e+002
  4.2142951e+002  3.4509676e+002
  4.2075259e+002  3.4397276e+002
  4.2060824e+002  3.4298794e+002
  4.2049757e+002  3.4201231e+002
  4.1983843e+002  3.4095145e+002
  4.1977300e+002  3.4002559e+002
  4.1969036e+002  3.3912563e+002
  4.1958154e+002  3.3823864e+002
  4.1942970e+002  3.3730740e+002
  4.1872857e+002  3.3610162e+002
  4.1853798e+002  3.3511429e+002
  4.1835700e+002  3.3415877e+002
  4.1756594e+002  3.3302592e+002
  4.1732381e+002  3.3215019e+002
  4.1641745e+002  3.3111217e+002
  4.1546655e+002  3.3005918e+002
  4.1452859e+002  3.2897984e+002
  4.1424965e+002  3.2811389e+002
  4.1348412e+002  3.2704026e+002
  4.1289250e+002  3.2598615e+002
  4.1279039e+002  3.2502661e+002
  4.1269910e+002  3.2405770e+002
  4.1262109e+002  3.2307795e+002
  4.1251393e+002  3.2210357e+002
  4.1239172e+002  3.2113715e+002
  4.1164914e+002  3.2001618e+002
  4.1145881e+002  3.1911108e+002
  4.1059376e+002  3.1810898e+002
  4.1033071e+002  3.1725362e+002
  4.0941754e+002  3.1622021e+002
  4.0853502e+002  3.1511966e+002
  4.0824319e+002  3.1420802e+002
  4.0738531e+002  3.1308382e+002
  4.0656617e+002  3.1203834e+002
  4.0637657e+002  3.1116472e+002
  4.0569725e+002  3.1014049e+002
  4.0562155e+002  3.0920627e+002
  4.0559446e+002  3.0825076e+002
  4.0553033e+002  3.0729231e+002
  4.0543176e+002  3.0633519e+002
  4.0465431e+002  3.0518710e+002
  4.0435638e+002  3.0432581e+002
  4.0323456e+002  3.0339023e+002
  4.0211066e+002  3.0250392e+002
  4.0109032e+002  3.0191754e+002
  4.0024462e+002  3.0099017e+002
  3.9935831e+002  2.9998369e+002
  3.9859811e+002  2.9905118e+002
  3.9833628e+002  2.9827606e+002
  3.9721392e+002  2.9736208e+002
  3.9594806e+002  2.9659323e+002
  3.9523107e+002  2.9673242e+002
  3.9452040e+002  2.9660149e+002
  3.9363800e+002  2.9533244e+002
  3.9343255e+002  2.9435145e+002
  3.9199024e+002  2.9286136e+002
  3.9115047e+002  2.9207122e+002
  3.9028918e+002  2.9117965e+002
  3.8946181e+002  2.9015347e+002
  3.8868784e+002  2.8909894e+002
  3.8845884e+002  2.8822622e+002
  3.8771440e+002  2.8718799e+002
  3.8749461e+002  2.8637907e+002
  3.8676420e+002  2.8534955e+002
  3.8657177e+002  2.8453197e+002
  3.8580618e+002  2.8342786e+002
  3.8561415e+002  2.8263365e+002
  3.8417334e+002  2.8101376e+002
  3.8308210e+002  2.8030345e+002
  3.8191875e+002  2.7966239e+002
  3.8108390e+002  2.7959187e+002
  3.8030842e+002  2.7948083e+002
  3.7928781e+002  2.7855053e+002
  3.7860212e+002  2.7827025e+002
  3.7832129e+002  2.7753527e+002
  3.7762437e+002  2.7720725e+002
  3.7734127e+002  2.7644459e+002
  3.7638510e+002  2.7532098e+002
  3.7547224e+002  2.7412678e+002
  3.7461164e+002  2.7300727e+002
  3.7422215e+002  2.7225156e+002
  3.7320927e+002  2.7125681e+002
  3.7213924e+002  2.7039124e+002
  3.7103474e+002  2.6942927e+002
  3.6996554e+002  2.6835798e+002
  3.6909164e+002  2.6746163e+002
  3.6820790e+002  2.6647140e+002
  3.6724629e+002  2.6548645e+002
  3.6592905e+002  2.6438392e+002
  3.6484373e+002  2.6365107e+002
  3.6406661e+002  2.6344256e+002
  3.6299103e+002  2.6261037e+002
  3.6218907e+002  2.6240425e+002
  3.6118158e+002  2.6153402e+002
  3.6039487e+002  2.6132680e+002
  3.5946506e+002  2.6037170e+002
  3.5845994e+002  2.5934660e+002
  3.5738764e+002  2.5828755e+002
  3.5621392e+002  2.5710741e+002
  3.5542177e+002  2.5618140e+002
  3.5456182e+002  2.5531906e+002
  3.5430043e+002  2.5466804e+002
  3.5324205e+002  2.5411116e+002
  3.5214777e+002  2.5324167e+002
  3.5109622e+002  2.5245439e+002
  3.5000562e+002  2.5174484e+002
  3.4913436e+002  2.5159697e+002
  3.4823062e+002  2.5141485e+002
  3.4703946e+002  2.5053851e+002
  3.4617248e+002  2.5022501e+002
  3.4515527e+002  2.4917744e+002
  3.4421228e+002  2.4814214e+002
  3.4323053e+002  2.4726237e+002
  3.4207562e+002  2.4659982e+002
  3.4110690e+002  2.4660555e+002
  3.4010373e+002  2.4659092e+002
  3.3909492e+002  2.4650994e+002
  3.3810921e+002  2.4630269e+002
  3.3697297e+002  2.4541844e+002
  3.3590513e+002  2.4460148e+002
  3.3501858e+002  2.4437781e+002
  3.3392788e+002  2.4372568e+002
  3.3302398e+002  2.4356618e+002
  3.3211496e+002  2.4337113e+002
  3.3098305e+002  2.4274086e+002
  3.3004104e+002  2.4255213e+002
  3.2908649e+002  2.4238996e+002
  3.2798366e+002  2.4171472e+002
  3.2706876e+002  2.4155947e+002
  3.2616154e+002  2.4138313e+002
  3.2510144e+002  2.4068932e+002
  3.2416715e+002  2.4056662e+002
  3.2320155e+002  2.4043827e+002
  3.2204896e+002  2.3985954e+002
  3.2102432e+002  2.3976304e+002
  3.1998511e+002  2.3965726e+002
  3.1896390e+002  2.3956376e+002
  3.1794058e+002  2.3944178e+002
  3.1679992e+002  2.3884839e+002
  3.1583862e+002  2.3871668e+002
  3.1491133e+002  2.3852972e+002
  3.1398077e+002  2.3828198e+002
  3.1296670e+002  2.3754729e+002
  3.1201053e+002  2.3733771e+002
  3.1095363e+002  2.3674596e+002
  3.1000929e+002  2.3663732e+002
  3.0907610e+002  2.3656592e+002
  3.0812129e+002  2.3653188e+002
  3.0712171e+002  2.3652538e+002
  3.0606475e+002  2.3655214e+002
  3.0485473e+002  2.3657873e+002
  3.0391819e+002  2.3661616e+002
  3.0301232e+002  2.3664182e+002
  3.0175258e+002  2.3663223e+002
  3.0075210e+002  2.3650472e+002
  2.9976697e+002  2.3636945e+002
  2.9883603e+002  2.3582062e+002
  2.9793231e+002  2.3566291e+002
  2.9702575e+002  2.3551751e+002
  2.9611973e+002  2.3541829e+002
  2.9513692e+002  2.3489551e+002
  2.9417888e+002  2.3482982e+002
  2.9319032e+002  2.3477992e+002
  2.9176510e+002  2.3475241e+002
  2.9083802e+002  2.3479385e+002
  2.8992277e+002  2.3483711e+002
  2.8903353e+002  2.3487068e+002
  2.8812010e+002  2.3483319e+002
  2.8716727e+002  2.3470208e+002
  2.8574863e+002  2.3457685e+002
  2.8482996e+002  2.3444002e+002
  2.8397464e+002  2.3388708e+002
  2.8308976e+002  2.3378117e+002
  2.8216013e+002  2.3369651e+002
  2.8116062e+002  2.3367991e+002
  2.8013497e+002  2.3368545e+002
  2.7848184e+002  2.3376656e+002
  2.7667926e+002  2.3415862e+002
  2.7582049e+002  2.3429878e+002
  2.7498259e+002  2.3445072e+002
  2.7413793e+002  2.3464269e+002
  2.7323106e+002  2.3533851e+002
  2.7229904e+002  2.3552517e+002
  2.7118601e+002  2.3615530e+002
  2.7013364e+002  2.3624577e+002
  2.6905031e+002  2.3624076e+002
  2.6797674e+002  2.3623013e+002
  2.6693468e+002  2.3622010e+002
  2.6593074e+002  2.3630163e+002
  2.6494421e+002  2.3647150e+002
  2.6394152e+002  2.3669052e+002
  2.6297662e+002  2.3736934e+002
  2.6198562e+002  2.3757174e+002
  2.6093767e+002  2.3816873e+002
  2.5994638e+002  2.3826584e+002
  2.5899155e+002  2.3832083e+002
  2.5806399e+002  2.3840491e+002
  2.5714632e+002  2.3856995e+002
  2.5617292e+002  2.3931537e+002
  2.5522001e+002  2.3954534e+002
  2.5416657e+002  2.4029632e+002
  2.5317357e+002  2.4045852e+002
  2.5222262e+002  2.4059908e+002
  2.5110869e+002  2.4127182e+002
  2.5019401e+002  2.4143578e+002
  2.4930639e+002  2.4168422e+002
  2.4822399e+002  2.4257143e+002
  2.4714206e+002  2.4360280e+002
  2.4610014e+002  2.4467841e+002
  2.4507395e+002  2.4571495e+002
  2.4400724e+002  2.4661424e+002
  2.4288515e+002  2.4740661e+002
  2.4200463e+002  2.4760866e+002
  2.4086948e+002  2.4832409e+002
  2.4001038e+002  2.4847790e+002
  2.3918567e+002  2.4862931e+002
  2.3811642e+002  2.4939965e+002
  2.3731320e+002  2.4959749e+002
  2.3627207e+002  2.5038106e+002
  2.3548960e+002  2.5060179e+002
  2.3448970e+002  2.5152602e+002
  2.3349263e+002  2.5262037e+002
  2.3248101e+002  2.5377584e+002
  2.3133901e+002  2.5495198e+002
  2.3030479e+002  2.5586240e+002
  2.2918760e+002  2.5670174e+002
  2.2804974e+002  2.5752498e+002
  2.2690533e+002  2.5831038e+002
  2.2611459e+002  2.5858243e+002
  2.2504649e+002  2.5958564e+002
  2.2391217e+002  2.6082975e+002
  2.2309440e+002  2.6188475e+002
  2.2226101e+002  2.6288700e+002
  2.2130418e+002  2.6384634e+002
  2.2023999e+002  2.6482295e+002
  2.1927029e+002  2.6575032e+002
  2.1826467e+002  2.6664423e+002
  2.1721934e+002  2.6752216e+002
  2.1617901e+002  2.6843046e+002
  2.1544985e+002  2.6871206e+002
  2.1426104e+002  2.6986396e+002
  2.1334614e+002  2.7086784e+002
  2.1246113e+002  2.7191910e+002
  2.1158657e+002  2.7294374e+002
  2.1134840e+002  2.7364477e+002
  2.1030822e+002  2.7465152e+002
  2.0926190e+002  2.7567600e+002
  2.0826723e+002  2.7669775e+002
  2.0730551e+002  2.7772520e+002
  2.0635212e+002  2.7873206e+002
  2.0536335e+002  2.7977032e+002
  2.0437569e+002  2.8081165e+002
  2.0337563e+002  2.8186998e+002
  2.0241926e+002  2.8302835e+002
  2.0141558e+002  2.8421741e+002
  2.0046597e+002  2.8525333e+002
  1.9976363e+002  2.8630011e+002
  1.9971716e+002  2.8714680e+002
  1.9972518e+002  2.8807014e+002
  1.9970633e+002  2.8902082e+002
  1.9960650e+002  2.8998285e+002
  1.9946607e+002  2.9094232e+002
  1.9879311e+002  2.9214583e+002
  1.9850687e+002  2.9300951e+002
  1.9815693e+002  2.9385254e+002
  1.9727121e+002  2.9491206e+002
  1.9640107e+002  2.9592141e+002
  1.9559589e+002  2.9689435e+002
  1.9548258e+002  2.9777251e+002
  1.9483315e+002  2.9891315e+002
  1.9478042e+002  2.9984488e+002
  1.9471775e+002  3.0076566e+002
  1.9459205e+002  3.0164093e+002
  1.9438184e+002  3.0248292e+002
  1.9366829e+002  3.0274962e+002
  1.9334368e+002  3.0353182e+002
  1.9227493e+002  3.0456234e+002
  1.9131066e+002  3.0563468e+002
  1.9055967e+002  3.0679448e+002
  1.9051962e+002  3.0776807e+002
  1.9056637e+002  3.0877192e+002
  1.9058061e+002  3.0979430e+002
  1.9054357e+002  3.1080691e+002
  1.9035989e+002  3.1179644e+002
  1.8959558e+002  3.1298809e+002
  1.8933402e+002  3.1393066e+002
  1.8858182e+002  3.1502795e+002
  1.8837071e+002  3.1593619e+002
  1.8763065e+002  3.1699479e+002
  1.8744497e+002  3.1788237e+002
  1.8671054e+002  3.1888223e+002
  1.8656652e+002  3.1978553e+002
  1.8652245e+002  3.2074399e+002
  1.8661990e+002  3.2176084e+002
  1.8684143e+002  3.2286072e+002
  1.8699696e+002  3.2414575e+002
  1.8703929e+002  3.2498343e+002
  1.8705118e+002  3.2586975e+002
  1.8695649e+002  3.2735502e+002
  1.8664714e+002  3.2829771e+002
  1.8621255e+002  3.2919792e+002
  1.8562838e+002  3.3012074e+002
  1.8535178e+002  3.3092235e+002
  1.8458249e+002  3.3181265e+002
  1.8443999e+002  3.3270655e+002
  1.8390760e+002  3.3380887e+002
  1.8392498e+002  3.3482663e+002
  1.8396730e+002  3.3627413e+002
  1.8405953e+002  3.3716049e+002
  1.8406625e+002  3.3805963e+002
  1.8392923e+002  3.3900814e+002
  1.8370084e+002  3.4015097e+002
  1.8337946e+002  3.4111790e+002
  1.8275412e+002  3.4209672e+002
  1.8263974e+002  3.4308378e+002
  1.8264346e+002  3.4401012e+002
  1.8270303e+002  3.4489643e+002
  1.8272444e+002  3.4584849e+002
  1.8274196e+002  3.4689653e+002
  1.8281648e+002  3.4819378e+002
  1.8287827e+002  3.4914930e+002
  1.8291901e+002  3.5010003e+002
  1.8290631e+002  3.5104485e+002
  1.8281204e+002  3.5200530e+002
  1.8265318e+002  3.5302533e+002
  1.8243555e+002  3.5404125e+002
  1.8202953e+002  3.5505919e+002
  1.8192734e+002  3.5605460e+002
  1.8184855e+002  3.5706023e+002
  1.8179575e+002  3.5810185e+002
  1.8187670e+002  3.5954540e+002
  1.8229169e+002  3.6127273e+002
  1.8252471e+002  3.6212902e+002
  1.8300387e+002  3.6302268e+002
  1.8302667e+002  3.6403573e+002
  1.8297178e+002  3.6514908e+002
  1.8296087e+002  3.6605484e+002
  1.8289240e+002  3.6703017e+002
  1.8287667e+002  3.6801930e+002
  1.8291530e+002  3.6924598e+002
  1.8307233e+002  3.7015912e+002
  1.8324674e+002  3.7108337e+002
  1.8342826e+002  3.7204036e+002
  1.8355096e+002  3.7301383e+002
  1.8413435e+002  3.7396322e+002
  1.8432371e+002  3.7494463e+002
  1.8453316e+002  3.7589747e+002
  1.8521910e+002  3.7685491e+002
  1.8534351e+002  3.7786299e+002
  1.8542920e+002  3.7892791e+002
  1.8552012e+002  3.8002087e+002
  1.8595948e+002  3.8104799e+002
  1.8608153e+002  3.8196017e+002
  1.8621759e+002  3.8328954e+002
  1.8638315e+002  3.8425914e+002
  1.8655186e+002  3.8521749e+002
  1.8719694e+002  3.8627031e+002
  1.8744881e+002  3.8717570e+002
  1.8769960e+002  3.8805759e+002
  1.8849425e+002  3.8902634e+002
  1.8869499e+002  3.8991439e+002
  1.8936949e+002  3.9086044e+002
  1.8949362e+002  3.9180904e+002
  1.8955828e+002  3.9277740e+002
  1.9013944e+002  3.9388653e+002
  1.9023963e+002  3.9488288e+002
  1.9038222e+002  3.9585600e+002
  1.9057274e+002  3.9681554e+002
  1.9127124e+002  3.9788868e+002
  1.9149854e+002  3.9886208e+002
  1.9168768e+002  3.9986149e+002
  1.9232814e+002  4.0094432e+002
  1.9243805e+002  4.0194659e+002
  1.9247763e+002  4.0291097e+002
  1.9251711e+002  4.0388305e+002
  1.9301539e+002  4.0509997e+002
  1.9308802e+002  4.0614874e+002
  1.9323097e+002  4.0718444e+002
  1.9346348e+002  4.0817692e+002
