  1.9452279e+002  4.0905179e+002
  1.9520358e+002  4.1016520e+002
  1.9537480e+002  4.1113987e+002
  1.9555349e+002  4.1209529e+002
  1.9634980e+002  4.1313860e+002
  1.9661171e+002  4.1401789e+002
  1.9746789e+002  4.1499823e+002
  1.9767660e+002  4.1585712e+002
  1.9836147e+002  4.1690988e+002
  1.9846972e+002  4.1781749e+002
  1.9856166e+002  4.1873678e+002
  1.9914742e+002  4.1990775e+002
  1.9919722e+002  4.2085147e+002
  1.9924029e+002  4.2180771e+002
  1.9929320e+002  4.2277188e+002
  1.9936869e+002  4.2372936e+002
  1.9940261e+002  4.2467895e+002
  1.9942763e+002  4.2560833e+002
  1.9946386e+002  4.2654488e+002
  1.9953367e+002  4.2745100e+002
  2.0018701e+002  4.2754645e+002
  2.0040668e+002  4.2838041e+002
  2.0077233e+002  4.2915496e+002
  2.0198797e+002  4.2965624e+002
  2.0279241e+002  4.3047891e+002
  2.0362069e+002  4.3056889e+002
  2.0462118e+002  4.3133350e+002
  2.0546638e+002  4.3145018e+002
  2.0684449e+002  4.3299479e+002
  2.0743336e+002  4.3421583e+002
  2.0754885e+002  4.3484192e+002
  2.0812685e+002  4.3597039e+002
  2.0820564e+002  4.3691081e+002
  2.0824538e+002  4.3785629e+002
  2.0826589e+002  4.3879520e+002
  2.0833602e+002  4.3970705e+002
  2.0844867e+002  4.4063068e+002
  2.0862673e+002  4.4152676e+002
  2.0947672e+002  4.4258281e+002
  2.0972300e+002  4.4346138e+002
  2.1036832e+002  4.4361002e+002
  2.1059633e+002  4.4449104e+002
  2.1123368e+002  4.4467258e+002
  2.1145963e+002  4.4556936e+002
  2.1167889e+002  4.4644450e+002
  2.1233283e+002  4.4668530e+002
  2.1259958e+002  4.4756862e+002
  2.1358683e+002  4.4866097e+002
  2.1453405e+002  4.4968001e+002
  2.1540628e+002  4.5071250e+002
  2.1561668e+002  4.5151831e+002
  2.1649349e+002  4.5262761e+002
  2.1674150e+002  4.5341510e+002
  2.1747180e+002  4.5373154e+002
  2.1774764e+002  4.5446214e+002
  2.1852996e+002  4.5477752e+002
  2.1954609e+002  4.5575224e+002
  2.2053047e+002  4.5673692e+002
  2.2154842e+002  4.5773867e+002
  2.2261063e+002  4.5876061e+002
  2.2366289e+002  4.5984973e+002
  2.2473233e+002  4.6098478e+002
  2.2576496e+002  4.6201577e+002
  2.2673144e+002  4.6295884e+002
  2.2766911e+002  4.6385227e+002
  2.2861428e+002  4.6476486e+002
  2.2960088e+002  4.6568856e+002
  2.3059528e+002  4.6662524e+002
  2.3154730e+002  4.6761101e+002
  2.3248198e+002  4.6866325e+002
  2.3303007e+002  4.6970191e+002
  2.3399750e+002  4.7050584e+002
  2.3501800e+002  4.7127147e+002
  2.3584640e+002  4.7142894e+002
  2.3666900e+002  4.7157122e+002
  2.3761992e+002  4.7247432e+002
  2.3836460e+002  4.7265962e+002
  2.3843603e+002  4.7358946e+002
  2.3871308e+002  4.7489410e+002
  2.3939671e+002  4.7587420e+002
  2.3948250e+002  4.7659547e+002
  2.3958189e+002  4.7738471e+002
  2.4040449e+002  4.7763821e+002
  2.4053802e+002  4.7838749e+002
  2.4139565e+002  4.7866527e+002
  2.4205498e+002  4.7974723e+002
  2.4312962e+002  4.8051422e+002
  2.4418179e+002  4.8119931e+002
  2.4506110e+002  4.8128312e+002
  2.4593463e+002  4.8141422e+002
  2.4680016e+002  4.8158645e+002
  2.4782341e+002  4.8240461e+002
  2.4868193e+002  4.8264691e+002
  2.4974213e+002  4.8358545e+002
  2.5078997e+002  4.8460714e+002
  2.5178327e+002  4.8565141e+002
  2.5277559e+002  4.8660476e+002
  2.5385412e+002  4.8741117e+002
  2.5472240e+002  4.8756601e+002
  2.5586648e+002  4.8839250e+002
  2.5672412e+002  4.8863320e+002
  2.5785537e+002  4.8954015e+002
  2.5890484e+002  4.9055743e+002
  2.5985712e+002  4.9161276e+002
  2.6078718e+002  4.9264207e+002
  2.6182264e+002  4.9352296e+002
  2.6292226e+002  4.9428731e+002
  2.6383704e+002  4.9435679e+002
  2.6477578e+002  4.9441155e+002
  2.6573397e+002  4.9447213e+002
  2.6669898e+002  4.9458767e+002
  2.6781210e+002  4.9531813e+002
  2.6876872e+002  4.9556179e+002
  2.6982704e+002  4.9639298e+002
  2.7079118e+002  4.9656996e+002
  2.7181049e+002  4.9732997e+002
  2.7275543e+002  4.9742299e+002
  2.7370224e+002  4.9751641e+002
  2.7464016e+002  4.9833702e+002
  2.7562332e+002  4.9853011e+002
  2.7655619e+002  4.9947179e+002
  2.7751514e+002  4.9972490e+002
  2.7843603e+002  5.0071639e+002
  2.7844783e+002  5.0156252e+002
  2.7852647e+002  5.0245374e+002
  2.7948310e+002  5.0253095e+002
  2.7964837e+002  5.0343111e+002
  2.8060226e+002  5.0336691e+002
  2.8159837e+002  5.0322881e+002
  2.8263670e+002  5.0314337e+002
  2.8368149e+002  5.0314801e+002
  2.8474558e+002  5.0327417e+002
  2.8578557e+002  5.0350227e+002
  2.8677772e+002  5.0448437e+002
  2.8774020e+002  5.0471108e+002
  2.8873262e+002  5.0553196e+002
  2.8985735e+002  5.0628808e+002
  2.9083294e+002  5.0639344e+002
  2.9176923e+002  5.0652590e+002
  2.9276525e+002  5.0737936e+002
  2.9367483e+002  5.0754218e+002
  2.9469300e+002  5.0840781e+002
  2.9561611e+002  5.0847873e+002
  2.9655235e+002  5.0854043e+002
  2.9758355e+002  5.0930201e+002
  2.9858540e+002  5.0933998e+002
  2.9958906e+002  5.0948846e+002
  3.0058895e+002  5.0969464e+002
  3.0160824e+002  5.1063869e+002
  3.0268625e+002  5.1158442e+002
  3.0376596e+002  5.1248441e+002
  3.0476453e+002  5.1254553e+002
  3.0589687e+002  5.1326133e+002
  3.0682125e+002  5.1321388e+002
  3.0770668e+002  5.1318718e+002
  3.0859180e+002  5.1322053e+002
  3.0951761e+002  5.1335223e+002
  3.1047355e+002  5.1348983e+002
  3.1145359e+002  5.1357951e+002
  3.1151347e+002  5.1440611e+002
  3.1244868e+002  5.1451386e+002
  3.1255183e+002  5.1541572e+002
  3.1343814e+002  5.1549302e+002
  3.1433131e+002  5.1559514e+002
  3.1441518e+002  5.1645179e+002
  3.1534225e+002  5.1649778e+002
  3.1640047e+002  5.1736480e+002
  3.1744105e+002  5.1829872e+002
  3.1838744e+002  5.1937284e+002
  3.1920730e+002  5.2052410e+002
  3.1931611e+002  5.2149417e+002
  3.2023863e+002  5.2252130e+002
  3.2043215e+002  5.2333353e+002
  3.2148053e+002  5.2406372e+002
  3.2263090e+002  5.2451014e+002
  3.2369260e+002  5.2391951e+002
  3.2587525e+002  5.2284073e+002
  3.2687341e+002  5.2130257e+002
  3.2744970e+002  5.1972430e+002
  3.2752477e+002  5.1911450e+002
  3.2853004e+002  5.1850253e+002
  3.2998929e+002  5.1849518e+002
  3.3086698e+002  5.1793196e+002
  3.3186818e+002  5.1805908e+002
  3.3282999e+002  5.1823636e+002
  3.3371767e+002  5.1843093e+002
  3.3456069e+002  5.1864112e+002
  3.3547635e+002  5.1949236e+002
  3.3640231e+002  5.1891686e+002
  3.3751771e+002  5.1892359e+002
  3.3870530e+002  5.1949444e+002
  3.4028017e+002  5.1942253e+002
  3.4123723e+002  5.1944131e+002
  3.4217570e+002  5.1951028e+002
  3.4313487e+002  5.2026096e+002
  3.4404535e+002  5.2014126e+002
  3.4494908e+002  5.1998532e+002
  3.4585308e+002  5.1981456e+002
  3.4676395e+002  5.1967492e+002
  3.4768375e+002  5.1963654e+002
  3.4866663e+002  5.1971305e+002
  3.5008096e+002  5.1983343e+002
  3.5098062e+002  5.1994223e+002
  3.5191354e+002  5.2003916e+002
  3.5288077e+002  5.2009784e+002
  3.5385782e+002  5.2018614e+002
  3.5481987e+002  5.2026658e+002
  3.5574064e+002  5.2031854e+002
  3.5665550e+002  5.2032063e+002
  3.5809696e+002  5.2018742e+002
  3.5905093e+002  5.2003522e+002
  3.6003017e+002  5.1997677e+002
  3.6099459e+002  5.1998545e+002
  3.6192974e+002  5.1998789e+002
  3.6288034e+002  5.1997964e+002
  3.6382573e+002  5.1993500e+002
  3.6481933e+002  5.1992372e+002
  3.6585499e+002  5.1990597e+002
  3.6690123e+002  5.1993300e+002
  3.6793692e+002  5.1990759e+002
  3.6895075e+002  5.1987346e+002
  3.6992827e+002  5.1975736e+002
  3.7088117e+002  5.1960288e+002
  3.7184407e+002  5.1945697e+002
  3.7277965e+002  5.1871126e+002
  3.7378479e+002  5.1877693e+002
  3.7481153e+002  5.1891530e+002
  3.7586820e+002  5.1908769e+002
  3.7706232e+002  5.1914152e+002
  3.7796509e+002  5.1915099e+002
  3.7892253e+002  5.1914358e+002
  3.7990090e+002  5.1911725e+002
  3.8110592e+002  5.1897604e+002
  3.8203602e+002  5.1882338e+002
  3.8292536e+002  5.1874486e+002
  3.8381566e+002  5.1866134e+002
  3.8475325e+002  5.1861782e+002
  3.8574605e+002  5.1852572e+002
  3.8678698e+002  5.1839842e+002
  3.8786247e+002  5.1760045e+002
  3.8880611e+002  5.1743408e+002
  3.8967172e+002  5.1642231e+002
  3.9052065e+002  5.1531669e+002
  3.9151904e+002  5.1421478e+002
  3.9242564e+002  5.1332787e+002
  3.9273341e+002  5.1234284e+002
  3.9375207e+002  5.1145304e+002
  3.9481405e+002  5.1067292e+002
  3.9575398e+002  5.1070165e+002
  3.9670367e+002  5.1075520e+002
  3.9741220e+002  5.1037911e+002
  3.9759657e+002  5.0967146e+002
  3.9854551e+002  5.0960019e+002
  3.9950917e+002  5.0952616e+002
  4.0042818e+002  5.0941544e+002
  4.0057993e+002  5.0860180e+002
  4.0142918e+002  5.0845977e+002
  4.0155565e+002  5.0763522e+002
  4.0242652e+002  5.0751312e+002
  4.0348289e+002  5.0643286e+002
  4.0363407e+002  5.0555927e+002
  4.0455110e+002  5.0520732e+002
  4.0541308e+002  5.0410182e+002
  4.0569465e+002  5.0316452e+002
  4.0676444e+002  5.0223764e+002
  4.0788343e+002  5.0152252e+002
  4.0873902e+002  5.0149091e+002
  4.0977641e+002  5.0070429e+002
  4.1063417e+002  5.0066299e+002
  4.1154488e+002  5.0063369e+002
  4.1252573e+002  5.0058482e+002
  4.1351574e+002  5.0051582e+002
  4.1451613e+002  5.0035609e+002
  4.1551278e+002  4.9941458e+002
  4.1652681e+002  4.9841487e+002
  4.1746167e+002  4.9736512e+002
  4.1761072e+002  4.9650860e+002
  4.1840748e+002  4.9628508e+002
  4.1857574e+002  4.9544290e+002
  4.1958551e+002  4.9437652e+002
  4.2063880e+002  4.9335740e+002
  4.2172824e+002  4.9221837e+002
  4.2257984e+002  4.9120733e+002
  4.2342643e+002  4.9017605e+002
  4.2357598e+002  4.8928446e+002
  4.2452726e+002  4.8824901e+002
  4.2549182e+002  4.8728616e+002
  4.2552668e+002  4.8639663e+002
  4.2640024e+002  4.8543984e+002
  4.2642843e+002  4.8447008e+002
  4.2653303e+002  4.8351969e+002
  4.2736163e+002  4.8336517e+002
  4.2750040e+002  4.8239036e+002
  4.2846767e+002  4.8125126e+002
  4.2858322e+002  4.8027310e+002
  4.2937658e+002  4.7906815e+002
  4.2943968e+002  4.7805748e+002
  4.2956876e+002  4.7709578e+002
  4.3059714e+002  4.7605390e+002
  4.3174947e+002  4.7511330e+002
  4.3276618e+002  4.7421644e+002
  4.3356107e+002  4.7323468e+002
  4.3421594e+002  4.7212285e+002
  4.3424613e+002  4.7114300e+002
  4.3430183e+002  4.7014651e+002
  4.3437727e+002  4.6915891e+002
  4.3442655e+002  4.6815684e+002
  4.3449014e+002  4.6719254e+002
  4.3451091e+002  4.6624417e+002
  4.3524825e+002  4.6521281e+002
  4.3531201e+002  4.6428067e+002
  4.3542022e+002  4.6333466e+002
  4.3556024e+002  4.6234656e+002
  4.3640319e+002  4.6129787e+002
  4.3656818e+002  4.6034217e+002
  4.3748769e+002  4.5937299e+002
  4.3762082e+002  4.5841561e+002
  4.3843191e+002  4.5731032e+002
  4.3844101e+002  4.5621983e+002
  4.3839944e+002  4.5512896e+002
  4.3838779e+002  4.5407506e+002
  4.3846048e+002  4.5308908e+002
  4.3865114e+002  4.5215964e+002
  4.3965006e+002  4.5115234e+002
  4.4060549e+002  4.5017057e+002
  4.4147717e+002  4.4916434e+002
  4.4153761e+002  4.4824865e+002
  4.4225998e+002  4.4714228e+002
  4.4228403e+002  4.4618171e+002
  4.4228043e+002  4.4524819e+002
  4.4228384e+002  4.4431672e+002
  4.4226838e+002  4.4338565e+002
  4.4221945e+002  4.4238251e+002
  4.4210475e+002  4.4094962e+002
  4.4199200e+002  4.4000325e+002
  4.4191431e+002  4.3909188e+002
  4.4186910e+002  4.3820257e+002
  4.4187810e+002  4.3728524e+002
  4.4186549e+002  4.3595625e+002
  4.4197032e+002  4.3497568e+002
  4.4210506e+002  4.3398666e+002
  4.4223744e+002  4.3302614e+002
  4.4235248e+002  4.3209792e+002
  4.4245580e+002  4.3117224e+002
  4.4253520e+002  4.3022697e+002
  4.4314104e+002  4.2924108e+002
  4.4314039e+002  4.2825407e+002
  4.4315838e+002  4.2725093e+002
  4.4317619e+002  4.2622796e+002
  4.4320711e+002  4.2489325e+002
  4.4320766e+002  4.2391347e+002
  4.4319598e+002  4.2292793e+002
  4.4314404e+002  4.2195852e+002
  4.4308281e+002  4.2096386e+002
  4.4302916e+002  4.1996931e+002
  4.4301162e+002  4.1895164e+002
  4.4306486e+002  4.1791732e+002
  4.4313095e+002  4.1690049e+002
  4.4320125e+002  4.1590324e+002
  4.4325804e+002  4.1492426e+002
  4.4327884e+002  4.1387351e+002
  4.4324440e+002  4.1288649e+002
  4.4321006e+002  4.1192063e+002
  4.4317232e+002  4.1095152e+002
  4.4315319e+002  4.0997985e+002
  4.4311761e+002  4.0903174e+002
  4.4307983e+002  4.0807866e+002
  4.4303473e+002  4.0712709e+002
  4.4303098e+002  4.0613762e+002
  4.4303252e+002  4.0511194e+002
  4.4306091e+002  4.0404418e+002
  4.4305649e+002  4.0297434e+002
  4.4301277e+002  4.0195919e+002
  4.4293729e+002  4.0095817e+002
  4.4284923e+002  3.9993897e+002
  4.4277304e+002  3.9892051e+002
  4.4268632e+002  3.9793190e+002
  4.4255390e+002  3.9697083e+002
  4.4241658e+002  3.9606116e+002
  4.4171998e+002  3.9501246e+002
  4.4156973e+002  3.9409165e+002
  4.4146549e+002  3.9316092e+002
  4.4083869e+002  3.9210293e+002
  4.4087793e+002  3.9111321e+002
  4.4098264e+002  3.9012077e+002
  4.4114466e+002  3.8907567e+002
  4.4120802e+002  3.8802039e+002
  4.4117215e+002  3.8710122e+002
  4.4105472e+002  3.8596938e+002
  4.4078552e+002  3.8496256e+002
  4.4050780e+002  3.8399324e+002
  4.4032323e+002  3.8303039e+002
  4.3964130e+002  3.8203409e+002
  4.3962586e+002  3.8104640e+002
  4.3961235e+002  3.8006440e+002
  4.3957176e+002  3.7907571e+002
  4.3947625e+002  3.7809649e+002
  4.3872765e+002  3.7695564e+002
  4.3850242e+002  3.7596918e+002
  4.3825575e+002  3.7501369e+002
  4.3742708e+002  3.7395942e+002
  4.3668478e+002  3.7293580e+002
  4.3659134e+002  3.7199838e+002
  4.3651782e+002  3.7106314e+002
  4.3639578e+002  3.7013077e+002
  4.3577716e+002  3.6898374e+002
  4.3565361e+002  3.6799176e+002
  4.3554679e+002  3.6702102e+002
  4.3543542e+002  3.6606494e+002
  4.3466177e+002  3.6496583e+002
  4.3443039e+002  3.6408999e+002
  4.3358857e+002  3.6310708e+002
  4.3340830e+002  3.6220866e+002
  4.3267602e+002  3.6111159e+002
  4.3262238e+002  3.6012089e+002
  4.3258067e+002  3.5912920e+002
  4.3250618e+002  3.5814699e+002
  4.3239557e+002  3.5716539e+002
  4.3157851e+002  3.5610155e+002
  4.3142082e+002  3.5516221e+002
  4.3072818e+002  3.5410493e+002
  4.3061441e+002  3.5311972e+002
  4.3049102e+002  3.5215521e+002
  4.2976379e+002  3.5102443e+002
  4.2954719e+002  3.5009526e+002
  4.2933288e+002  3.4917349e+002
  4.2854379e+002  3.4806748e+002
  4.2836240e+002  3.4716095e+002
  4.2755562e+002  3.4609853e+002
  4.2734731e+002  3.4523182e+002
  4.2646699e+002  3.4418222e+002
  4.2561854e+002  3.4313216e+002
  4.2547598e+002  3.4223560e+002
  4.2476613e+002  3.4111523e+002
  4.2466175e+002  3.4019960e+002
  4.2449659e+002  3.3929930e+002
  4.2363419e+002  3.3820234e+002
  4.2339217e+002  3.3732343e+002
  4.2250985e+002  3.3623702e+002
  4.2232728e+002  3.3536034e+002
  4.2142882e+002  3.3436422e+002
  4.2050991e+002  3.3333426e+002
  4.2032134e+002  3.3247472e+002
  4.1942245e+002  3.3132794e+002
  4.1851659e+002  3.3021559e+002
  4.1828000e+002  3.2936073e+002
  4.1727079e+002  3.2830105e+002
  4.1628530e+002  3.2723329e+002
  4.1539586e+002  3.2613034e+002
  4.1466617e+002  3.2499409e+002
  4.1454869e+002  3.2405422e+002
  4.1441932e+002  3.2311214e+002
  4.1370880e+002  3.2199408e+002
  4.1356698e+002  3.2103778e+002
  4.1344902e+002  3.2006417e+002
  4.1272974e+002  3.1889951e+002
  4.1252948e+002  3.1801986e+002
  4.1221763e+002  3.1720174e+002
  4.1116230e+002  3.1624867e+002
  4.1012480e+002  3.1525096e+002
  4.0924712e+002  3.1420039e+002
  4.0854242e+002  3.1309946e+002
  4.0841339e+002  3.1219526e+002
  4.0767053e+002  3.1107054e+002
  4.0741359e+002  3.1019313e+002
  4.0650098e+002  3.0913622e+002
  4.0628474e+002  3.0826433e+002
  4.0550761e+002  3.0720638e+002
  4.0542506e+002  3.0631502e+002
  4.0467403e+002  3.0522030e+002
  4.0446626e+002  3.0438763e+002
  4.0351046e+002  3.0333926e+002
  4.0313418e+002  3.0257829e+002
  4.0244051e+002  3.0236182e+002
  4.0119358e+002  3.0117993e+002
  4.0020107e+002  3.0020677e+002
  3.9914731e+002  2.9921064e+002
  3.9833040e+002  2.9845561e+002
  3.9731831e+002  2.9748178e+002
  3.9598958e+002  2.9623160e+002
  3.9495268e+002  2.9524999e+002
  3.9387658e+002  2.9481087e+002
  3.9309082e+002  2.9455306e+002
  3.9229246e+002  2.9424399e+002
  3.9097827e+002  2.9299322e+002
  3.9009800e+002  2.9212814e+002
  3.8923749e+002  2.9120668e+002
  3.8840001e+002  2.9023982e+002
  3.8760843e+002  2.8920050e+002
  3.8740702e+002  2.8838299e+002
  3.8658587e+002  2.8735793e+002
  3.8639791e+002  2.8662873e+002
  3.8536473e+002  2.8599288e+002
  3.8439043e+002  2.8508791e+002
  3.8337173e+002  2.8429019e+002
  3.8222047e+002  2.8355778e+002
  3.8138140e+002  2.8347356e+002
  3.8017911e+002  2.8258329e+002
  3.7939716e+002  2.8230834e+002
  3.7833988e+002  2.8122678e+002
  3.7730301e+002  2.8016716e+002
  3.7621590e+002  2.7916438e+002
  3.7513898e+002  2.7825422e+002
  3.7410483e+002  2.7738112e+002
  3.7309805e+002  2.7646772e+002
  3.7208878e+002  2.7554314e+002
  3.7127791e+002  2.7529922e+002
  3.7022019e+002  2.7442902e+002
  3.6914022e+002  2.7356366e+002
  3.6829760e+002  2.7336169e+002
  3.6722568e+002  2.7245927e+002
  3.6617581e+002  2.7154287e+002
  3.6540102e+002  2.7126829e+002
  3.6440166e+002  2.7021721e+002
  3.6342962e+002  2.6909102e+002
  3.6240663e+002  2.6805587e+002
  3.6133240e+002  2.6720389e+002
  3.6012961e+002  2.6647912e+002
  3.5891259e+002  2.6576418e+002
  3.5805052e+002  2.6563657e+002
  3.5721585e+002  2.6542340e+002
  3.5611499e+002  2.6446391e+002
  3.5504646e+002  2.6347321e+002
  3.5400031e+002  2.6249777e+002
  3.5296927e+002  2.6153043e+002
  3.5210136e+002  2.6123586e+002
  3.5104195e+002  2.6037096e+002
  3.4996384e+002  2.5957775e+002
  3.4910576e+002  2.5948978e+002
  3.4799765e+002  2.5885239e+002
  3.4710789e+002  2.5875384e+002
  3.4619452e+002  2.5859630e+002
  3.4527454e+002  2.5837931e+002
  3.4417138e+002  2.5748610e+002
  3.4312316e+002  2.5650043e+002
  3.4230302e+002  2.5619609e+002
  3.4124207e+002  2.5529167e+002
  3.4016626e+002  2.5449788e+002
  3.3906338e+002  2.5373677e+002
  3.3817131e+002  2.5355054e+002
  3.3726023e+002  2.5337056e+002
  3.3612587e+002  2.5251340e+002
  3.3526016e+002  2.5231619e+002
  3.3425761e+002  2.5137649e+002
  3.3323885e+002  2.5040177e+002
  3.3217095e+002  2.4945848e+002
  3.3104484e+002  2.4860250e+002
  3.3012691e+002  2.4843027e+002
  3.2898543e+002  2.4764510e+002
  3.2806528e+002  2.4747483e+002
  3.2698086e+002  2.4670411e+002
  3.2606465e+002  2.4656398e+002
  3.2515356e+002  2.4644177e+002
  3.2400171e+002  2.4583888e+002
  3.2301171e+002  2.4581180e+002
  3.2201363e+002  2.4577990e+002
  3.2102874e+002  2.4568564e+002
  3.2007696e+002  2.4552889e+002
  3.1917953e+002  2.4532278e+002
  3.1811048e+002  2.4449335e+002
  3.1709150e+002  2.4365973e+002
  3.1621220e+002  2.4340875e+002
  3.1513840e+002  2.4258307e+002
  3.1422401e+002  2.4234033e+002
  3.1313487e+002  2.4153616e+002
  3.1220365e+002  2.4138097e+002
  3.1108510e+002  2.4075700e+002
  3.1012738e+002  2.4073656e+002
  3.0914507e+002  2.4073245e+002
  3.0812567e+002  2.4069066e+002
  3.0709192e+002  2.4057264e+002
  3.0605789e+002  2.4039273e+002
  3.0496961e+002  2.3972770e+002
  3.0400383e+002  2.3958436e+002
  3.0305013e+002  2.3943085e+002
  3.0197482e+002  2.3881999e+002
  3.0101141e+002  2.3866048e+002
  3.0004900e+002  2.3848367e+002
  2.9896403e+002  2.3781173e+002
  2.9801304e+002  2.3764998e+002
  2.9706794e+002  2.3748243e+002
  2.9607076e+002  2.3682284e+002
  2.9513668e+002  2.3667334e+002
  2.9418491e+002  2.3654887e+002
  2.9318719e+002  2.3649566e+002
  2.9205044e+002  2.3613777e+002
  2.9098758e+002  2.3616019e+002
  2.8990690e+002  2.3616253e+002
  2.8885121e+002  2.3612198e+002
  2.8782291e+002  2.3604054e+002
  2.8681518e+002  2.3590979e+002
  2.8586076e+002  2.3572792e+002
  2.8492908e+002  2.3551877e+002
  2.8402793e+002  2.3525868e+002
  2.8314063e+002  2.3459302e+002
  2.8219626e+002  2.3443579e+002
  2.8118960e+002  2.3423571e+002
  2.8020006e+002  2.3422554e+002
  2.7919954e+002  2.3428177e+002
  2.7756292e+002  2.3440372e+002
  2.7669802e+002  2.3454091e+002
  2.7568836e+002  2.3512551e+002
  2.7479204e+002  2.3526425e+002
  2.7390534e+002  2.3538001e+002
  2.7304954e+002  2.3549827e+002
  2.7217883e+002  2.3566008e+002
  2.7133271e+002  2.3631872e+002
  2.7035263e+002  2.3641238e+002
  2.6929046e+002  2.3645312e+002
  2.6814577e+002  2.3647672e+002
  2.6700748e+002  2.3649040e+002
  2.6590545e+002  2.3654638e+002
  2.6483972e+002  2.3704974e+002
  2.6385258e+002  2.3722195e+002
  2.6290559e+002  2.3739968e+002
  2.6195935e+002  2.3756825e+002
  2.6097878e+002  2.3803604e+002
  2.5997436e+002  2.3808759e+002
  2.5896425e+002  2.3811542e+002
  2.5795501e+002  2.3817387e+002
  2.5698029e+002  2.3828067e+002
  2.5603185e+002  2.3842410e+002
  2.5511136e+002  2.3859584e+002
  2.5417422e+002  2.3937385e+002
  2.5322427e+002  2.3954229e+002
  2.5214631e+002  2.4012594e+002
  2.5113172e+002  2.4026317e+002
  2.5015832e+002  2.4046893e+002
  2.4924157e+002  2.4078282e+002
  2.4807055e+002  2.4162399e+002
  2.4694298e+002  2.4245078e+002
  2.4606712e+002  2.4285166e+002
  2.4503186e+002  2.4379517e+002
  2.4393081e+002  2.4472670e+002
  2.4284220e+002  2.4560369e+002
  2.4177822e+002  2.4637731e+002
  2.4088190e+002  2.4654403e+002
  2.3975943e+002  2.4705471e+002
  2.3885099e+002  2.4715738e+002
  2.3795661e+002  2.4726685e+002
  2.3708358e+002  2.4742569e+002
  2.3620194e+002  2.4761950e+002
  2.3515846e+002  2.4835496e+002
  2.3428031e+002  2.4857328e+002
  2.3329585e+002  2.4938500e+002
  2.3245051e+002  2.4961143e+002
  2.3142706e+002  2.5053007e+002
  2.3028306e+002  2.5151599e+002
  2.2907311e+002  2.5250237e+002
  2.2791982e+002  2.5346081e+002
  2.2710722e+002  2.5377452e+002
  2.2604318e+002  2.5463402e+002
  2.2498698e+002  2.5542925e+002
  2.2419780e+002  2.5573381e+002
  2.2309446e+002  2.5662183e+002
  2.2203781e+002  2.5761512e+002
  2.2114175e+002  2.5865752e+002
  2.2030168e+002  2.5973190e+002
  2.1939301e+002  2.6072782e+002
  2.1832629e+002  2.6166003e+002
  2.1718958e+002  2.6254791e+002
  2.1605522e+002  2.6344967e+002
  2.1526695e+002  2.6368875e+002
  2.1413343e+002  2.6461366e+002
  2.1320807e+002  2.6566347e+002
  2.1227150e+002  2.6657816e+002
  2.1134116e+002  2.6752244e+002
  2.1027530e+002  2.6842993e+002
  2.0921585e+002  2.6898349e+002
  2.0829183e+002  2.6995284e+002
  2.0746811e+002  2.7100012e+002
  2.0671021e+002  2.7204772e+002
  2.0654435e+002  2.7278721e+002
  2.0631202e+002  2.7351564e+002
  2.0532219e+002  2.7457241e+002
  2.0408921e+002  2.7584141e+002
  2.0311235e+002  2.7674163e+002
  2.0215738e+002  2.7764060e+002
  2.0125886e+002  2.7859703e+002
  2.0034468e+002  2.7957417e+002
  1.9907816e+002  2.8099931e+002
  1.9830395e+002  2.8208738e+002
  1.9752528e+002  2.8311929e+002
  1.9731520e+002  2.8390396e+002
  1.9657016e+002  2.8489674e+002
  1.9648668e+002  2.8575617e+002
  1.9592932e+002  2.8691326e+002
  1.9598078e+002  2.8788387e+002
  1.9601607e+002  2.8885490e+002
  1.9598155e+002  2.8984349e+002
  1.9579887e+002  2.9084953e+002
  1.9543566e+002  2.9181769e+002
  1.9424435e+002  2.9281178e+002
  1.9317859e+002  2.9384051e+002
  1.9232207e+002  2.9505837e+002
  1.9166073e+002  2.9629979e+002
  1.9158613e+002  2.9727838e+002
  1.9146878e+002  2.9825116e+002
  1.9096527e+002  2.9938040e+002
  1.9076446e+002  3.0029165e+002
  1.9051599e+002  3.0118850e+002
  1.9028554e+002  3.0207417e+002
  1.8959214e+002  3.0316004e+002
  1.8938530e+002  3.0408566e+002
  1.8871191e+002  3.0514814e+002
  1.8857999e+002  3.0604590e+002
  1.8844966e+002  3.0696078e+002
  1.8790989e+002  3.0797724e+002
  1.8786544e+002  3.0895586e+002
  1.8786284e+002  3.0995378e+002
  1.8784506e+002  3.1096741e+002
  1.8779990e+002  3.1199080e+002
  1.8772527e+002  3.1302013e+002
  1.8763366e+002  3.1405766e+002
  1.8747346e+002  3.1506065e+002
  1.8682821e+002  3.1609503e+002
  1.8665320e+002  3.1702436e+002
  1.8652626e+002  3.1797371e+002
  1.8661135e+002  3.1898074e+002
  1.8662120e+002  3.1999011e+002
  1.8669830e+002  3.2123888e+002
  1.8676344e+002  3.2217674e+002
  1.8674956e+002  3.2312260e+002
  1.8669553e+002  3.2407178e+002
  1.8660290e+002  3.2502062e+002
  1.8653374e+002  3.2596689e+002
  1.8652580e+002  3.2713683e+002
  1.8649098e+002  3.2813058e+002
  1.8593543e+002  3.2917271e+002
  1.8580188e+002  3.3017607e+002
  1.8565758e+002  3.3116882e+002
  1.8556958e+002  3.3212352e+002
  1.8549169e+002  3.3305396e+002
  1.8501845e+002  3.3400473e+002
  1.8498963e+002  3.3497603e+002
  1.8500375e+002  3.3598690e+002
  1.8505994e+002  3.3701921e+002
  1.8510709e+002  3.3805183e+002
  1.8511556e+002  3.3906568e+002
  1.8504774e+002  3.4004079e+002
  1.8492157e+002  3.4099882e+002
  1.8478704e+002  3.4194237e+002
  1.8469463e+002  3.4291237e+002
  1.8465205e+002  3.4390712e+002
  1.8468572e+002  3.4493226e+002
  1.8478124e+002  3.4624357e+002
  1.8497334e+002  3.4719341e+002
  1.8513359e+002  3.4814974e+002
  1.8523752e+002  3.4910096e+002
  1.8524973e+002  3.5004724e+002
  1.8517855e+002  3.5101127e+002
  1.8506266e+002  3.5200886e+002
  1.8500597e+002  3.5309582e+002
  1.8501713e+002  3.5410600e+002
  1.8507592e+002  3.5509911e+002
  1.8520305e+002  3.5621642e+002
  1.8533755e+002  3.5722946e+002
  1.8547410e+002  3.5821793e+002
  1.8558304e+002  3.5917957e+002
  1.8610529e+002  3.6014406e+002
  1.8622732e+002  3.6109019e+002
  1.8633732e+002  3.6207005e+002
  1.8636530e+002  3.6307924e+002
  1.8634933e+002  3.6412949e+002
  1.8625577e+002  3.6521083e+002
  1.8618469e+002  3.6628848e+002
  1.8615808e+002  3.6731888e+002
  1.8626787e+002  3.6828012e+002
  1.8647424e+002  3.6918537e+002
  1.8674647e+002  3.7005518e+002
  1.8744587e+002  3.7097876e+002
  1.8766289e+002  3.7192798e+002
  1.8828757e+002  3.7299493e+002
  1.8839407e+002  3.7397861e+002
  1.8843028e+002  3.7497262e+002
  1.8843683e+002  3.7595727e+002
  1.8842235e+002  3.7694892e+002
  1.8844578e+002  3.7795112e+002
  1.8848514e+002  3.7898786e+002
  1.8852510e+002  3.8004623e+002
  1.8900943e+002  3.8117845e+002
  1.8909035e+002  3.8222583e+002
  1.8918378e+002  3.8324486e+002
  1.8926619e+002  3.8421561e+002
  1.8936303e+002  3.8516070e+002
  1.8946903e+002  3.8609083e+002
  1.8961158e+002  3.8702362e+002
  1.9024206e+002  3.8806981e+002
  1.9040730e+002  3.8904251e+002
  1.9056795e+002  3.8999572e+002
  1.9130475e+002  3.9102185e+002
  1.9146546e+002  3.9194373e+002
  1.9161413e+002  3.9287348e+002
  1.9225814e+002  3.9391069e+002
  1.9232948e+002  3.9489313e+002
  1.9239102e+002  3.9588433e+002
  1.9247642e+002  3.9687824e+002
  1.9259999e+002  3.9785796e+002
  1.9325678e+002  3.9894308e+002
  1.9342209e+002  3.9991923e+002
  1.9358416e+002  4.0089667e+002
  1.9417468e+002  4.0199799e+002
  1.9421862e+002  4.0300947e+002
  1.9425346e+002  4.0403192e+002
  1.9426073e+002  4.0506977e+002
  1.9430783e+002  4.0609617e+002
  1.9433181e+002  4.0709462e+002
