  1.9748857e+002  4.0482454e+002
  1.9761734e+002  4.0582042e+002
  1.9827846e+002  4.0698958e+002
  1.9844377e+002  4.0798990e+002
  1.9865181e+002  4.0895327e+002
  1.9941410e+002  4.0998405e+002
  1.9969791e+002  4.1090570e+002
  2.0041089e+002  4.1198203e+002
  2.0062140e+002  4.1294097e+002
  2.0121080e+002  4.1406937e+002
  2.0139840e+002  4.1500867e+002
  2.0157953e+002  4.1593210e+002
  2.0225736e+002  4.1698536e+002
  2.0239754e+002  4.1790513e+002
  2.0252927e+002  4.1880397e+002
  2.0323570e+002  4.1988719e+002
  2.0345555e+002  4.2078127e+002
  2.0373254e+002  4.2163689e+002
  2.0470282e+002  4.2269613e+002
  2.0572907e+002  4.2380149e+002
  2.0678119e+002  4.2494719e+002
  2.0781825e+002  4.2602552e+002
  2.0868523e+002  4.2714473e+002
  2.0938021e+002  4.2829031e+002
  2.0953406e+002  4.2915932e+002
  2.1013066e+002  4.3025176e+002
  2.1030832e+002  4.3110174e+002
  2.1051612e+002  4.3196068e+002
  2.1123829e+002  4.3301390e+002
  2.1145485e+002  4.3390098e+002
  2.1161967e+002  4.3479336e+002
  2.1235829e+002  4.3585926e+002
  2.1246036e+002  4.3672412e+002
  2.1258923e+002  4.3754176e+002
  2.1348147e+002  4.3849140e+002
  2.1376374e+002  4.3924638e+002
  2.1443050e+002  4.3947510e+002
  2.1475262e+002  4.4027045e+002
  2.1542478e+002  4.4054935e+002
  2.1576978e+002  4.4136999e+002
  2.1643314e+002  4.4168072e+002
  2.1673970e+002  4.4254488e+002
  2.1767121e+002  4.4372774e+002
  2.1850435e+002  4.4490688e+002
  2.1932489e+002  4.4600862e+002
  2.1970182e+002  4.4659843e+002
  2.2066493e+002  4.4768879e+002
  2.2164800e+002  4.4878272e+002
  2.2260727e+002  4.4981017e+002
  2.2359582e+002  4.5072643e+002
  2.2453049e+002  4.5167965e+002
  2.2541242e+002  4.5279878e+002
  2.2563831e+002  4.5366976e+002
  2.2669160e+002  4.5490698e+002
  2.2762158e+002  4.5561796e+002
  2.2910952e+002  4.5680798e+002
  2.2991478e+002  4.5765738e+002
  2.3053210e+002  4.5873091e+002
  2.3126849e+002  4.5987952e+002
  2.3143896e+002  4.6073145e+002
  2.3160936e+002  4.6160109e+002
  2.3254890e+002  4.6267456e+002
  2.3348911e+002  4.6371767e+002
  2.3369123e+002  4.6451369e+002
  2.3450512e+002  4.6547701e+002
  2.3510759e+002  4.6573982e+002
  2.3529030e+002  4.6648487e+002
  2.3619092e+002  4.6755714e+002
  2.3647166e+002  4.6836872e+002
  2.3793074e+002  4.6953794e+002
  2.3905811e+002  4.7020332e+002
  2.3994845e+002  4.7027340e+002
  2.4085549e+002  4.7034774e+002
  2.4174696e+002  4.7042573e+002
  2.4258850e+002  4.7055980e+002
  2.4344973e+002  4.7156289e+002
  2.4347681e+002  4.7236856e+002
  2.4429127e+002  4.7347448e+002
  2.4586804e+002  4.7503730e+002
  2.4689733e+002  4.7583993e+002
  2.4780171e+002  4.7675096e+002
  2.4881869e+002  4.7780612e+002
  2.4991386e+002  4.7880376e+002
  2.5099000e+002  4.7973957e+002
  2.5199923e+002  4.8065469e+002
  2.5296605e+002  4.8158595e+002
  2.5394669e+002  4.8247503e+002
  2.5481118e+002  4.8268159e+002
  2.5589374e+002  4.8350138e+002
  2.5695261e+002  4.8432488e+002
  2.5780818e+002  4.8451469e+002
  2.5880263e+002  4.8540711e+002
  2.5965315e+002  4.8566480e+002
  2.6067261e+002  4.8660639e+002
  2.6168696e+002  4.8753774e+002
  2.6266708e+002  4.8848375e+002
  2.6357082e+002  4.8864475e+002
  2.6455980e+002  4.8947646e+002
  2.6556050e+002  4.8948853e+002
  2.6659701e+002  4.8949924e+002
  2.6764336e+002  4.8952497e+002
  2.6883797e+002  4.9028507e+002
  2.6986709e+002  4.9047505e+002
  2.7084407e+002  4.9072534e+002
  2.7187942e+002  4.9169514e+002
  2.7285175e+002  4.9264550e+002
  2.7388136e+002  4.9347225e+002
  2.7482628e+002  4.9368712e+002
  2.7591755e+002  4.9443456e+002
  2.7684375e+002  4.9461311e+002
  2.7787160e+002  4.9543503e+002
  2.7875186e+002  4.9565493e+002
  2.7968053e+002  4.9658136e+002
  2.8060310e+002  4.9752266e+002
  2.8155907e+002  4.9833932e+002
  2.8253498e+002  4.9838377e+002
  2.8353354e+002  4.9841626e+002
  2.8454682e+002  4.9846935e+002
  2.8556463e+002  4.9859289e+002
  2.8681791e+002  4.9936657e+002
  2.8786112e+002  4.9959882e+002
  2.8896567e+002  5.0057613e+002
  2.8980926e+002  5.0168557e+002
  2.9065257e+002  5.0268786e+002
  2.9169602e+002  5.0346629e+002
  2.9266503e+002  5.0358364e+002
  2.9379826e+002  5.0437233e+002
  2.9479235e+002  5.0448343e+002
  2.9578545e+002  5.0456407e+002
  2.9675455e+002  5.0543525e+002
  2.9763607e+002  5.0552899e+002
  2.9847118e+002  5.0641196e+002
  2.9952711e+002  5.0719393e+002
  3.0059360e+002  5.0720500e+002
  3.0169044e+002  5.0726719e+002
  3.0279597e+002  5.0735595e+002
  3.0386089e+002  5.0750811e+002
  3.0499992e+002  5.0829871e+002
  3.0597708e+002  5.0844231e+002
  3.0692316e+002  5.0859907e+002
  3.0791541e+002  5.0925457e+002
  3.0892683e+002  5.0926541e+002
  3.0991578e+002  5.0925363e+002
  3.1091523e+002  5.0925383e+002
  3.1189700e+002  5.0926729e+002
  3.1286649e+002  5.0937143e+002
  3.1385944e+002  5.0951431e+002
  3.1477861e+002  5.1038425e+002
  3.1569687e+002  5.1057173e+002
  3.1654950e+002  5.1150306e+002
  3.1744326e+002  5.1234100e+002
  3.1848103e+002  5.1233166e+002
  3.1959194e+002  5.1230911e+002
  3.2074721e+002  5.1229333e+002
  3.2189219e+002  5.1228967e+002
  3.2308607e+002  5.1229107e+002
  3.2392667e+002  5.1229034e+002
  3.2474967e+002  5.1232309e+002
  3.2603548e+002  5.1240011e+002
  3.2700249e+002  5.1253239e+002
  3.2803998e+002  5.1325836e+002
  3.2891295e+002  5.1328763e+002
  3.2983259e+002  5.1347468e+002
  3.3077053e+002  5.1366933e+002
  3.3171961e+002  5.1438255e+002
  3.3268348e+002  5.1450316e+002
  3.3369831e+002  5.1526276e+002
  3.3467619e+002  5.1533956e+002
  3.3564981e+002  5.1538290e+002
  3.3703362e+002  5.1535335e+002
  3.3801549e+002  5.1532148e+002
  3.3878153e+002  5.1532595e+002
  3.3983486e+002  5.1533489e+002
  3.4088840e+002  5.1538318e+002
  3.4194276e+002  5.1541529e+002
  3.4299469e+002  5.1544627e+002
  3.4405371e+002  5.1544561e+002
  3.4486985e+002  5.1538784e+002
  3.4583205e+002  5.1538118e+002
  3.4682109e+002  5.1547502e+002
  3.4816154e+002  5.1563590e+002
  3.4901481e+002  5.1637476e+002
  3.4990639e+002  5.1652609e+002
  3.5080655e+002  5.1726674e+002
  3.5180035e+002  5.1733604e+002
  3.5280024e+002  5.1736502e+002
  3.5377255e+002  5.1739053e+002
  3.5472340e+002  5.1740654e+002
  3.5608723e+002  5.1737761e+002
  3.5701890e+002  5.1731979e+002
  3.5797870e+002  5.1730169e+002
  3.5898821e+002  5.1731543e+002
  3.5999550e+002  5.1734931e+002
  3.6096691e+002  5.1735985e+002
  3.6192949e+002  5.1737408e+002
  3.6288524e+002  5.1732065e+002
  3.6386577e+002  5.1727651e+002
  3.6485320e+002  5.1725191e+002
  3.6583792e+002  5.1719969e+002
  3.6682886e+002  5.1716739e+002
  3.6779432e+002  5.1711690e+002
  3.6876076e+002  5.1703654e+002
  3.6972123e+002  5.1689340e+002
  3.7067258e+002  5.1669306e+002
  3.7162510e+002  5.1654231e+002
  3.7258327e+002  5.1645629e+002
  3.7363548e+002  5.1574524e+002
  3.7469543e+002  5.1591474e+002
  3.7613919e+002  5.1611551e+002
  3.7708038e+002  5.1617451e+002
  3.7799737e+002  5.1616992e+002
  3.7895034e+002  5.1613405e+002
  3.7993160e+002  5.1605631e+002
  3.8102727e+002  5.1600886e+002
  3.8209391e+002  5.1597135e+002
  3.8311566e+002  5.1595746e+002
  3.8413619e+002  5.1597503e+002
  3.8512967e+002  5.1592545e+002
  3.8607962e+002  5.1585887e+002
  3.8696936e+002  5.1573399e+002
  3.8782516e+002  5.1553905e+002
  3.8868660e+002  5.1526005e+002
  3.8963265e+002  5.1421643e+002
  3.9065641e+002  5.1328267e+002
  3.9169194e+002  5.1233371e+002
  3.9273664e+002  5.1135043e+002
  3.9381886e+002  5.1051223e+002
  3.9482303e+002  5.1063543e+002
  3.9582655e+002  5.1081443e+002
  3.9682171e+002  5.1094851e+002
  3.9780601e+002  5.1092230e+002
  3.9874528e+002  5.1069360e+002
  3.9964215e+002  5.1037853e+002
  4.0067444e+002  5.0936366e+002
  4.0173392e+002  5.0839307e+002
  4.0282894e+002  5.0726923e+002
  4.0362699e+002  5.0629711e+002
  4.0435113e+002  5.0526536e+002
  4.0447546e+002  5.0443723e+002
  4.0460971e+002  5.0365552e+002
  4.0530173e+002  5.0342267e+002
  4.0583510e+002  5.0233304e+002
  4.0688958e+002  5.0148793e+002
  4.0796340e+002  5.0062362e+002
  4.0887821e+002  5.0054879e+002
  4.0980241e+002  5.0055220e+002
  4.1073532e+002  5.0053105e+002
  4.1164416e+002  5.0044783e+002
  4.1257820e+002  4.9956526e+002
  4.1346551e+002  4.9954426e+002
  4.1461601e+002  4.9874766e+002
  4.1557881e+002  4.9865506e+002
  4.1647906e+002  4.9843401e+002
  4.1663799e+002  4.9754707e+002
  4.1745862e+002  4.9726242e+002
  4.1754593e+002  4.9642488e+002
  4.1851898e+002  4.9544269e+002
  4.1990240e+002  4.9421839e+002
  4.2077988e+002  4.9322585e+002
  4.2158426e+002  4.9215412e+002
  4.2236054e+002  4.9107309e+002
  4.2247057e+002  4.9016420e+002
  4.2261294e+002  4.8927529e+002
  4.2355439e+002  4.8826489e+002
  4.2455050e+002  4.8732156e+002
  4.2546644e+002  4.8637004e+002
  4.2557406e+002  4.8542761e+002
  4.2640972e+002  4.8432098e+002
  4.2652939e+002  4.8332540e+002
  4.2753351e+002  4.8218036e+002
  4.2866528e+002  4.8120000e+002
  4.2963509e+002  4.8027608e+002
  4.3047691e+002  4.7917151e+002
  4.3055681e+002  4.7817563e+002
  4.3138808e+002  4.7698777e+002
  4.3151792e+002  4.7603680e+002
  4.3245895e+002  4.7502331e+002
  4.3262747e+002  4.7414547e+002
  4.3354454e+002  4.7322189e+002
  4.3436154e+002  4.7226757e+002
  4.3445994e+002  4.7134507e+002
  4.3452587e+002  4.7039608e+002
  4.3524306e+002  4.6925929e+002
  4.3526457e+002  4.6828094e+002
  4.3532118e+002  4.6731148e+002
  4.3537692e+002  4.6634701e+002
  4.3548179e+002  4.6539162e+002
  4.3565393e+002  4.6442684e+002
  4.3668219e+002  4.6350864e+002
  4.3760395e+002  4.6356686e+002
  4.3849511e+002  4.6358274e+002
  4.3854701e+002  4.6258873e+002
  4.3938300e+002  4.6245839e+002
  4.3935826e+002  4.6138489e+002
  4.3929241e+002  4.6032370e+002
  4.3922811e+002  4.5928592e+002
  4.3927112e+002  4.5823507e+002
  4.3941236e+002  4.5718577e+002
  4.3956446e+002  4.5611581e+002
  4.4037794e+002  4.5494334e+002
  4.4044441e+002  4.5392164e+002
  4.4054069e+002  4.5296518e+002
  4.4131041e+002  4.5187256e+002
  4.4129201e+002  4.5101195e+002
  4.4142051e+002  4.5009162e+002
  4.4150224e+002  4.4917252e+002
  4.4222416e+002  4.4806280e+002
  4.4227672e+002  4.4712141e+002
  4.4237776e+002  4.4617098e+002
  4.4246391e+002  4.4521135e+002
  4.4253339e+002  4.4424628e+002
  4.4316226e+002  4.4327953e+002
  4.4309746e+002  4.4224620e+002
  4.4302375e+002  4.4119559e+002
  4.4292706e+002  4.4000879e+002
  4.4293879e+002  4.3900788e+002
  4.4305649e+002  4.3800295e+002
  4.4320499e+002  4.3700341e+002
  4.4332788e+002  4.3599394e+002
  4.4332451e+002  4.3498349e+002
  4.4329195e+002  4.3400811e+002
  4.4324421e+002  4.3306577e+002
  4.4323512e+002  4.3211596e+002
  4.4323182e+002  4.3111026e+002
  4.4319365e+002  4.3009746e+002
  4.4311081e+002  4.2910647e+002
  4.4304286e+002  4.2795510e+002
  4.4304851e+002  4.2696359e+002
  4.4313910e+002  4.2597015e+002
  4.4327277e+002  4.2498038e+002
  4.4336300e+002  4.2399259e+002
  4.4341041e+002  4.2298778e+002
  4.4341370e+002  4.2197365e+002
  4.4341415e+002  4.2096071e+002
  4.4343634e+002  4.1993990e+002
  4.4344997e+002  4.1891725e+002
  4.4345575e+002  4.1792410e+002
  4.4346232e+002  4.1694565e+002
  4.4349811e+002  4.1596832e+002
  4.4353650e+002  4.1497432e+002
  4.4403064e+002  4.1395465e+002
  4.4407014e+002  4.1298531e+002
  4.4409509e+002  4.1203198e+002
  4.4413116e+002  4.1107058e+002
  4.4413714e+002  4.0989844e+002
  4.4407290e+002  4.0892740e+002
  4.4396839e+002  4.0795512e+002
  4.4385304e+002  4.0699075e+002
  4.4373628e+002  4.0601389e+002
  4.4369682e+002  4.0502784e+002
  4.4367609e+002  4.0402644e+002
  4.4370792e+002  4.0301639e+002
  4.4372926e+002  4.0200555e+002
  4.4370299e+002  4.0098685e+002
  4.4363245e+002  3.9998544e+002
  4.4349421e+002  3.9900894e+002
  4.4278574e+002  3.9797222e+002
  4.4264370e+002  3.9700461e+002
  4.4251008e+002  3.9604694e+002
  4.4242780e+002  3.9507877e+002
  4.4185206e+002  3.9398815e+002
  4.4181267e+002  3.9299106e+002
  4.4179875e+002  3.9199516e+002
  4.4179836e+002  3.9101076e+002
  4.4178056e+002  3.9004217e+002
  4.4170761e+002  3.8906407e+002
  4.4159656e+002  3.8807967e+002
  4.4146368e+002  3.8706921e+002
  4.4083408e+002  3.8594662e+002
  4.4073670e+002  3.8493776e+002
  4.4063037e+002  3.8397084e+002
  4.4048021e+002  3.8303960e+002
  4.3970681e+002  3.8208709e+002
  4.3953448e+002  3.8114892e+002
  4.3941531e+002  3.8016847e+002
  4.3886162e+002  3.7909366e+002
  4.3886631e+002  3.7806814e+002
  4.3888395e+002  3.7705516e+002
  4.3886335e+002  3.7604434e+002
  4.3879082e+002  3.7502895e+002
  4.3867144e+002  3.7404337e+002
  4.3851381e+002  3.7306429e+002
  4.3836048e+002  3.7210291e+002
  4.3764425e+002  3.7109951e+002
  4.3751236e+002  3.7016298e+002
  4.3741590e+002  3.6919799e+002
  4.3674723e+002  3.6808155e+002
  4.3661665e+002  3.6708902e+002
  4.3640885e+002  3.6612800e+002
  4.3553238e+002  3.6507756e+002
  4.3526364e+002  3.6414798e+002
  4.3447649e+002  3.6317313e+002
  4.3376505e+002  3.6213319e+002
  4.3364144e+002  3.6112522e+002
  4.3355240e+002  3.6011475e+002
  4.3347368e+002  3.5911370e+002
  4.3281814e+002  3.5797983e+002
  4.3262623e+002  3.5704658e+002
  4.3241027e+002  3.5613126e+002
  4.3157113e+002  3.5510948e+002
  4.3135392e+002  3.5416967e+002
  4.3060439e+002  3.5305362e+002
  4.3047289e+002  3.5208107e+002
  4.2974629e+002  3.5095460e+002
  4.2954869e+002  3.5005281e+002
  4.2929255e+002  3.4916672e+002
  4.2844581e+002  3.4810193e+002
  4.2759420e+002  3.4701233e+002
  4.2733251e+002  3.4611904e+002
  4.2657251e+002  3.4499708e+002
  4.2639452e+002  3.4409254e+002
  4.2568697e+002  3.4299076e+002
  4.2558280e+002  3.4207007e+002
  4.2547775e+002  3.4112753e+002
  4.2484480e+002  3.3996593e+002
  4.2467123e+002  3.3903395e+002
  4.2441001e+002  3.3812828e+002
  4.2352588e+002  3.3714437e+002
  4.2320511e+002  3.3625923e+002
  4.2238489e+002  3.3523114e+002
  4.2165332e+002  3.3417599e+002
  4.2152601e+002  3.3326283e+002
  4.2140819e+002  3.3235420e+002
  4.2071024e+002  3.3119187e+002
  4.2054791e+002  3.3027641e+002
  4.2029307e+002  3.2937902e+002
  4.1932924e+002  3.2833583e+002
  4.1826912e+002  3.2735606e+002
  4.1724030e+002  3.2638738e+002
  4.1629633e+002  3.2528848e+002
  4.1553550e+002  3.2405602e+002
  4.1541179e+002  3.2306374e+002
  4.1479025e+002  3.2188293e+002
  4.1469781e+002  3.2093350e+002
  4.1461791e+002  3.2001994e+002
  4.1450130e+002  3.1912960e+002
  4.1431815e+002  3.1827460e+002
  4.1352742e+002  3.1720147e+002
  4.1317868e+002  3.1636594e+002
  4.1222370e+002  3.1532446e+002
  4.1118787e+002  3.1434491e+002
  4.1015904e+002  3.1335751e+002
  4.0921756e+002  3.1230184e+002
  4.0839678e+002  3.1117717e+002
  4.0759707e+002  3.1006121e+002
  4.0743793e+002  3.0921810e+002
  4.0671162e+002  3.0807196e+002
  4.0666228e+002  3.0711676e+002
  4.0663323e+002  3.0615007e+002
  4.0652553e+002  3.0520533e+002
  4.0630848e+002  3.0434289e+002
  4.0529286e+002  3.0332143e+002
  4.0415620e+002  3.0234980e+002
  4.0308365e+002  3.0138371e+002
  4.0219810e+002  3.0036925e+002
  4.0143509e+002  2.9928999e+002
  4.0067502e+002  2.9813388e+002
  4.0055319e+002  2.9720186e+002
  4.0043741e+002  2.9626431e+002
  3.9971857e+002  2.9516734e+002
  3.9954289e+002  2.9429799e+002
  3.9931781e+002  2.9347416e+002
  3.9844976e+002  2.9252039e+002
  3.9779309e+002  2.9233853e+002
  3.9750831e+002  2.9150021e+002
  3.9644094e+002  2.9045954e+002
  3.9523215e+002  2.8951984e+002
  3.9383443e+002  2.8889606e+002
  3.9300759e+002  2.8810704e+002
  3.9216645e+002  2.8723931e+002
  3.9130123e+002  2.8629642e+002
  3.9039086e+002  2.8529367e+002
  3.8930125e+002  2.8426269e+002
  3.8852329e+002  2.8329455e+002
  3.8833479e+002  2.8243228e+002
  3.8759907e+002  2.8144794e+002
  3.8742634e+002  2.8058560e+002
  3.8688188e+002  2.8038774e+002
  3.8666752e+002  2.7952418e+002
  3.8586613e+002  2.7839746e+002
  3.8560504e+002  2.7762485e+002
  3.8417769e+002  2.7642042e+002
  3.8310125e+002  2.7573455e+002
  3.8229819e+002  2.7567399e+002
  3.8150392e+002  2.7556700e+002
  3.8040126e+002  2.7455585e+002
  3.7971141e+002  2.7431555e+002
  3.7932963e+002  2.7336994e+002
  3.7839626e+002  2.7211822e+002
  3.7720393e+002  2.7068510e+002
  3.7637106e+002  2.6984973e+002
  3.7544756e+002  2.6901543e+002
  3.7451737e+002  2.6809382e+002
  3.7425965e+002  2.6736734e+002
  3.7333140e+002  2.6639791e+002
  3.7209384e+002  2.6524282e+002
  3.7103162e+002  2.6442573e+002
  3.6993278e+002  2.6361032e+002
  3.6907150e+002  2.6339598e+002
  3.6798999e+002  2.6256260e+002
  3.6716378e+002  2.6236225e+002
  3.6610903e+002  2.6152791e+002
  3.6531651e+002  2.6136462e+002
  3.6427774e+002  2.6045978e+002
  3.6324488e+002  2.5945704e+002
  3.6224401e+002  2.5843253e+002
  3.6120002e+002  2.5749848e+002
  3.6004162e+002  2.5669138e+002
  3.5910985e+002  2.5648208e+002
  3.5787474e+002  2.5568330e+002
  3.5697553e+002  2.5547626e+002
  3.5586749e+002  2.5458531e+002
  3.5503520e+002  2.5435203e+002
  3.5406150e+002  2.5343361e+002
  3.5308058e+002  2.5253671e+002
  3.5222910e+002  2.5233930e+002
  3.5105007e+002  2.5164909e+002
  3.5009789e+002  2.5153532e+002
  3.4916277e+002  2.5139658e+002
  3.4803265e+002  2.5055722e+002
  3.4717974e+002  2.5019615e+002
  3.4615340e+002  2.4917785e+002
  3.4512597e+002  2.4822594e+002
  3.4407639e+002  2.4737213e+002
  3.4305095e+002  2.4662021e+002
  3.4212173e+002  2.4655906e+002
  3.4116444e+002  2.4653665e+002
  3.4017341e+002  2.4650362e+002
  3.3916947e+002  2.4642551e+002
  3.3796406e+002  2.4579219e+002
  3.3695847e+002  2.4562221e+002
  3.3599921e+002  2.4540491e+002
  3.3489893e+002  2.4468894e+002
  3.3394908e+002  2.4445798e+002
  3.3286477e+002  2.4374073e+002
  3.3193450e+002  2.4354564e+002
  3.3103352e+002  2.4334722e+002
  3.2996976e+002  2.4270036e+002
  3.2905267e+002  2.4255477e+002
  3.2812767e+002  2.4243117e+002
  3.2701862e+002  2.4184845e+002
  3.2605693e+002  2.4176838e+002
  3.2509487e+002  2.4169787e+002
  3.2410628e+002  2.4162321e+002
  3.2311912e+002  2.4155882e+002
  3.2210825e+002  2.4149732e+002
  3.2099409e+002  2.4092993e+002
  3.1999435e+002  2.4084104e+002
  3.1899160e+002  2.4074327e+002
  3.1798314e+002  2.4060154e+002
  3.1698285e+002  2.4042337e+002
  3.1591424e+002  2.3975936e+002
  3.1494606e+002  2.3954969e+002
  3.1399405e+002  2.3932298e+002
  3.1300614e+002  2.3870849e+002
  3.1206734e+002  2.3860318e+002
  3.1112938e+002  2.3854397e+002
  3.1017292e+002  2.3852186e+002
  3.0918131e+002  2.3854392e+002
  3.0812603e+002  2.3859621e+002
  3.0675550e+002  2.3864762e+002
  3.0586262e+002  2.3870670e+002
  3.0495743e+002  2.3874655e+002
  3.0404356e+002  2.3878314e+002
  3.0312406e+002  2.3878317e+002
  3.0181502e+002  2.3878101e+002
  3.0082827e+002  2.3872174e+002
  2.9985779e+002  2.3862211e+002
  2.9890612e+002  2.3850008e+002
  2.9798204e+002  2.3832751e+002
  2.9699831e+002  2.3773440e+002
  2.9610510e+002  2.3761267e+002
  2.9519231e+002  2.3754324e+002
  2.9423355e+002  2.3748971e+002
  2.9321748e+002  2.3703870e+002
  2.9218672e+002  2.3705185e+002
  2.9067626e+002  2.3714126e+002
  2.8976447e+002  2.3732113e+002
  2.8889242e+002  2.3748085e+002
  2.8801151e+002  2.3759223e+002
  2.8716706e+002  2.3808957e+002
  2.8621466e+002  2.3803465e+002
  2.8521956e+002  2.3793929e+002
  2.8372194e+002  2.3790623e+002
  2.8282666e+002  2.3783369e+002
  2.8196626e+002  2.3772272e+002
  2.8110725e+002  2.3757054e+002
  2.8023213e+002  2.3743869e+002
  2.7929717e+002  2.3695112e+002
  2.7827734e+002  2.3704295e+002
  2.7645656e+002  2.3724772e+002
  2.7473880e+002  2.3770776e+002
  2.7395157e+002  2.3836387e+002
  2.7309023e+002  2.3843618e+002
  2.7217182e+002  2.3850068e+002
  2.7109558e+002  2.3889258e+002
  2.6984808e+002  2.3889820e+002
  2.6880585e+002  2.3889229e+002
  2.6783685e+002  2.3889109e+002
  2.6682057e+002  2.3892280e+002
  2.6583864e+002  2.3899304e+002
  2.6487085e+002  2.3906265e+002
  2.6389269e+002  2.3912913e+002
  2.6289509e+002  2.3921827e+002
  2.6189323e+002  2.3931113e+002
  2.6090110e+002  2.3940884e+002
  2.5990491e+002  2.3947393e+002
  2.5894484e+002  2.3952053e+002
  2.5797830e+002  2.4005520e+002
  2.5700954e+002  2.4010410e+002
  2.5602135e+002  2.4013272e+002
  2.5503764e+002  2.4018709e+002
  2.5405203e+002  2.4031160e+002
  2.5309073e+002  2.4045994e+002
  2.5216380e+002  2.4063731e+002
  2.5110916e+002  2.4136758e+002
  2.5014228e+002  2.4150978e+002
  2.4902013e+002  2.4212717e+002
  2.4801059e+002  2.4225507e+002
  2.4700716e+002  2.4239057e+002
  2.4606420e+002  2.4257471e+002
  2.4511280e+002  2.4332721e+002
  2.4418884e+002  2.4350168e+002
  2.4306532e+002  2.4410055e+002
  2.4204487e+002  2.4425752e+002
  2.4101339e+002  2.4447157e+002
  2.3999406e+002  2.4465591e+002
  2.3887303e+002  2.4533904e+002
  2.3792787e+002  2.4551236e+002
  2.3694060e+002  2.4622797e+002
  2.3605858e+002  2.4639802e+002
  2.3518314e+002  2.4655126e+002
  2.3413418e+002  2.4724612e+002
  2.3317454e+002  2.4739442e+002
  2.3220677e+002  2.4756893e+002
  2.3106008e+002  2.4833443e+002
  2.3011267e+002  2.4855697e+002
  2.2901516e+002  2.4943445e+002
  2.2812898e+002  2.4972042e+002
  2.2710962e+002  2.5062506e+002
  2.2606765e+002  2.5146775e+002
  2.2520848e+002  2.5168404e+002
  2.2413707e+002  2.5244562e+002
  2.2330427e+002  2.5271137e+002
  2.2227180e+002  2.5360316e+002
  2.2124787e+002  2.5454580e+002
  2.2023611e+002  2.5545062e+002
  2.1948332e+002  2.5568566e+002
  2.1851140e+002  2.5664325e+002
  2.1825880e+002  2.5741171e+002
  2.1753109e+002  2.5767899e+002
  2.1725620e+002  2.5844829e+002
  2.1650485e+002  2.5869243e+002
  2.1620734e+002  2.5939929e+002
  2.1542025e+002  2.5963941e+002
  2.1435750e+002  2.6074408e+002
  2.1323665e+002  2.6173801e+002
  2.1208168e+002  2.6265039e+002
  2.1103173e+002  2.6356168e+002
  2.1010061e+002  2.6451774e+002
  2.0901239e+002  2.6577000e+002
  2.0812684e+002  2.6678613e+002
  2.0716438e+002  2.6776018e+002
  2.0617941e+002  2.6868898e+002
  2.0527106e+002  2.6972539e+002
  2.0444050e+002  2.7081526e+002
  2.0357262e+002  2.7194009e+002
  2.0337140e+002  2.7272812e+002
  2.0237669e+002  2.7379853e+002
  2.0136756e+002  2.7491613e+002
  2.0047168e+002  2.7608589e+002
  1.9963700e+002  2.7724165e+002
  1.9933864e+002  2.7805780e+002
  1.9854899e+002  2.7915193e+002
  1.9832229e+002  2.8001983e+002
  1.9756226e+002  2.8113003e+002
  1.9733753e+002  2.8198003e+002
  1.9657344e+002  2.8301333e+002
  1.9639510e+002  2.8386626e+002
  1.9578434e+002  2.8492884e+002
  1.9572545e+002  2.8586772e+002
  1.9569922e+002  2.8682429e+002
  1.9567850e+002  2.8778790e+002
  1.9558292e+002  2.8875448e+002
  1.9537510e+002  2.8968779e+002
  1.9437659e+002  2.9081997e+002
  1.9330481e+002  2.9186196e+002
  1.9233092e+002  2.9282167e+002
  1.9163010e+002  2.9385572e+002
  1.9150053e+002  2.9488292e+002
  1.9145800e+002  2.9592122e+002
  1.9098448e+002  2.9722745e+002
  1.9091281e+002  2.9826069e+002
  1.9082001e+002  2.9925816e+002
  1.9067483e+002  3.0022121e+002
  1.9046797e+002  3.0114943e+002
  1.8966321e+002  3.0221738e+002
  1.8938983e+002  3.0307062e+002
  1.8855438e+002  3.0411682e+002
  1.8828884e+002  3.0496852e+002
  1.8754726e+002  3.0599924e+002
  1.8737861e+002  3.0689610e+002
  1.8679091e+002  3.0800401e+002
  1.8668875e+002  3.0898439e+002
  1.8657202e+002  3.0998960e+002
  1.8647546e+002  3.1100158e+002
  1.8590583e+002  3.1213555e+002
  1.8575618e+002  3.1307085e+002
  1.8559171e+002  3.1399242e+002
  1.8540870e+002  3.1490275e+002
  1.8481513e+002  3.1590565e+002
  1.8473297e+002  3.1687482e+002
  1.8476293e+002  3.1787727e+002
  1.8486178e+002  3.1888406e+002
  1.8496160e+002  3.2027819e+002
  1.8500589e+002  3.2121282e+002
  1.8504624e+002  3.2213272e+002
  1.8506336e+002  3.2305912e+002
  1.8507957e+002  3.2399366e+002
  1.8507944e+002  3.2494024e+002
  1.8509848e+002  3.2627734e+002
  1.8507814e+002  3.2727230e+002
  1.8500615e+002  3.2823052e+002
  1.8489969e+002  3.2913133e+002
  1.8477215e+002  3.3004919e+002
  1.8469953e+002  3.3100392e+002
  1.8469976e+002  3.3198062e+002
  1.8478769e+002  3.3296256e+002
  1.8495420e+002  3.3415987e+002
  1.8509070e+002  3.3512803e+002
  1.8516299e+002  3.3610270e+002
  1.8519398e+002  3.3709964e+002
  1.8521840e+002  3.3806926e+002
  1.8524744e+002  3.3905064e+002
  1.8528675e+002  3.4003878e+002
  1.8533595e+002  3.4102973e+002
  1.8537135e+002  3.4202411e+002
  1.8542727e+002  3.4301157e+002
  1.8554474e+002  3.4403905e+002
  1.8591621e+002  3.4515506e+002
  1.8608274e+002  3.4619778e+002
  1.8622262e+002  3.4721431e+002
  1.8629499e+002  3.4820877e+002
  1.8634858e+002  3.4918724e+002
  1.8638655e+002  3.5016050e+002
  1.8643329e+002  3.5114836e+002
  1.8645883e+002  3.5211946e+002
  1.8649664e+002  3.5307307e+002
  1.8656014e+002  3.5401580e+002
  1.8695372e+002  3.5493328e+002
  1.8694777e+002  3.5596177e+002
  1.8694602e+002  3.5701051e+002
  1.8697783e+002  3.5803747e+002
  1.8705723e+002  3.5904035e+002
  1.8715721e+002  3.6004530e+002
  1.8724961e+002  3.6104804e+002
  1.8733777e+002  3.6204527e+002
  1.8740157e+002  3.6305504e+002
  1.8747262e+002  3.6406798e+002
  1.8750184e+002  3.6509352e+002
  1.8787912e+002  3.6608996e+002
  1.8786296e+002  3.6714131e+002
  1.8790515e+002  3.6816158e+002
  1.8808400e+002  3.6915774e+002
  1.8829950e+002  3.7012610e+002
  1.8854012e+002  3.7106841e+002
  1.8915549e+002  3.7212812e+002
  1.8928259e+002  3.7310984e+002
  1.8939464e+002  3.7407855e+002
  1.8951568e+002  3.7503831e+002
  1.9008371e+002  3.7606915e+002
  1.9018442e+002  3.7702671e+002
  1.9026209e+002  3.7798422e+002
  1.9033352e+002  3.7895370e+002
  1.9042893e+002  3.7993317e+002
  1.9051175e+002  3.8095077e+002
  1.9102423e+002  3.8202443e+002
  1.9109592e+002  3.8302573e+002
  1.9115185e+002  3.8401584e+002
  1.9122178e+002  3.8499300e+002
  1.9132061e+002  3.8595926e+002
  1.9146797e+002  3.8694713e+002
  1.9168470e+002  3.8792093e+002
  1.9241785e+002  3.8895095e+002
  1.9272260e+002  3.8989127e+002
  1.9348964e+002  3.9087274e+002
  1.9366606e+002  3.9180305e+002
  1.9425467e+002  3.9283943e+002
  1.9433127e+002  3.9380990e+002
  1.9442196e+002  3.9478881e+002
  1.9451547e+002  3.9581239e+002
  1.9500242e+002  3.9698231e+002
  1.9508998e+002  3.9800305e+002
  1.9521140e+002  3.9900678e+002
  1.9541523e+002  3.9997559e+002
  1.9563330e+002  4.0093216e+002
  1.9643076e+002  4.0189644e+002
  1.9665323e+002  4.0283406e+002
