  1.9734780e+002  4.0993332e+002
  1.9764604e+002  4.1086721e+002
  1.9850727e+002  4.1194253e+002
  1.9930142e+002  4.1309154e+002
  1.9958940e+002  4.1404821e+002
  2.0031466e+002  4.1521636e+002
  2.0050347e+002  4.1610142e+002
  2.0122051e+002  4.1713509e+002
  2.0137703e+002  4.1796359e+002
  2.0153395e+002  4.1880259e+002
  2.0222327e+002  4.1989256e+002
  2.0243141e+002  4.2079015e+002
  2.0264725e+002  4.2168540e+002
  2.0358731e+002  4.2279802e+002
  2.0468979e+002  4.2382400e+002
  2.0575546e+002  4.2482744e+002
  2.0670911e+002  4.2591991e+002
  2.0758261e+002  4.2705788e+002
  2.0840284e+002  4.2815625e+002
  2.0861707e+002  4.2901493e+002
  2.0932904e+002  4.3012792e+002
  2.0944551e+002  4.3103285e+002
  2.0953915e+002  4.3194427e+002
  2.1013504e+002  4.3304578e+002
  2.1025012e+002  4.3396924e+002
  2.1035401e+002  4.3490471e+002
  2.1046691e+002  4.3583271e+002
  2.1059166e+002  4.3674170e+002
  2.1131839e+002  4.3781788e+002
  2.1152089e+002  4.3871134e+002
  2.1240225e+002  4.3972187e+002
  2.1263762e+002  4.4057167e+002
  2.1355222e+002  4.4152178e+002
  2.1444796e+002  4.4256838e+002
  2.1466534e+002  4.4347247e+002
  2.1525672e+002  4.4374443e+002
  2.1540954e+002  4.4470244e+002
  2.1554003e+002  4.4564002e+002
  2.1635784e+002  4.4680845e+002
  2.1654738e+002  4.4763768e+002
  2.1753964e+002  4.4858102e+002
  2.1865387e+002  4.4946992e+002
  2.1979336e+002  4.5008798e+002
  2.2065644e+002  4.5095016e+002
  2.2164221e+002  4.5183547e+002
  2.2265860e+002  4.5274182e+002
  2.2384364e+002  4.5387837e+002
  2.2460303e+002  4.5491503e+002
  2.2546467e+002  4.5600191e+002
  2.2586796e+002  4.5671085e+002
  2.2693823e+002  4.5780099e+002
  2.2793994e+002  4.5874157e+002
  2.2884381e+002  4.5962330e+002
  2.2971397e+002  4.6063818e+002
  2.3059777e+002  4.6176148e+002
  2.3150807e+002  4.6287500e+002
  2.3245266e+002  4.6391926e+002
  2.3266233e+002  4.6468093e+002
  2.3353507e+002  4.6566157e+002
  2.3436335e+002  4.6667707e+002
  2.3451038e+002  4.6744863e+002
  2.3524123e+002  4.6769895e+002
  2.3597173e+002  4.6888419e+002
  2.3696509e+002  4.6959357e+002
  2.3802342e+002  4.7031444e+002
  2.3884307e+002  4.7043779e+002
  2.3969805e+002  4.7058793e+002
  2.4075845e+002  4.7145061e+002
  2.4160789e+002  4.7163321e+002
  2.4247073e+002  4.7257483e+002
  2.4249226e+002  4.7331923e+002
  2.4342699e+002  4.7425830e+002
  2.4457341e+002  4.7525153e+002
  2.4549924e+002  4.7543772e+002
  2.4659071e+002  4.7642291e+002
  2.4741953e+002  4.7656958e+002
  2.4760085e+002  4.7740219e+002
  2.4838026e+002  4.7761445e+002
  2.4862447e+002  4.7849128e+002
  2.4937309e+002  4.7879664e+002
  2.4983404e+002  4.7976245e+002
  2.5075850e+002  4.8070966e+002
  2.5163969e+002  4.8169278e+002
  2.5255596e+002  4.8272923e+002
  2.5383137e+002  4.8385699e+002
  2.5493897e+002  4.8466744e+002
  2.5600372e+002  4.8542607e+002
  2.5686477e+002  4.8562282e+002
  2.5785292e+002  4.8646290e+002
  2.5869807e+002  4.8666246e+002
  2.5972771e+002  4.8754372e+002
  2.6069912e+002  4.8850449e+002
  2.6159319e+002  4.8957512e+002
  2.6242595e+002  4.9070686e+002
  2.6250243e+002  4.9160305e+002
  2.6349410e+002  4.9261969e+002
  2.6376337e+002  4.9338207e+002
  2.6471212e+002  4.9338629e+002
  2.6570001e+002  4.9336942e+002
  2.6674229e+002  4.9343470e+002
  2.6776977e+002  4.9351210e+002
  2.6890995e+002  4.9435868e+002
  2.6983260e+002  4.9454512e+002
  2.7083041e+002  4.9541566e+002
  2.7175773e+002  4.9559620e+002
  2.7278348e+002  4.9634559e+002
  2.7380725e+002  4.9645748e+002
  2.7482070e+002  4.9657296e+002
  2.7586883e+002  4.9733110e+002
  2.7683305e+002  4.9750332e+002
  2.7775626e+002  4.9844001e+002
  2.7864375e+002  4.9858666e+002
  2.7944936e+002  4.9949655e+002
  2.8032967e+002  5.0038316e+002
  2.8129045e+002  5.0122593e+002
  2.8241358e+002  5.0213318e+002
  2.8359475e+002  5.0307059e+002
  2.8464703e+002  5.0320776e+002
  2.8572001e+002  5.0338344e+002
  2.8677533e+002  5.0350433e+002
  2.8785489e+002  5.0433147e+002
  2.8886122e+002  5.0442652e+002
  2.8982865e+002  5.0448509e+002
  2.9074738e+002  5.0458119e+002
  2.9168436e+002  5.0547535e+002
  2.9257487e+002  5.0568003e+002
  2.9351721e+002  5.0667666e+002
  2.9452484e+002  5.0760041e+002
  2.9564373e+002  5.0834510e+002
  2.9670056e+002  5.0825791e+002
  2.9774121e+002  5.0823849e+002
  2.9872827e+002  5.0830506e+002
  2.9970257e+002  5.0851552e+002
  3.0073945e+002  5.0950380e+002
  3.0172865e+002  5.1060714e+002
  3.0269373e+002  5.1169111e+002
  3.0371268e+002  5.1261326e+002
  3.0482615e+002  5.1334683e+002
  3.0580448e+002  5.1327180e+002
  3.0676165e+002  5.1315699e+002
  3.0775406e+002  5.1307336e+002
  3.0875454e+002  5.1307493e+002
  3.0974790e+002  5.1322773e+002
  3.1068766e+002  5.1348828e+002
  3.1154839e+002  5.1384623e+002
  3.1251859e+002  5.1527699e+002
  3.1330299e+002  5.1624676e+002
  3.1344003e+002  5.1702486e+002
  3.1359456e+002  5.1772999e+002
  3.1469333e+002  5.1856661e+002
  3.1576384e+002  5.1938008e+002
  3.1663177e+002  5.1943874e+002
  3.1753011e+002  5.1950349e+002
  3.1852644e+002  5.2039426e+002
  3.1939891e+002  5.2046021e+002
  3.2032184e+002  5.2141530e+002
  3.2127352e+002  5.2239462e+002
  3.2231634e+002  5.2320664e+002
  3.2356166e+002  5.2377696e+002
  3.2551930e+002  5.2337008e+002
  3.2704470e+002  5.2216116e+002
  3.2777909e+002  5.2121836e+002
  3.2854995e+002  5.2039954e+002
  3.3023937e+002  5.1994663e+002
  3.3104167e+002  5.2030385e+002
  3.3183002e+002  5.2070579e+002
  3.3262865e+002  5.2137374e+002
  3.3348320e+002  5.2162458e+002
  3.3352954e+002  5.2241236e+002
  3.3443075e+002  5.2256471e+002
  3.3450144e+002  5.2340082e+002
  3.3546768e+002  5.2349016e+002
  3.3646388e+002  5.2345245e+002
  3.3825134e+002  5.2320664e+002
  3.3910902e+002  5.2282125e+002
  3.3998709e+002  5.2262865e+002
  3.4087084e+002  5.2260973e+002
  3.4178259e+002  5.2274924e+002
  3.4273833e+002  5.2295065e+002
  3.4371581e+002  5.2302195e+002
  3.4472648e+002  5.2291479e+002
  3.4573469e+002  5.2276943e+002
  3.4672485e+002  5.2257595e+002
  3.4769268e+002  5.2246598e+002
  3.4868119e+002  5.2164045e+002
  3.5017487e+002  5.2173756e+002
  3.5109960e+002  5.2186275e+002
  3.5201981e+002  5.2204471e+002
  3.5293129e+002  5.2225405e+002
  3.5383561e+002  5.2244048e+002
  3.5475409e+002  5.2257349e+002
  3.5563986e+002  5.2342905e+002
  3.5655885e+002  5.2336082e+002
  3.5828279e+002  5.2304112e+002
  3.5915323e+002  5.2276654e+002
  3.6003544e+002  5.2260816e+002
  3.6090807e+002  5.2247615e+002
  3.6189474e+002  5.2169526e+002
  3.6278684e+002  5.2159920e+002
  3.6370367e+002  5.2152478e+002
  3.6467694e+002  5.2149201e+002
  3.6576745e+002  5.2081124e+002
  3.6678844e+002  5.2083220e+002
  3.6779613e+002  5.2082225e+002
  3.6878261e+002  5.2079152e+002
  3.6976434e+002  5.2068077e+002
  3.7073396e+002  5.2051594e+002
  3.7174018e+002  5.2036995e+002
  3.7279647e+002  5.1962598e+002
  3.7387010e+002  5.1971451e+002
  3.7492864e+002  5.1984766e+002
  3.7597944e+002  5.1992674e+002
  3.7701900e+002  5.1996092e+002
  3.7797558e+002  5.1993931e+002
  3.7898260e+002  5.1991998e+002
  3.7995640e+002  5.1987979e+002
  3.8092447e+002  5.1978996e+002
  3.8186816e+002  5.1968989e+002
  3.8281453e+002  5.1958117e+002
  3.8376076e+002  5.1944803e+002
  3.8485695e+002  5.1857723e+002
  3.8575847e+002  5.1840589e+002
  3.8670572e+002  5.1737902e+002
  3.8765881e+002  5.1638706e+002
  3.8872006e+002  5.1549851e+002
  3.8978653e+002  5.1457684e+002
  3.9064275e+002  5.1435207e+002
  3.9168908e+002  5.1329202e+002
  3.9271881e+002  5.1224672e+002
  3.9373078e+002  5.1125638e+002
  3.9476881e+002  5.1039481e+002
  3.9590365e+002  5.0970350e+002
  3.9691723e+002  5.0977329e+002
  3.9774675e+002  5.0947129e+002
  3.9885478e+002  5.0866154e+002
  3.9968968e+002  5.0859420e+002
  4.0048405e+002  5.0849079e+002
  4.0065131e+002  5.0764233e+002
  4.0144591e+002  5.0745508e+002
  4.0166686e+002  5.0662660e+002
  4.0245691e+002  5.0640894e+002
  4.0263076e+002  5.0558994e+002
  4.0347065e+002  5.0537192e+002
  4.0365657e+002  5.0459598e+002
  4.0469076e+002  5.0420972e+002
  4.0556989e+002  5.0330219e+002
  4.0652056e+002  5.0239894e+002
  4.0767816e+002  5.0144603e+002
  4.0879524e+002  5.0053997e+002
  4.0964450e+002  5.0044317e+002
  4.1061349e+002  4.9940424e+002
  4.1163961e+002  4.9842635e+002
  4.1278097e+002  4.9767234e+002
  4.1372198e+002  4.9769426e+002
  4.1464913e+002  4.9767536e+002
  4.1555815e+002  4.9760440e+002
  4.1640844e+002  4.9746322e+002
  4.1658605e+002  4.9664188e+002
  4.1740966e+002  4.9641852e+002
  4.1760704e+002  4.9558666e+002
  4.1841428e+002  4.9534747e+002
  4.1857783e+002  4.9449186e+002
  4.1972968e+002  4.9312155e+002
  4.2064545e+002  4.9219285e+002
  4.2163261e+002  4.9135257e+002
  4.2256954e+002  4.9043300e+002
  4.2348607e+002  4.8936837e+002
  4.2368491e+002  4.8844393e+002
  4.2472955e+002  4.8735044e+002
  4.2583576e+002  4.8631698e+002
  4.2666146e+002  4.8557902e+002
  4.2746843e+002  4.8556478e+002
  4.2856608e+002  4.8469425e+002
  4.2985125e+002  4.8410260e+002
  4.3059162e+002  4.8302640e+002
  4.3118434e+002  4.8189221e+002
  4.3112933e+002  4.8090448e+002
  4.3113025e+002  4.7994750e+002
  4.3120837e+002  4.7902108e+002
  4.3137634e+002  4.7808029e+002
  4.3159180e+002  4.7715902e+002
  4.3252753e+002  4.7614694e+002
  4.3352404e+002  4.7521823e+002
  4.3453102e+002  4.7427076e+002
  4.3538831e+002  4.7326062e+002
  4.3541558e+002  4.7231009e+002
  4.3540672e+002  4.7136247e+002
  4.3543885e+002  4.7042936e+002
  4.3549972e+002  4.6950973e+002
  4.3636381e+002  4.6849686e+002
  4.3648966e+002  4.6755268e+002
  4.3737865e+002  4.6651365e+002
  4.3838114e+002  4.6558150e+002
  4.3949476e+002  4.6468950e+002
  4.4046269e+002  4.6359158e+002
  4.4132108e+002  4.6230895e+002
  4.4137535e+002  4.6127711e+002
  4.4138029e+002  4.6026577e+002
  4.4135982e+002  4.5927461e+002
  4.4128651e+002  4.5822824e+002
  4.4124624e+002  4.5708762e+002
  4.4125038e+002  4.5582970e+002
  4.4135192e+002  4.5463382e+002
  4.4150831e+002  4.5357290e+002
  4.4229398e+002  4.5267824e+002
  4.4239231e+002  4.5176589e+002
  4.4229398e+002  4.5098230e+002
  4.4238094e+002  4.5010587e+002
  4.4247820e+002  4.4917067e+002
  4.4257677e+002  4.4821009e+002
  4.4333039e+002  4.4715077e+002
  4.4337785e+002  4.4616429e+002
  4.4343043e+002  4.4517998e+002
  4.4332209e+002  4.4388800e+002
  4.4314957e+002  4.4302297e+002
  4.4299436e+002  4.4214557e+002
  4.4289265e+002  4.4120033e+002
  4.4288482e+002  4.4018914e+002
  4.4296437e+002  4.3916364e+002
  4.4310465e+002  4.3779465e+002
  4.4320177e+002  4.3687492e+002
  4.4327553e+002  4.3597259e+002
  4.4332295e+002  4.3508208e+002
  4.4328556e+002  4.3416130e+002
  4.4323144e+002  4.3323413e+002
  4.4312454e+002  4.3211067e+002
  4.4298150e+002  4.3112789e+002
  4.4290405e+002  4.3008792e+002
  4.4290067e+002  4.2903365e+002
  4.4297340e+002  4.2798681e+002
  4.4304352e+002  4.2697927e+002
  4.4307850e+002  4.2605045e+002
  4.4307861e+002  4.2506331e+002
  4.4304243e+002  4.2403517e+002
  4.4293261e+002  4.2301651e+002
  4.4283401e+002  4.2197585e+002
  4.4274030e+002  4.2095461e+002
  4.4269678e+002  4.1995431e+002
  4.4269688e+002  4.1897859e+002
  4.4275586e+002  4.1798414e+002
  4.4283440e+002  4.1697107e+002
  4.4289657e+002  4.1595994e+002
  4.4292732e+002  4.1497032e+002
  4.4291178e+002  4.1402077e+002
  4.4286688e+002  4.1304445e+002
  4.4280822e+002  4.1205231e+002
  4.4277790e+002  4.1107296e+002
  4.4276362e+002  4.1010914e+002
  4.4272172e+002  4.0916093e+002
  4.4266430e+002  4.0820846e+002
  4.4256381e+002  4.0723504e+002
  4.4242887e+002  4.0625319e+002
  4.4164084e+002  4.0522394e+002
  4.4159234e+002  4.0418729e+002
  4.4161401e+002  4.0311775e+002
  4.4168950e+002  4.0202882e+002
  4.4174773e+002  4.0106502e+002
  4.4178256e+002  4.0009461e+002
  4.4173242e+002  3.9885529e+002
  4.4159821e+002  3.9788794e+002
  4.4140501e+002  3.9694056e+002
  4.4066182e+002  3.9593399e+002
  4.4050361e+002  3.9501837e+002
  4.4041466e+002  3.9408977e+002
  4.3989026e+002  3.9303858e+002
  4.3998639e+002  3.9207602e+002
  4.4010154e+002  3.9109227e+002
  4.4012145e+002  3.8993054e+002
  4.4008307e+002  3.8898576e+002
  4.4005389e+002  3.8805855e+002
  4.4005920e+002  3.8711506e+002
  4.4008116e+002  3.8594046e+002
  4.4008970e+002  3.8492054e+002
  4.3999834e+002  3.8393432e+002
  4.3985049e+002  3.8299481e+002
  4.3971456e+002  3.8204158e+002
  4.3962162e+002  3.8107717e+002
  4.3956544e+002  3.8007282e+002
  4.3955932e+002  3.7903197e+002
  4.3952777e+002  3.7798963e+002
  4.3950361e+002  3.7697524e+002
  4.3943491e+002  3.7600092e+002
  4.3886711e+002  3.7498705e+002
  4.3877764e+002  3.7402765e+002
  4.3865712e+002  3.7303826e+002
  4.3856385e+002  3.7201480e+002
  4.3852445e+002  3.7098324e+002
  4.3852623e+002  3.6996886e+002
  4.3850643e+002  3.6896997e+002
  4.3843531e+002  3.6800854e+002
  4.3778932e+002  3.6698232e+002
  4.3760171e+002  3.6604746e+002
  4.3741143e+002  3.6509271e+002
  4.3672397e+002  3.6406515e+002
  4.3660068e+002  3.6305676e+002
  4.3654280e+002  3.6203270e+002
  4.3650061e+002  3.6102853e+002
  4.3644005e+002  3.6004047e+002
  4.3581690e+002  3.5901362e+002
  4.3575116e+002  3.5804165e+002
  4.3566508e+002  3.5704852e+002
  4.3552682e+002  3.5603737e+002
  4.3533835e+002  3.5504301e+002
  4.3459729e+002  3.5394887e+002
  4.3435019e+002  3.5299395e+002
  4.3361065e+002  3.5190949e+002
  4.3346096e+002  3.5099707e+002
  4.3274238e+002  3.4994968e+002
  4.3257681e+002  3.4906846e+002
  4.3240286e+002  3.4818517e+002
  4.3165935e+002  3.4710115e+002
  4.3148867e+002  3.4617380e+002
  4.3071371e+002  3.4504952e+002
  4.3052076e+002  3.4412026e+002
  4.3032371e+002  3.4319108e+002
  4.2956934e+002  3.4207467e+002
  4.2935965e+002  3.4115479e+002
  4.2862425e+002  3.4003036e+002
  4.2839500e+002  3.3911329e+002
  4.2761966e+002  3.3797244e+002
  4.2736983e+002  3.3706757e+002
  4.2661943e+002  3.3593280e+002
  4.2642859e+002  3.3504325e+002
  4.2571538e+002  3.3395021e+002
  4.2554768e+002  3.3308853e+002
  4.2538729e+002  3.3223073e+002
  4.2466816e+002  3.3116039e+002
  4.2454422e+002  3.3026867e+002
  4.2442377e+002  3.2937658e+002
  4.2367681e+002  3.2829745e+002
  4.2346435e+002  3.2745593e+002
  4.2251914e+002  3.2640164e+002
  4.2226274e+002  3.2561508e+002
  4.2153364e+002  3.2531772e+002
  4.2126938e+002  3.2452916e+002
  4.2054271e+002  3.2419614e+002
  4.2031932e+002  3.2336066e+002
  4.1943419e+002  3.2217420e+002
  4.1872686e+002  3.2092796e+002
  4.1847340e+002  3.2002362e+002
  4.1765060e+002  3.1886737e+002
  4.1734933e+002  3.1804100e+002
  4.1647100e+002  3.1699803e+002
  4.1560570e+002  3.1594063e+002
  4.1534045e+002  3.1513790e+002
  4.1435436e+002  3.1411855e+002
  4.1327022e+002  3.1319501e+002
  4.1235994e+002  3.1244751e+002
  4.1141580e+002  3.1154741e+002
  4.1075487e+002  3.1129950e+002
  4.1019711e+002  3.1023303e+002
  4.0942607e+002  3.0901371e+002
  4.0870245e+002  3.0784682e+002
  4.0829546e+002  3.0718719e+002
  4.0754169e+002  3.0616249e+002
  4.0741568e+002  3.0532643e+002
  4.0659576e+002  3.0420512e+002
  4.0636630e+002  3.0339016e+002
  4.0531987e+002  3.0233681e+002
  4.0424135e+002  3.0140002e+002
  4.0332703e+002  3.0044916e+002
  4.0249170e+002  2.9937838e+002
  4.0160758e+002  2.9821784e+002
  4.0136545e+002  2.9748394e+002
  4.0042261e+002  2.9645171e+002
  3.9945750e+002  2.9548421e+002
  3.9815284e+002  2.9443515e+002
  3.9704568e+002  2.9357161e+002
  3.9625276e+002  2.9343176e+002
  3.9520059e+002  2.9247104e+002
  3.9411141e+002  2.9150780e+002
  3.9329627e+002  2.9128905e+002
  3.9222141e+002  2.9031604e+002
  3.9116198e+002  2.8929854e+002
  3.9011582e+002  2.8830263e+002
  3.8903649e+002  2.8728145e+002
  3.8816302e+002  2.8640270e+002
  3.8732898e+002  2.8545404e+002
  3.8649087e+002  2.8445384e+002
  3.8529709e+002  2.8317066e+002
  3.8425862e+002  2.8230717e+002
  3.8308566e+002  2.8165469e+002
  3.8217240e+002  2.8164718e+002
  3.8127830e+002  2.8157586e+002
  3.8039735e+002  2.8143160e+002
  3.7926560e+002  2.8045617e+002
  3.7814613e+002  2.7946645e+002
  3.7703078e+002  2.7853554e+002
  3.7621552e+002  2.7825211e+002
  3.7516451e+002  2.7736995e+002
  3.7412264e+002  2.7648634e+002
  3.7307757e+002  2.7559903e+002
  3.7225697e+002  2.7540344e+002
  3.7124307e+002  2.7451201e+002
  3.7041193e+002  2.7430468e+002
  3.6943446e+002  2.7335168e+002
  3.6836912e+002  2.7237436e+002
  3.6721915e+002  2.7142430e+002
  3.6604344e+002  2.7045425e+002
  3.6499306e+002  2.6938166e+002
  3.6405019e+002  2.6827538e+002
  3.6313258e+002  2.6727115e+002
  3.6209986e+002  2.6646617e+002
  3.6095561e+002  2.6580931e+002
  3.6000865e+002  2.6576515e+002
  3.5904125e+002  2.6569598e+002
  3.5807442e+002  2.6561644e+002
  3.5714401e+002  2.6545577e+002
  3.5604303e+002  2.6452326e+002
  3.5520578e+002  2.6418630e+002
  3.5421073e+002  2.6319116e+002
  3.5316916e+002  2.6227697e+002
  3.5207025e+002  2.6141308e+002
  3.5096805e+002  2.6056123e+002
  3.5009571e+002  2.6032167e+002
  3.4902265e+002  2.5953470e+002
  3.4811217e+002  2.5943208e+002
  3.4695912e+002  2.5879557e+002
  3.4601390e+002  2.5875601e+002
  3.4508022e+002  2.5868503e+002
  3.4417149e+002  2.5854541e+002
  3.4329704e+002  2.5834190e+002
  3.4224740e+002  2.5742594e+002
  3.4120672e+002  2.5650168e+002
  3.4034893e+002  2.5623643e+002
  3.3922038e+002  2.5543421e+002
  3.3805429e+002  2.5469687e+002
  3.3715164e+002  2.5453803e+002
  3.3625620e+002  2.5438995e+002
  3.3513138e+002  2.5359444e+002
  3.3424668e+002  2.5343693e+002
  3.3315363e+002  2.5259043e+002
  3.3229405e+002  2.5236256e+002
  3.3129490e+002  2.5135972e+002
  3.3027365e+002  2.5038973e+002
  3.2916312e+002  2.4957404e+002
  3.2824238e+002  2.4945881e+002
  3.2710937e+002  2.4876133e+002
  3.2616894e+002  2.4861256e+002
  3.2518403e+002  2.4844965e+002
  3.2396703e+002  2.4781896e+002
  3.2291096e+002  2.4778232e+002
  3.2188462e+002  2.4776377e+002
  3.2091756e+002  2.4771418e+002
  3.2000485e+002  2.4756779e+002
  3.1909401e+002  2.4732441e+002
  3.1804279e+002  2.4652692e+002
  3.1712010e+002  2.4628340e+002
  3.1604914e+002  2.4552879e+002
  3.1515557e+002  2.4535011e+002
  3.1414105e+002  2.4460886e+002
  3.1321887e+002  2.4451824e+002
  3.1225390e+002  2.4446802e+002
  3.1106950e+002  2.4385807e+002
  3.1004475e+002  2.4373271e+002
  3.0902169e+002  2.4355543e+002
  3.0800980e+002  2.4333269e+002
  3.0693135e+002  2.4256930e+002
  3.0593504e+002  2.4245926e+002
  3.0484675e+002  2.4194919e+002
  3.0387131e+002  2.4186420e+002
  3.0292250e+002  2.4169205e+002
  3.0199083e+002  2.4149765e+002
  3.0093135e+002  2.4085289e+002
  2.9999158e+002  2.4070853e+002
  2.9905038e+002  2.4062342e+002
  2.9811564e+002  2.4058169e+002
  2.9718705e+002  2.4052947e+002
  2.9624653e+002  2.4047860e+002
  2.9522307e+002  2.3994370e+002
  2.9421766e+002  2.3998052e+002
  2.9279433e+002  2.4005250e+002
  2.9190179e+002  2.4011566e+002
  2.9099103e+002  2.4021731e+002
  2.9002774e+002  2.4041939e+002
  2.8901998e+002  2.4043756e+002
  2.8767977e+002  2.4035996e+002
  2.8674651e+002  2.4027351e+002
  2.8580314e+002  2.4014398e+002
  2.8484662e+002  2.4003847e+002
  2.8391982e+002  2.3995498e+002
  2.8301502e+002  2.3992336e+002
  2.8211112e+002  2.3990916e+002
  2.8116204e+002  2.3989859e+002
  2.8015441e+002  2.3986702e+002
  2.7909009e+002  2.3987093e+002
  2.7801332e+002  2.3995137e+002
  2.7664041e+002  2.4008716e+002
  2.7569991e+002  2.4024007e+002
  2.7476010e+002  2.4035158e+002
  2.7382377e+002  2.4042324e+002
  2.7287429e+002  2.4047545e+002
  2.7192638e+002  2.4051216e+002
  2.7093357e+002  2.4090202e+002
  2.6985888e+002  2.4087835e+002
  2.6888793e+002  2.4088515e+002
  2.6792801e+002  2.4088620e+002
  2.6698303e+002  2.4091968e+002
  2.6585383e+002  2.4103752e+002
  2.6491379e+002  2.4119658e+002
  2.6394331e+002  2.4138300e+002
  2.6295697e+002  2.4154377e+002
  2.6193682e+002  2.4206205e+002
  2.6094040e+002  2.4212032e+002
  2.5995906e+002  2.4214769e+002
  2.5899011e+002  2.4217426e+002
  2.5803673e+002  2.4222419e+002
  2.5708179e+002  2.4234237e+002
  2.5611809e+002  2.4253655e+002
  2.5509997e+002  2.4327514e+002
  2.5414828e+002  2.4352535e+002
  2.5311871e+002  2.4427696e+002
  2.5212470e+002  2.4439546e+002
  2.5109791e+002  2.4444957e+002
  2.5005203e+002  2.4444788e+002
  2.4900636e+002  2.4447348e+002
  2.4796534e+002  2.4457382e+002
  2.4692753e+002  2.4525374e+002
  2.4598724e+002  2.4551011e+002
  2.4495764e+002  2.4621185e+002
  2.4403173e+002  2.4641723e+002
  2.4311215e+002  2.4660446e+002
  2.4197237e+002  2.4723231e+002
  2.4103114e+002  2.4744302e+002
  2.4008113e+002  2.4766136e+002
  2.3899361e+002  2.4833607e+002
  2.3805637e+002  2.4850435e+002
  2.3702455e+002  2.4921029e+002
  2.3613924e+002  2.4935354e+002
  2.3524095e+002  2.4949571e+002
  2.3432992e+002  2.4958905e+002
  2.3327868e+002  2.5014200e+002
  2.3230480e+002  2.5022688e+002
  2.3131573e+002  2.5043006e+002
  2.3033080e+002  2.5073649e+002
  2.2921481e+002  2.5162174e+002
  2.2815170e+002  2.5268076e+002
  2.2717610e+002  2.5373626e+002
  2.2618186e+002  2.5462245e+002
  2.2505172e+002  2.5532791e+002
  2.2415093e+002  2.5546886e+002
  2.2327617e+002  2.5561057e+002
  2.2215349e+002  2.5640209e+002
  2.2136668e+002  2.5669346e+002
  2.2037230e+002  2.5768738e+002
  2.1950157e+002  2.5880943e+002
  2.1940691e+002  2.5958574e+002
  2.1838856e+002  2.6080813e+002
  2.1751624e+002  2.6169890e+002
  2.1736615e+002  2.6226727e+002
  2.1636912e+002  2.6259930e+002
  2.1525519e+002  2.6346364e+002
  2.1435210e+002  2.6358558e+002
  2.1305930e+002  2.6483082e+002
  2.1202187e+002  2.6540553e+002
  2.1128760e+002  2.6555746e+002
  2.1041922e+002  2.6646704e+002
  2.0961891e+002  2.6681866e+002
  2.0941152e+002  2.6748769e+002
  2.0843925e+002  2.6801054e+002
  2.0740781e+002  2.6887523e+002
  2.0634586e+002  2.6962385e+002
  2.0536027e+002  2.7031738e+002
  2.0447114e+002  2.7089289e+002
  2.0351033e+002  2.7205339e+002
  2.0333066e+002  2.7281678e+002
  2.0249709e+002  2.7377354e+002
  2.0144355e+002  2.7468844e+002
  2.0031523e+002  2.7569237e+002
  1.9934127e+002  2.7679827e+002
  1.9808725e+002  2.7817358e+002
  1.9723139e+002  2.7912958e+002
  1.9643160e+002  2.8008148e+002
  1.9573659e+002  2.8117171e+002
  1.9555819e+002  2.8195137e+002
  1.9538722e+002  2.8275742e+002
  1.9457292e+002  2.8387986e+002
  1.9427788e+002  2.8465911e+002
  1.9332388e+002  2.8577526e+002
  1.9235513e+002  2.8690269e+002
  1.9142729e+002  2.8802417e+002
  1.9053532e+002  2.8905052e+002
  1.9032851e+002  2.8983099e+002
  1.8958263e+002  2.9090803e+002
  1.8942308e+002  2.9177861e+002
  1.8899324e+002  2.9303983e+002
  1.8892275e+002  2.9414276e+002
  1.8890002e+002  2.9540841e+002
  1.8889536e+002  2.9635039e+002
  1.8893536e+002  2.9729470e+002
  1.8894055e+002  2.9849560e+002
  1.8881654e+002  2.9944612e+002
  1.8857615e+002  3.0033520e+002
  1.8824630e+002  3.0118108e+002
  1.8752345e+002  3.0221279e+002
  1.8726663e+002  3.0309651e+002
  1.8695617e+002  3.0411334e+002
  1.8679221e+002  3.0505850e+002
  1.8658972e+002  3.0601164e+002
  1.8636728e+002  3.0699016e+002
  1.8575499e+002  3.0801410e+002
  1.8561007e+002  3.0895915e+002
  1.8554621e+002  3.0991473e+002
  1.8546129e+002  3.1094507e+002
  1.8504183e+002  3.1210512e+002
  1.8488673e+002  3.1315013e+002
  1.8471398e+002  3.1417045e+002
  1.8454280e+002  3.1515731e+002
  1.8438568e+002  3.1609120e+002
  1.8389924e+002  3.1701341e+002
  1.8379049e+002  3.1794103e+002
  1.8369503e+002  3.1887653e+002
  1.8360244e+002  3.1987217e+002
  1.8353370e+002  3.2091059e+002
  1.8358441e+002  3.2226325e+002
  1.8363112e+002  3.2315620e+002
  1.8364333e+002  3.2406177e+002
  1.8359675e+002  3.2497100e+002
  1.8348458e+002  3.2591262e+002
  1.8296457e+002  3.2720561e+002
  1.8287631e+002  3.2816597e+002
  1.8279165e+002  3.2913749e+002
  1.8273841e+002  3.3010712e+002
  1.8269045e+002  3.3108565e+002
  1.8264354e+002  3.3203930e+002
  1.8259575e+002  3.3296240e+002
  1.8253817e+002  3.3387850e+002
  1.8246880e+002  3.3481155e+002
  1.8203865e+002  3.3591517e+002
  1.8202568e+002  3.3694042e+002
  1.8199218e+002  3.3799524e+002
  1.8194391e+002  3.3905895e+002
  1.8185649e+002  3.4010058e+002
  1.8174855e+002  3.4109903e+002
  1.8159708e+002  3.4204005e+002
  1.8145815e+002  3.4296181e+002
  1.8103255e+002  3.4388223e+002
  1.8104117e+002  3.4487742e+002
  1.8117684e+002  3.4648632e+002
  1.8142188e+002  3.4739875e+002
  1.8165470e+002  3.4829934e+002
  1.8225282e+002  3.4918217e+002
  1.8241838e+002  3.5006155e+002
  1.8251956e+002  3.5095468e+002
  1.8301315e+002  3.5190133e+002
  1.8295975e+002  3.5286151e+002
  1.8284952e+002  3.5385567e+002
  1.8274192e+002  3.5489945e+002
  1.8265463e+002  3.5595602e+002
  1.8271871e+002  3.5703779e+002
  1.8291621e+002  3.5806486e+002
  1.8318536e+002  3.5907432e+002
  1.8343341e+002  3.6008228e+002
  1.8357325e+002  3.6110352e+002
  1.8399018e+002  3.6216286e+002
  1.8402100e+002  3.6319510e+002
  1.8405501e+002  3.6420362e+002
  1.8412416e+002  3.6522276e+002
  1.8420556e+002  3.6622486e+002
  1.8428256e+002  3.6721485e+002
  1.8435830e+002  3.6818206e+002
  1.8446170e+002  3.6913092e+002
  1.8459813e+002  3.7006101e+002
  1.8527858e+002  3.7096879e+002
  1.8547485e+002  3.7189218e+002
  1.8568853e+002  3.7280945e+002
  1.8640133e+002  3.7378639e+002
  1.8651250e+002  3.7472630e+002
  1.8712796e+002  3.7576445e+002
  1.8719705e+002  3.7671910e+002
  1.8725794e+002  3.7772831e+002
  1.8733382e+002  3.7879799e+002
  1.8741289e+002  3.7991943e+002
  1.8745071e+002  3.8103485e+002
  1.8751676e+002  3.8191491e+002
  1.8802917e+002  3.8282868e+002
  1.8811744e+002  3.8428008e+002
  1.8832704e+002  3.8520153e+002
  1.8861409e+002  3.8610220e+002
  1.8937272e+002  3.8704312e+002
  1.8965415e+002  3.8797428e+002
  1.9034626e+002  3.8900130e+002
  1.9051588e+002  3.8996844e+002
  1.9120498e+002  3.9103398e+002
  1.9135940e+002  3.9195198e+002
  1.9150598e+002  3.9286750e+002
  1.9214343e+002  3.9391351e+002
  1.9218860e+002  3.9489921e+002
  1.9225188e+002  3.9589675e+002
  1.9233749e+002  3.9691029e+002
  1.9250497e+002  3.9791031e+002
  1.9328771e+002  3.9902280e+002
  1.9357935e+002  3.9993063e+002
  1.9444497e+002  4.0095572e+002
  1.9467735e+002  4.0185604e+002
  1.9542986e+002  4.0292000e+002
  1.9554912e+002  4.0385559e+002
  1.9619790e+002  4.0495684e+002
  1.9623044e+002  4.0592394e+002
  1.9628317e+002  4.0689913e+002
  1.9637529e+002  4.0784678e+002
