  1.9309056e+002  4.0910579e+002
  1.9328899e+002  4.1011098e+002
  1.9352317e+002  4.1112958e+002
  1.9429255e+002  4.1227136e+002
  1.9457743e+002  4.1318564e+002
  1.9554554e+002  4.1412121e+002
  1.9645096e+002  4.1509452e+002
  1.9673648e+002  4.1593430e+002
  1.9748105e+002  4.1707971e+002
  1.9766048e+002  4.1794869e+002
  1.9829863e+002  4.1907983e+002
  1.9840497e+002  4.1998037e+002
  1.9848232e+002  4.2091098e+002
  1.9849922e+002  4.2185619e+002
  1.9852825e+002  4.2279053e+002
  1.9913148e+002  4.2387705e+002
  1.9925238e+002  4.2474980e+002
  1.9941802e+002  4.2562120e+002
  1.9956690e+002  4.2651488e+002
  2.0033657e+002  4.2762250e+002
  2.0043019e+002  4.2852292e+002
  2.0052275e+002  4.2934777e+002
  2.0137891e+002  4.2956582e+002
  2.0158862e+002  4.3032334e+002
  2.0254920e+002  4.3051990e+002
  2.0375326e+002  4.3157969e+002
  2.0479370e+002  4.3280828e+002
  2.0567119e+002  4.3411057e+002
  2.0641454e+002  4.3531834e+002
  2.0658549e+002  4.3621832e+002
  2.0728562e+002  4.3730072e+002
  2.0742840e+002  4.3817140e+002
  2.0765326e+002  4.3866485e+002
  2.0838257e+002  4.3973709e+002
  2.0853332e+002  4.4066072e+002
  2.0933705e+002  4.4172480e+002
  2.0953406e+002  4.4262150e+002
  2.1039349e+002  4.4369002e+002
  2.1057229e+002  4.4453201e+002
  2.1148364e+002  4.4560204e+002
  2.1169470e+002  4.4639348e+002
  2.1241692e+002  4.4665585e+002
  2.1264328e+002  4.4745178e+002
  2.1336153e+002  4.4768316e+002
  2.1360008e+002  4.4849267e+002
  2.1429304e+002  4.4870008e+002
  2.1453726e+002  4.4950712e+002
  2.1550680e+002  4.5054854e+002
  2.1653890e+002  4.5166680e+002
  2.1759028e+002  4.5277975e+002
  2.1863708e+002  4.5386237e+002
  2.1959498e+002  4.5491980e+002
  2.2049618e+002  4.5591665e+002
  2.2071582e+002  4.5666314e+002
  2.2169186e+002  4.5756913e+002
  2.2267399e+002  4.5857299e+002
  2.2363339e+002  4.5965496e+002
  2.2457163e+002  4.6078328e+002
  2.2554303e+002  4.6183792e+002
  2.2661962e+002  4.6284629e+002
  2.2778435e+002  4.6383742e+002
  2.2887141e+002  4.6477967e+002
  2.2985795e+002  4.6565865e+002
  2.3080184e+002  4.6653507e+002
  2.3174418e+002  4.6748543e+002
  2.3248692e+002  4.6767720e+002
  2.3270646e+002  4.6850963e+002
  2.3389155e+002  4.6969872e+002
  2.3490611e+002  4.7051906e+002
  2.3593758e+002  4.7133545e+002
  2.3676193e+002  4.7150232e+002
  2.3767399e+002  4.7248737e+002
  2.3842170e+002  4.7267740e+002
  2.3845572e+002  4.7362591e+002
  2.3868460e+002  4.7466378e+002
  2.3950536e+002  4.7566529e+002
  2.4036044e+002  4.7671557e+002
  2.4045393e+002  4.7748990e+002
  2.4188950e+002  4.7888033e+002
  2.4298910e+002  4.7962321e+002
  2.4408421e+002  4.8029560e+002
  2.4495401e+002  4.8036315e+002
  2.4586186e+002  4.8046478e+002
  2.4678535e+002  4.8058853e+002
  2.4786350e+002  4.8139313e+002
  2.4873154e+002  4.8159861e+002
  2.4969681e+002  4.8257640e+002
  2.5070654e+002  4.8359514e+002
  2.5177546e+002  4.8463668e+002
  2.5282580e+002  4.8561101e+002
  2.5387558e+002  4.8649255e+002
  2.5473994e+002  4.8668731e+002
  2.5591127e+002  4.8747515e+002
  2.5680553e+002  4.8771390e+002
  2.5790114e+002  4.8859010e+002
  2.5889209e+002  4.8947329e+002
  2.5970220e+002  4.8968179e+002
  2.6068025e+002  4.9060053e+002
  2.6164856e+002  4.9163899e+002
  2.6256858e+002  4.9275931e+002
  2.6353897e+002  4.9373593e+002
  2.6471460e+002  4.9451776e+002
  2.6595954e+002  4.9523205e+002
  2.6694880e+002  4.9530152e+002
  2.6787123e+002  4.9539817e+002
  2.6874832e+002  4.9555205e+002
  2.6979308e+002  4.9637327e+002
  2.7072068e+002  4.9652395e+002
  2.7190256e+002  4.9725929e+002
  2.7290237e+002  4.9746567e+002
  2.7387404e+002  4.9770714e+002
  2.7487158e+002  4.9868200e+002
  2.7580053e+002  4.9970009e+002
  2.7670306e+002  5.0069219e+002
  2.7767518e+002  5.0165738e+002
  2.7870574e+002  5.0257831e+002
  2.7974878e+002  5.0346898e+002
  2.8061324e+002  5.0354387e+002
  2.8165276e+002  5.0441191e+002
  2.8260242e+002  5.0447058e+002
  2.8359468e+002  5.0456095e+002
  2.8465809e+002  5.0536193e+002
  2.8565964e+002  5.0548368e+002
  2.8663393e+002  5.0565124e+002
  2.8772547e+002  5.0645247e+002
  2.8869382e+002  5.0664783e+002
  2.8980216e+002  5.0750538e+002
  2.9089276e+002  5.0840473e+002
  2.9182929e+002  5.0868774e+002
  2.9280750e+002  5.0964174e+002
  2.9379894e+002  5.1056579e+002
  2.9485894e+002  5.1139220e+002
  2.9574805e+002  5.1145132e+002
  2.9668056e+002  5.1152512e+002
  2.9780520e+002  5.1223177e+002
  2.9878697e+002  5.1233458e+002
  2.9978699e+002  5.1247302e+002
  3.0074910e+002  5.1264102e+002
  3.0178868e+002  5.1341642e+002
  3.0273026e+002  5.1361735e+002
  3.0374713e+002  5.1443288e+002
  3.0469483e+002  5.1459220e+002
  3.0574965e+002  5.1531483e+002
  3.0674575e+002  5.1531469e+002
  3.0776314e+002  5.1523153e+002
  3.0880458e+002  5.1518567e+002
  3.0984847e+002  5.1525725e+002
  3.1084379e+002  5.1547060e+002
  3.1178731e+002  5.1581027e+002
  3.1273403e+002  5.1674061e+002
  3.1371836e+002  5.1763786e+002
  3.1477192e+002  5.1846896e+002
  3.1573767e+002  5.1851822e+002
  3.1683124e+002  5.1915411e+002
  3.1776678e+002  5.1915756e+002
  3.1866254e+002  5.1918890e+002
  3.1951095e+002  5.1931240e+002
  3.2035742e+002  5.1944338e+002
  3.2128974e+002  5.2021258e+002
  3.2247718e+002  5.2073411e+002
  3.2379546e+002  5.2106194e+002
  3.2518553e+002  5.2032056e+002
  3.2587601e+002  5.1971445e+002
  3.2675992e+002  5.1967819e+002
  3.2767341e+002  5.1964782e+002
  3.2861664e+002  5.1968026e+002
  3.3026795e+002  5.1981682e+002
  3.3117659e+002  5.2010941e+002
  3.3208286e+002  5.2035247e+002
  3.3290157e+002  5.2024198e+002
  3.3383798e+002  5.2038640e+002
  3.3476481e+002  5.2047772e+002
  3.3571724e+002  5.2056054e+002
  3.3666288e+002  5.2124237e+002
  3.3763741e+002  5.2125725e+002
  3.3865313e+002  5.2125532e+002
  3.3972578e+002  5.2127764e+002
  3.4081011e+002  5.2131363e+002
  3.4191092e+002  5.2133377e+002
  3.4304934e+002  5.2132276e+002
  3.4397287e+002  5.2123164e+002
  3.4488371e+002  5.2115867e+002
  3.4580130e+002  5.2109386e+002
  3.4711185e+002  5.2110853e+002
  3.4804995e+002  5.2113426e+002
  3.4900047e+002  5.2115173e+002
  3.4996773e+002  5.2121329e+002
  3.5094879e+002  5.2128698e+002
  3.5189945e+002  5.2138138e+002
  3.5283553e+002  5.2147593e+002
  3.5375935e+002  5.2155119e+002
  3.5465476e+002  5.2228945e+002
  3.5560694e+002  5.2227367e+002
  3.5719612e+002  5.2212937e+002
  3.5806950e+002  5.2196549e+002
  3.5894433e+002  5.2184403e+002
  3.5983491e+002  5.2177721e+002
  3.6073436e+002  5.2175624e+002
  3.6165605e+002  5.2174755e+002
  3.6261195e+002  5.2177806e+002
  3.6357664e+002  5.2180271e+002
  3.6458303e+002  5.2186181e+002
  3.6561003e+002  5.2196956e+002
  3.6695396e+002  5.2205141e+002
  3.6790090e+002  5.2214720e+002
  3.6887756e+002  5.2224416e+002
  3.6990835e+002  5.2230764e+002
  3.7094577e+002  5.2235911e+002
  3.7198862e+002  5.2239191e+002
  3.7301195e+002  5.2242125e+002
  3.7420088e+002  5.2240230e+002
  3.7517083e+002  5.2235434e+002
  3.7613597e+002  5.2232918e+002
  3.7713754e+002  5.2231225e+002
  3.7814781e+002  5.2227568e+002
  3.7916367e+002  5.2225742e+002
  3.8015400e+002  5.2220686e+002
  3.8110703e+002  5.2208823e+002
  3.8204512e+002  5.2198027e+002
  3.8295164e+002  5.2181290e+002
  3.8386403e+002  5.2165828e+002
  3.8476895e+002  5.2151575e+002
  3.8568174e+002  5.2138367e+002
  3.8679524e+002  5.2063315e+002
  3.8773266e+002  5.2051657e+002
  3.8866119e+002  5.2037985e+002
  3.8971765e+002  5.1962345e+002
  3.9065944e+002  5.1957304e+002
  3.9161898e+002  5.1958957e+002
  3.9259550e+002  5.1964537e+002
  3.9357222e+002  5.1972933e+002
  3.9452257e+002  5.1978267e+002
  3.9577234e+002  5.1982634e+002
  3.9653478e+002  5.1981159e+002
  3.9739003e+002  5.1971974e+002
  3.9840655e+002  5.1949471e+002
  3.9830621e+002  5.1860581e+002
  3.9933932e+002  5.1833205e+002
  3.9918038e+002  5.1734209e+002
  3.9917356e+002  5.1640469e+002
  3.9938477e+002  5.1559107e+002
  4.0067809e+002  5.1468757e+002
  4.0165431e+002  5.1443458e+002
  4.0281618e+002  5.1340780e+002
  4.0386091e+002  5.1237699e+002
  4.0459075e+002  5.1145310e+002
  4.0554257e+002  5.1024158e+002
  4.0642334e+002  5.0939588e+002
  4.0652040e+002  5.0856663e+002
  4.0788266e+002  5.0841770e+002
  4.0890445e+002  5.0757484e+002
  4.0971961e+002  5.0753900e+002
  4.1057608e+002  5.0754874e+002
  4.1149186e+002  5.0751783e+002
  4.1252628e+002  5.0658117e+002
  4.1343127e+002  5.0640354e+002
  4.1355775e+002  5.0558985e+002
  4.1444565e+002  5.0538941e+002
  4.1456357e+002  5.0456347e+002
  4.1581995e+002  5.0394694e+002
  4.1667966e+002  5.0297558e+002
  4.1747893e+002  5.0196587e+002
  4.1754595e+002  5.0102215e+002
  4.1825788e+002  4.9999901e+002
  4.1829102e+002  4.9909729e+002
  4.1839854e+002  4.9821395e+002
  4.1859797e+002  4.9733952e+002
  4.1950432e+002  4.9621623e+002
  4.2050087e+002  4.9518046e+002
  4.2158719e+002  4.9427633e+002
  4.2263842e+002  4.9337789e+002
  4.2346121e+002  4.9230037e+002
  4.2344749e+002  4.9129314e+002
  4.2346111e+002  4.9031240e+002
  4.2349700e+002  4.8935503e+002
  4.2364181e+002  4.8844033e+002
  4.2462859e+002  4.8737469e+002
  4.2566228e+002  4.8633202e+002
  4.2672642e+002  4.8531729e+002
  4.2774423e+002  4.8427924e+002
  4.2862713e+002  4.8316767e+002
  4.2934700e+002  4.8205866e+002
  4.2926918e+002  4.8105865e+002
  4.2922838e+002  4.8005455e+002
  4.2926471e+002  4.7907460e+002
  4.2937484e+002  4.7810232e+002
  4.2950453e+002  4.7714838e+002
  4.3040424e+002  4.7605499e+002
  4.3060618e+002  4.7510655e+002
  4.3161650e+002  4.7406576e+002
  4.3258640e+002  4.7315039e+002
  4.3343095e+002  4.7223488e+002
  4.3348179e+002  4.7132703e+002
  4.3347665e+002  4.7038139e+002
  4.3345924e+002  4.6940042e+002
  4.3341691e+002  4.6836855e+002
  4.3336877e+002  4.6733010e+002
  4.3335154e+002  4.6627385e+002
  4.3338886e+002  4.6521320e+002
  4.3348918e+002  4.6417204e+002
  4.3366380e+002  4.6317802e+002
  4.3454736e+002  4.6225541e+002
  4.3511053e+002  4.6118674e+002
  4.3510989e+002  4.6025725e+002
  4.3515692e+002  4.5931077e+002
  4.3521248e+002  4.5831726e+002
  4.3526910e+002  4.5727188e+002
  4.3529269e+002  4.5619127e+002
  4.3520194e+002  4.5502671e+002
  4.3512821e+002  4.5414225e+002
  4.3512439e+002  4.5324796e+002
  4.3520269e+002  4.5235020e+002
  4.3536470e+002  4.5117730e+002
  4.3548139e+002  4.5024768e+002
  4.3562524e+002  4.4928677e+002
  4.3648822e+002  4.4826946e+002
  4.3663716e+002  4.4725469e+002
  4.3757756e+002  4.4626507e+002
  4.3847899e+002  4.4526889e+002
  4.3845930e+002  4.4423606e+002
  4.3844468e+002  4.4318573e+002
  4.3837723e+002  4.4214733e+002
  4.3832465e+002  4.4109696e+002
  4.3824782e+002  4.4002355e+002
  4.3818028e+002  4.3902463e+002
  4.3815947e+002  4.3803072e+002
  4.3820516e+002  4.3706734e+002
  4.3830165e+002  4.3611402e+002
  4.3843951e+002  4.3516875e+002
  4.3859077e+002  4.3419833e+002
  4.3940938e+002  4.3324222e+002
  4.3950681e+002  4.3231060e+002
  4.4030105e+002  4.3142944e+002
  4.4030881e+002  4.3046178e+002
  4.4033062e+002  4.2947966e+002
  4.4041961e+002  4.2845482e+002
  4.4050176e+002  4.2701069e+002
  4.4123589e+002  4.2602769e+002
  4.4121714e+002  4.2509034e+002
  4.4112710e+002  4.2412083e+002
  4.4098203e+002  4.2314065e+002
  4.4082675e+002  4.2215471e+002
  4.4073769e+002  4.2117849e+002
  4.4072761e+002  4.2019165e+002
  4.4080146e+002  4.1917315e+002
  4.4084976e+002  4.1814768e+002
  4.4087637e+002  4.1708564e+002
  4.4084560e+002  4.1604134e+002
  4.4082939e+002  4.1499317e+002
  4.4080766e+002  4.1399472e+002
  4.4080238e+002  4.1305700e+002
  4.4080088e+002  4.1214591e+002
  4.4072941e+002  4.1123937e+002
  4.4055438e+002  4.1032910e+002
  4.4031456e+002  4.0940432e+002
  4.3916004e+002  4.0848044e+002
  4.3801944e+002  4.0748581e+002
  4.3704905e+002  4.0636902e+002
  4.3629753e+002  4.0515332e+002
  4.3564018e+002  4.0394572e+002
  4.3561261e+002  4.0294445e+002
  4.3568471e+002  4.0195584e+002
  4.3575371e+002  4.0096860e+002
  4.3581444e+002  4.0000107e+002
  4.3576017e+002  3.9904203e+002
  4.3563139e+002  3.9808704e+002
  4.3543484e+002  3.9711681e+002
  4.3466846e+002  3.9598215e+002
  4.3451506e+002  3.9499565e+002
  4.3441232e+002  3.9402225e+002
  4.3372970e+002  3.9293161e+002
  4.3372651e+002  3.9198042e+002
  4.3372521e+002  3.9104696e+002
  4.3366937e+002  3.9011102e+002
  4.3359464e+002  3.8916471e+002
  4.3347063e+002  3.8822279e+002
  4.3269107e+002  3.8709097e+002
  4.3256528e+002  3.8614731e+002
  4.3239925e+002  3.8520157e+002
  4.3163603e+002  3.8406843e+002
  4.3148925e+002  3.8311797e+002
  4.3075565e+002  3.8197279e+002
  4.3067036e+002  3.8101340e+002
  4.3060260e+002  3.8005970e+002
  4.3054764e+002  3.7910651e+002
  4.3049125e+002  3.7816731e+002
  4.2974669e+002  3.7710282e+002
  4.2968637e+002  3.7615452e+002
  4.2958505e+002  3.7520033e+002
  4.2948846e+002  3.7423441e+002
  4.2879682e+002  3.7311758e+002
  4.2870111e+002  3.7211197e+002
  4.2859452e+002  3.7109230e+002
  4.2852243e+002  3.7007194e+002
  4.2846611e+002  3.6904482e+002
  4.2773110e+002  3.6790108e+002
  4.2758373e+002  3.6696520e+002
  4.2737845e+002  3.6606286e+002
  4.2655138e+002  3.6500497e+002
  4.2638420e+002  3.6406975e+002
  4.2569338e+002  3.6293516e+002
  4.2554391e+002  3.6197282e+002
  4.2538562e+002  3.6100826e+002
  4.2467709e+002  3.5992218e+002
  4.2451340e+002  3.5898844e+002
  4.2434950e+002  3.5808422e+002
  4.2363119e+002  3.5702899e+002
  4.2346592e+002  3.5612933e+002
  4.2272532e+002  3.5500889e+002
  4.2257082e+002  3.5405868e+002
  4.2242767e+002  3.5310219e+002
  4.2161888e+002  3.5200560e+002
  4.2144374e+002  3.5107253e+002
  4.2063826e+002  3.5005031e+002
  4.2051230e+002  3.4910473e+002
  4.2042558e+002  3.4816545e+002
  4.1980208e+002  3.4705008e+002
  4.1972061e+002  3.4609585e+002
  4.1955131e+002  3.4513749e+002
  4.1934568e+002  3.4417783e+002
  4.1863465e+002  3.4301824e+002
  4.1846679e+002  3.4205474e+002
  4.1774860e+002  3.4097615e+002
  4.1760485e+002  3.4006239e+002
  4.1745345e+002  3.3917520e+002
  4.1661326e+002  3.3812668e+002
  4.1641722e+002  3.3722431e+002
  4.1560575e+002  3.3612834e+002
  4.1541081e+002  3.3519048e+002
  4.1454931e+002  3.3405831e+002
  4.1428669e+002  3.3315020e+002
  4.1333009e+002  3.3210892e+002
  4.1238380e+002  3.3106983e+002
  4.1155668e+002  3.3001608e+002
  4.1143262e+002  3.2907298e+002
  4.1086511e+002  3.2792889e+002
  4.1078327e+002  3.2695527e+002
  4.1064845e+002  3.2601887e+002
  4.1047469e+002  3.2509908e+002
  4.0971148e+002  3.2402318e+002
  4.0956223e+002  3.2310642e+002
  4.0943390e+002  3.2220133e+002
  4.0868304e+002  3.2112108e+002
  4.0851018e+002  3.2023101e+002
  4.0827321e+002  3.1934305e+002
  4.0735080e+002  3.1827220e+002
  4.0639177e+002  3.1722985e+002
  4.0543921e+002  3.1619043e+002
  4.0454571e+002  3.1512106e+002
  4.0436582e+002  3.1422755e+002
  4.0357389e+002  3.1311205e+002
  4.0346147e+002  3.1221985e+002
  4.0265285e+002  3.1115120e+002
  4.0252200e+002  3.1029035e+002
  4.0241235e+002  3.0941655e+002
  4.0164759e+002  3.0835056e+002
  4.0149312e+002  3.0744589e+002
  4.0070231e+002  3.0633595e+002
  4.0045054e+002  3.0542235e+002
  3.9964538e+002  3.0418290e+002
  3.9940777e+002  3.0330613e+002
  3.9857548e+002  3.0214912e+002
  3.9831080e+002  3.0135414e+002
  3.9735208e+002  3.0033525e+002
  3.9620655e+002  2.9931853e+002
  3.9519777e+002  2.9840422e+002
  3.9410574e+002  2.9743259e+002
  3.9299969e+002  2.9641034e+002
  3.9199614e+002  2.9538344e+002
  3.9093606e+002  2.9415229e+002
  3.9012120e+002  2.9305642e+002
  3.8928636e+002  2.9195205e+002
  3.8844548e+002  2.9119587e+002
  3.8760975e+002  2.9019392e+002
  3.8736728e+002  2.8934979e+002
  3.8659052e+002  2.8831718e+002
  3.8643151e+002  2.8748447e+002
  3.8571556e+002  2.8638641e+002
  3.8554329e+002  2.8556274e+002
  3.8467367e+002  2.8441918e+002
  3.8448055e+002  2.8365001e+002
  3.8372180e+002  2.8329286e+002
  3.8348322e+002  2.8262264e+002
  3.8228972e+002  2.8203681e+002
  3.8122567e+002  2.8119640e+002
  3.8023118e+002  2.8024575e+002
  3.7922871e+002  2.7926940e+002
  3.7819332e+002  2.7833464e+002
  3.7715872e+002  2.7740784e+002
  3.7617051e+002  2.7644571e+002
  3.7521128e+002  2.7541377e+002
  3.7431899e+002  2.7428909e+002
  3.7327852e+002  2.7313659e+002
  3.7227936e+002  2.7214235e+002
  3.7130925e+002  2.7116954e+002
  3.7036426e+002  2.7013345e+002
  3.6937651e+002  2.6908219e+002
  3.6831928e+002  2.6808895e+002
  3.6735543e+002  2.6718252e+002
  3.6651714e+002  2.6628155e+002
  3.6634415e+002  2.6556020e+002
  3.6570650e+002  2.6525662e+002
  3.6548261e+002  2.6447531e+002
  3.6409851e+002  2.6325611e+002
  3.6294511e+002  2.6260711e+002
  3.6208845e+002  2.6248657e+002
  3.6093690e+002  2.6173695e+002
  3.6010831e+002  2.6155418e+002
  3.5928490e+002  2.6133654e+002
  3.5831988e+002  2.6027811e+002
  3.5741703e+002  2.5915228e+002
  3.5630416e+002  2.5805564e+002
  3.5537733e+002  2.5723028e+002
  3.5440943e+002  2.5644691e+002
  3.5302415e+002  2.5531598e+002
  3.5193513e+002  2.5446076e+002
  3.5088681e+002  2.5367672e+002
  3.5002544e+002  2.5356713e+002
  3.4914355e+002  2.5348581e+002
  3.4797991e+002  2.5280379e+002
  3.4707873e+002  2.5261909e+002
  3.4622715e+002  2.5234014e+002
  3.4513434e+002  2.5127011e+002
  3.4412850e+002  2.5019977e+002
  3.4314710e+002  2.4928590e+002
  3.4206525e+002  2.4854758e+002
  3.4112434e+002  2.4847898e+002
  3.3990797e+002  2.4787442e+002
  3.3897365e+002  2.4776092e+002
  3.3808288e+002  2.4758578e+002
  3.3722708e+002  2.4734073e+002
  3.3618545e+002  2.4643261e+002
  3.3509136e+002  2.4553581e+002
  3.3421524e+002  2.4525040e+002
  3.3308141e+002  2.4444691e+002
  3.3194276e+002  2.4370478e+002
  3.3105320e+002  2.4351149e+002
  3.3017899e+002  2.4326498e+002
  3.2909471e+002  2.4253818e+002
  3.2822159e+002  2.4230349e+002
  3.2709010e+002  2.4162610e+002
  3.2617657e+002  2.4146155e+002
  3.2498263e+002  2.4083897e+002
  3.2404723e+002  2.4070434e+002
  3.2311438e+002  2.4056391e+002
  3.2218202e+002  2.4038296e+002
  3.2108878e+002  2.3965843e+002
  3.2011554e+002  2.3953860e+002
  3.1913686e+002  2.3943336e+002
  3.1802901e+002  2.3882363e+002
  3.1705589e+002  2.3871061e+002
  3.1607689e+002  2.3854470e+002
  3.1510270e+002  2.3833464e+002
  3.1403003e+002  2.3764484e+002
  3.1307526e+002  2.3745270e+002
  3.1199479e+002  2.3679758e+002
  3.1104598e+002  2.3665144e+002
  3.1011665e+002  2.3650546e+002
  3.0919910e+002  2.3636274e+002
  3.0819555e+002  2.3575883e+002
  3.0720325e+002  2.3581491e+002
  3.0613423e+002  2.3596255e+002
  3.0469118e+002  2.3607915e+002
  3.0380947e+002  2.3615175e+002
  3.0293819e+002  2.3617705e+002
  3.0205038e+002  2.3616600e+002
  3.0110537e+002  2.3612711e+002
  2.9978845e+002  2.3607548e+002
  2.9885545e+002  2.3595481e+002
  2.9792452e+002  2.3581243e+002
  2.9699533e+002  2.3566816e+002
  2.9607637e+002  2.3551536e+002
  2.9515334e+002  2.3538370e+002
  2.9413460e+002  2.3482827e+002
  2.9312093e+002  2.3482089e+002
  2.9188335e+002  2.3496835e+002
  2.9097457e+002  2.3512473e+002
  2.9004056e+002  2.3520953e+002
  2.8908247e+002  2.3517146e+002
  2.8809158e+002  2.3501992e+002
  2.8685338e+002  2.3489486e+002
  2.8585726e+002  2.3479097e+002
  2.8488084e+002  2.3472264e+002
  2.8394970e+002  2.3463895e+002
  2.8305331e+002  2.3456888e+002
  2.8214023e+002  2.3448692e+002
  2.8122982e+002  2.3411388e+002
  2.7948974e+002  2.3426874e+002
  2.7768040e+002  2.3465659e+002
  2.7676304e+002  2.3532490e+002
  2.7587799e+002  2.3549554e+002
  2.7499492e+002  2.3567075e+002
  2.7404601e+002  2.3628442e+002
  2.7314271e+002  2.3642015e+002
  2.7219789e+002  2.3654859e+002
  2.7104651e+002  2.3710973e+002
  2.6998590e+002  2.3720539e+002
  2.6890184e+002  2.3728109e+002
  2.6786839e+002  2.3737369e+002
  2.6688433e+002  2.3749428e+002
  2.6596494e+002  2.3770117e+002
  2.6498818e+002  2.3849665e+002
  2.6410548e+002  2.3877790e+002
  2.6311743e+002  2.3950601e+002
  2.6202985e+002  2.4012614e+002
  2.6098109e+002  2.4018350e+002
  2.5992557e+002  2.4015967e+002
  2.5888501e+002  2.4012006e+002
  2.5790347e+002  2.4011791e+002
  2.5698611e+002  2.4027256e+002
  2.5613675e+002  2.4057199e+002
  2.5516545e+002  2.4155304e+002
  2.5411965e+002  2.4249911e+002
  2.5321646e+002  2.4282354e+002
  2.5211308e+002  2.4358535e+002
  2.5100170e+002  2.4427741e+002
  2.5007736e+002  2.4442906e+002
  2.4917403e+002  2.4457312e+002
  2.4805260e+002  2.4545349e+002
  2.4719285e+002  2.4578242e+002
  2.4608493e+002  2.4681527e+002
  2.4503057e+002  2.4781093e+002
  2.4401427e+002  2.4873239e+002
  2.4296864e+002  2.4948516e+002
  2.4205751e+002  2.4963378e+002
  2.4089097e+002  2.5018444e+002
  2.3995328e+002  2.5028558e+002
  2.3902675e+002  2.5042091e+002
  2.3811641e+002  2.5058786e+002
  2.3701774e+002  2.5138847e+002
  2.3618486e+002  2.5161397e+002
  2.3522706e+002  2.5248150e+002
  2.3446219e+002  2.5273034e+002
  2.3345798e+002  2.5364657e+002
  2.3236507e+002  2.5457615e+002
  2.3125842e+002  2.5556893e+002
  2.3018922e+002  2.5652743e+002
  2.2909190e+002  2.5734825e+002
  2.2819119e+002  2.5750671e+002
  2.2695357e+002  2.5816036e+002
  2.2608685e+002  2.5835095e+002
  2.2529428e+002  2.5862221e+002
  2.2432066e+002  2.5969061e+002
  2.2319441e+002  2.6102602e+002
  2.2229018e+002  2.6201313e+002
  2.2138434e+002  2.6297638e+002
  2.2047165e+002  2.6394115e+002
  2.1951894e+002  2.6491273e+002
  2.1923125e+002  2.6561607e+002
  2.1822012e+002  2.6661849e+002
  2.1718859e+002  2.6764228e+002
  2.1616233e+002  2.6872819e+002
  2.1522848e+002  2.6973180e+002
  2.1429181e+002  2.7073635e+002
  2.1335913e+002  2.7179571e+002
  2.1242849e+002  2.7287516e+002
  2.1153428e+002  2.7393101e+002
  2.1133569e+002  2.7468533e+002
  2.1041285e+002  2.7571148e+002
  2.0948058e+002  2.7670749e+002
  2.0853132e+002  2.7776593e+002
  2.0823590e+002  2.7854854e+002
  2.0722340e+002  2.7964037e+002
  2.0619290e+002  2.8065444e+002
  2.0512713e+002  2.8163421e+002
  2.0406296e+002  2.8267566e+002
  2.0331066e+002  2.8342826e+002
  2.0223998e+002  2.8415963e+002
  2.0132125e+002  2.8521457e+002
  2.0069543e+002  2.8628660e+002
  2.0065994e+002  2.8712794e+002
  2.0061497e+002  2.8800658e+002
  2.0048927e+002  2.8889131e+002
  1.9985236e+002  2.9009539e+002
  1.9971425e+002  2.9101073e+002
  1.9953104e+002  2.9192003e+002
  1.9928487e+002  2.9276953e+002
  1.9839800e+002  2.9376224e+002
  1.9743143e+002  2.9466346e+002
  1.9658770e+002  2.9566524e+002
  1.9654090e+002  2.9655342e+002
  1.9660048e+002  2.9741082e+002
  1.9597893e+002  2.9845379e+002
  1.9506774e+002  2.9944571e+002
  1.9396950e+002  3.0045546e+002
  1.9264019e+002  3.0197753e+002
  1.9247904e+002  3.0272936e+002
  1.9161476e+002  3.0367206e+002
  1.9140508e+002  3.0433428e+002
  1.9068490e+002  3.0459736e+002
  1.9049015e+002  3.0526647e+002
  1.8940533e+002  3.0605802e+002
  1.8864710e+002  3.0714106e+002
  1.8856936e+002  3.0799540e+002
  1.8854691e+002  3.0887067e+002
  1.8847163e+002  3.0977898e+002
  1.8791023e+002  3.1089774e+002
  1.8783186e+002  3.1194097e+002
  1.8775123e+002  3.1301363e+002
  1.8768461e+002  3.1407529e+002
  1.8757436e+002  3.1507808e+002
  1.8732387e+002  3.1602668e+002
  1.8642458e+002  3.1708371e+002
  1.8549996e+002  3.1792435e+002
  1.8482541e+002  3.1876648e+002
  1.8474047e+002  3.1974580e+002
  1.8484417e+002  3.2080113e+002
  1.8512394e+002  3.2191044e+002
  1.8531501e+002  3.2326487e+002
  1.8541865e+002  3.2416610e+002
  1.8544015e+002  3.2516934e+002
  1.8547003e+002  3.2622470e+002
  1.8527205e+002  3.2761242e+002
  1.8445280e+002  3.2932589e+002
  1.8408329e+002  3.3023680e+002
  1.8401957e+002  3.3113519e+002
  1.8406174e+002  3.3202733e+002
  1.8413666e+002  3.3293851e+002
  1.8423581e+002  3.3444968e+002
  1.8437525e+002  3.3534520e+002
  1.8446725e+002  3.3623761e+002
  1.8458282e+002  3.3713935e+002
  1.8526809e+002  3.3795533e+002
  1.8546476e+002  3.3881923e+002
  1.8559398e+002  3.3965931e+002
  1.8622287e+002  3.4036953e+002
  1.8597303e+002  3.4140297e+002
  1.8560390e+002  3.4309200e+002
  1.8541604e+002  3.4399942e+002
  1.8476445e+002  3.4523712e+002
  1.8473600e+002  3.4620732e+002
  1.8474023e+002  3.4716951e+002
  1.8472979e+002  3.4813551e+002
  1.8464531e+002  3.4906829e+002
  1.8452750e+002  3.4995647e+002
  1.8450033e+002  3.5129874e+002
  1.8436524e+002  3.5217496e+002
  1.8399433e+002  3.5325946e+002
  1.8389724e+002  3.5427058e+002
  1.8373915e+002  3.5532935e+002
  1.8365145e+002  3.5640755e+002
  1.8370278e+002  3.5741949e+002
  1.8391583e+002  3.5838366e+002
  1.8420404e+002  3.5929521e+002
  1.8447082e+002  3.6015061e+002
  1.8458426e+002  3.6106838e+002
  1.8479383e+002  3.6182254e+002
  1.8443470e+002  3.6382283e+002
  1.8390024e+002  3.6517849e+002
  1.8377631e+002  3.6601811e+002
  1.8371810e+002  3.6693671e+002
  1.8367011e+002  3.6790750e+002
  1.8367601e+002  3.6947029e+002
  1.8392269e+002  3.7037438e+002
  1.8416684e+002  3.7121891e+002
  1.8440907e+002  3.7204975e+002
  1.8460711e+002  3.7289199e+002
  1.8513399e+002  3.7376898e+002
  1.8524198e+002  3.7471851e+002
  1.8529235e+002  3.7576933e+002
  1.8535492e+002  3.7688172e+002
  1.8539194e+002  3.7804372e+002
  1.8548601e+002  3.7912439e+002
  1.8566935e+002  3.8015781e+002
  1.8617774e+002  3.8113703e+002
  1.8639713e+002  3.8215975e+002
  1.8656409e+002  3.8319258e+002
  1.8696882e+002  3.8385098e+002
  1.8716054e+002  3.8531684e+002
  1.8741207e+002  3.8624011e+002
  1.8765546e+002  3.8715044e+002
  1.8830853e+002  3.8808196e+002
  1.8844541e+002  3.8903007e+002
  1.8854021e+002  3.9000028e+002
  1.8901700e+002  3.9099441e+002
  1.8914902e+002  3.9197915e+002
  1.8927411e+002  3.9297399e+002
  1.8940918e+002  3.9398136e+002
  1.8951006e+002  3.9497744e+002
  1.8995299e+002  3.9604480e+002
  1.9006424e+002  3.9704080e+002
  1.9021803e+002  3.9803240e+002
  1.9039747e+002  3.9901071e+002
  1.9059407e+002  3.9997944e+002
  1.9121644e+002  4.0108601e+002
  1.9138700e+002  4.0203141e+002
  1.9152844e+002  4.0296737e+002
  1.9213065e+002  4.0401895e+002
  1.9223573e+002  4.0499698e+002
  1.9234506e+002  4.0600778e+002
  1.9241608e+002  4.0701127e+002
