  1.9753861e+002  4.0484208e+002
  1.9822082e+002  4.0596393e+002
  1.9831770e+002  4.0700029e+002
  1.9842848e+002  4.0800248e+002
  1.9854693e+002  4.0897191e+002
  1.9924032e+002  4.1005063e+002
  1.9944759e+002  4.1099517e+002
  1.9969172e+002  4.1194246e+002
  2.0034871e+002  4.1303272e+002
  2.0058959e+002  4.1400091e+002
  2.0127703e+002  4.1509820e+002
  2.0143961e+002  4.1604996e+002
  2.0156593e+002  4.1695777e+002
  2.0233831e+002  4.1797071e+002
  2.0251346e+002  4.1880454e+002
  2.0341974e+002  4.1982784e+002
  2.0367829e+002  4.2065902e+002
  2.0466515e+002  4.2173764e+002
  2.0571550e+002  4.2283525e+002
  2.0675531e+002  4.2394743e+002
  2.0765156e+002  4.2507307e+002
  2.0840345e+002  4.2619671e+002
  2.0857910e+002  4.2709080e+002
  2.0928927e+002  4.2815591e+002
  2.0946046e+002  4.2901884e+002
  2.0963481e+002  4.2988011e+002
  2.1030598e+002  4.3096935e+002
  2.1045635e+002  4.3189710e+002
  2.1058056e+002  4.3282970e+002
  2.1129829e+002  4.3390522e+002
  2.1147665e+002  4.3480806e+002
  2.1166438e+002  4.3569458e+002
  2.1254496e+002  4.3671096e+002
  2.1345111e+002  4.3771916e+002
  2.1366291e+002  4.3854968e+002
  2.1454378e+002  4.3957175e+002
  2.1543383e+002  4.4066341e+002
  2.1565304e+002  4.4152916e+002
  2.1644294e+002  4.4274359e+002
  2.1661510e+002  4.4368407e+002
  2.1743437e+002  4.4484801e+002
  2.1764313e+002  4.4573010e+002
  2.1856215e+002  4.4677097e+002
  2.1949147e+002  4.4781636e+002
  2.1978355e+002  4.4857753e+002
  2.2079611e+002  4.4964105e+002
  2.2181788e+002  4.5069630e+002
  2.2282335e+002  4.5175124e+002
  2.2375585e+002  4.5272188e+002
  2.2468726e+002  4.5378638e+002
  2.2566501e+002  4.5485111e+002
  2.2674154e+002  4.5589969e+002
  2.2787588e+002  4.5689551e+002
  2.2895550e+002  4.5784163e+002
  2.2971767e+002  4.5882066e+002
  2.3045726e+002  4.5989971e+002
  2.3061790e+002  4.6077800e+002
  2.3142984e+002  4.6188252e+002
  2.3158838e+002  4.6274148e+002
  2.3238442e+002  4.6381329e+002
  2.3254546e+002  4.6462737e+002
  2.3336088e+002  4.6564885e+002
  2.3354498e+002  4.6641798e+002
  2.3419558e+002  4.6663107e+002
  2.3442075e+002  4.6741577e+002
  2.3534456e+002  4.6846834e+002
  2.3685342e+002  4.6978723e+002
  2.3790189e+002  4.7052807e+002
  2.3895471e+002  4.7133228e+002
  2.3975599e+002  4.7148837e+002
  2.4055114e+002  4.7161093e+002
  2.4146587e+002  4.7254839e+002
  2.4158038e+002  4.7341792e+002
  2.4226536e+002  4.7363339e+002
  2.4245592e+002  4.7456322e+002
  2.4268476e+002  4.7548186e+002
  2.4341477e+002  4.7572545e+002
  2.4374861e+002  4.7661937e+002
  2.4490712e+002  4.7753096e+002
  2.4613286e+002  4.7828844e+002
  2.4694966e+002  4.7841402e+002
  2.4776849e+002  4.7862212e+002
  2.4888679e+002  4.7959713e+002
  2.4992814e+002  4.8057024e+002
  2.5092178e+002  4.8155532e+002
  2.5194550e+002  4.8253394e+002
  2.5296603e+002  4.8354539e+002
  2.5399861e+002  4.8452407e+002
  2.5505215e+002  4.8540013e+002
  2.5588532e+002  4.8556350e+002
  2.5693315e+002  4.8634565e+002
  2.5779860e+002  4.8656042e+002
  2.5890101e+002  4.8739150e+002
  2.5979166e+002  4.8763070e+002
  2.6083975e+002  4.8855804e+002
  2.6180170e+002  4.8949403e+002
  2.6266275e+002  4.8963929e+002
  2.6364790e+002  4.9044802e+002
  2.6456328e+002  4.9049717e+002
  2.6551392e+002  4.9056751e+002
  2.6669808e+002  4.9130532e+002
  2.6771755e+002  4.9141875e+002
  2.6872420e+002  4.9161950e+002
  2.6980947e+002  4.9255605e+002
  2.7089464e+002  4.9346607e+002
  2.7181037e+002  4.9372259e+002
  2.7290374e+002  4.9450585e+002
  2.7396560e+002  4.9528748e+002
  2.7487456e+002  4.9546312e+002
  2.7579390e+002  4.9562975e+002
  2.7684253e+002  4.9642993e+002
  2.7775929e+002  4.9656256e+002
  2.7870031e+002  4.9738951e+002
  2.7957465e+002  4.9751767e+002
  2.8049429e+002  4.9833486e+002
  2.8150805e+002  4.9912828e+002
  2.8251839e+002  4.9923831e+002
  2.8359440e+002  4.9938436e+002
  2.8468288e+002  4.9955105e+002
  2.8584335e+002  5.0039145e+002
  2.8680223e+002  5.0062545e+002
  2.8776471e+002  5.0163211e+002
  2.8877562e+002  5.0257669e+002
  2.8988729e+002  5.0328943e+002
  2.9085030e+002  5.0326446e+002
  2.9181212e+002  5.0335722e+002
  2.9274709e+002  5.0356658e+002
  2.9376842e+002  5.0460379e+002
  2.9480220e+002  5.0555635e+002
  2.9589878e+002  5.0623502e+002
  2.9685221e+002  5.0621874e+002
  2.9781588e+002  5.0622700e+002
  2.9878434e+002  5.0629083e+002
  2.9976393e+002  5.0642840e+002
  3.0076193e+002  5.0659712e+002
  3.0188921e+002  5.0734854e+002
  3.0285303e+002  5.0755302e+002
  3.0388349e+002  5.0841028e+002
  3.0479964e+002  5.0855034e+002
  3.0576040e+002  5.0925685e+002
  3.0670515e+002  5.0925088e+002
  3.0765696e+002  5.0929677e+002
  3.0865153e+002  5.0941941e+002
  3.0967862e+002  5.0954414e+002
  3.1080658e+002  5.1030647e+002
  3.1181742e+002  5.1043089e+002
  3.1281030e+002  5.1053775e+002
  3.1375842e+002  5.1139458e+002
  3.1469526e+002  5.1147861e+002
  3.1564120e+002  5.1155879e+002
  3.1657892e+002  5.1231066e+002
  3.1760014e+002  5.1234361e+002
  3.1867779e+002  5.1239935e+002
  3.1977444e+002  5.1246821e+002
  3.2088335e+002  5.1257263e+002
  3.2204765e+002  5.1316571e+002
  3.2311194e+002  5.1318737e+002
  3.2412542e+002  5.1318768e+002
  3.2508299e+002  5.1319275e+002
  3.2601176e+002  5.1327260e+002
  3.2693825e+002  5.1340262e+002
  3.2789255e+002  5.1353733e+002
  3.2896059e+002  5.1418722e+002
  3.2992772e+002  5.1437967e+002
  3.3087188e+002  5.1454328e+002
  3.3181848e+002  5.1536823e+002
  3.3272769e+002  5.1547538e+002
  3.3365518e+002  5.1550998e+002
  3.3456342e+002  5.1621598e+002
  3.3551150e+002  5.1623719e+002
  3.3651686e+002  5.1629864e+002
  3.3758279e+002  5.1635990e+002
  3.3863619e+002  5.1644599e+002
  3.3967707e+002  5.1651675e+002
  3.4100456e+002  5.1720490e+002
  3.4195607e+002  5.1723447e+002
  3.4292961e+002  5.1719297e+002
  3.4391194e+002  5.1710193e+002
  3.4485753e+002  5.1701340e+002
  3.4576800e+002  5.1688433e+002
  3.4670114e+002  5.1697994e+002
  3.4802391e+002  5.1711361e+002
  3.4887327e+002  5.1728530e+002
  3.4979751e+002  5.1743862e+002
  3.5076409e+002  5.1756899e+002
  3.5177883e+002  5.1828232e+002
  3.5278086e+002  5.1837016e+002
  3.5377947e+002  5.1843214e+002
  3.5533068e+002  5.1839123e+002
  3.5624875e+002  5.1825300e+002
  3.5714210e+002  5.1814053e+002
  3.5806839e+002  5.1806109e+002
  3.5900837e+002  5.1797819e+002
  3.5997292e+002  5.1789740e+002
  3.6093146e+002  5.1783732e+002
  3.6188444e+002  5.1779572e+002
  3.6283443e+002  5.1775427e+002
  3.6380892e+002  5.1769015e+002
  3.6478298e+002  5.1762532e+002
  3.6578174e+002  5.1755522e+002
  3.6676767e+002  5.1752822e+002
  3.6772266e+002  5.1750371e+002
  3.6864410e+002  5.1749748e+002
  3.6960202e+002  5.1675159e+002
  3.7056069e+002  5.1669589e+002
  3.7158499e+002  5.1663838e+002
  3.7266196e+002  5.1660478e+002
  3.7413018e+002  5.1669527e+002
  3.7504017e+002  5.1681660e+002
  3.7594310e+002  5.1701193e+002
  3.7687551e+002  5.1717049e+002
  3.7781598e+002  5.1729879e+002
  3.7877296e+002  5.1731152e+002
  3.7973393e+002  5.1731647e+002
  3.8068789e+002  5.1727912e+002
  3.8201333e+002  5.1719838e+002
  3.8303908e+002  5.1709821e+002
  3.8402873e+002  5.1703564e+002
  3.8500959e+002  5.1699284e+002
  3.8594266e+002  5.1697037e+002
  3.8690161e+002  5.1689392e+002
  3.8787274e+002  5.1672304e+002
  3.8881934e+002  5.1648803e+002
  3.8970621e+002  5.1543537e+002
  3.9054999e+002  5.1428791e+002
  3.9146147e+002  5.1315435e+002
  3.9158950e+002  5.1230077e+002
  3.9272571e+002  5.1141549e+002
  3.9383925e+002  5.1066306e+002
  3.9476221e+002  5.1070950e+002
  3.9566095e+002  5.1076090e+002
  3.9661788e+002  5.1078817e+002
  3.9760667e+002  5.1086427e+002
  3.9838180e+002  5.1044213e+002
  3.9849972e+002  5.0971337e+002
  3.9954534e+002  5.0897520e+002
  4.0044166e+002  5.0889658e+002
  4.0142651e+002  5.0774900e+002
  4.0235875e+002  5.0746165e+002
  4.0251463e+002  5.0651426e+002
  4.0354503e+002  5.0599639e+002
  4.0439652e+002  5.0497584e+002
  4.0461320e+002  5.0412803e+002
  4.0562060e+002  5.0327164e+002
  4.0675409e+002  5.0232027e+002
  4.0781773e+002  5.0148465e+002
  4.0885648e+002  5.0061515e+002
  4.0969053e+002  5.0053989e+002
  4.1058111e+002  5.0051752e+002
  4.1148868e+002  5.0048842e+002
  4.1161841e+002  4.9971486e+002
  4.1258229e+002  4.9963571e+002
  4.1353575e+002  4.9953183e+002
  4.1446779e+002  4.9941467e+002
  4.1460276e+002  4.9858005e+002
  4.1549648e+002  4.9843839e+002
  4.1594675e+002  4.9725511e+002
  4.1677234e+002  4.9621327e+002
  4.1768559e+002  4.9513042e+002
  4.1862320e+002  4.9408158e+002
  4.1960006e+002  4.9313117e+002
  4.2059915e+002  4.9222874e+002
  4.2160765e+002  4.9127898e+002
  4.2247956e+002  4.9021962e+002
  4.2258014e+002  4.8926467e+002
  4.2333324e+002  4.8813830e+002
  4.2341878e+002  4.8719484e+002
  4.2347994e+002  4.8626478e+002
  4.2356611e+002  4.8535458e+002
  4.2453169e+002  4.8436293e+002
  4.2557976e+002  4.8345010e+002
  4.2666920e+002  4.8249668e+002
  4.2775676e+002  4.8142770e+002
  4.2873406e+002  4.8022338e+002
  4.2958099e+002  4.7902125e+002
  4.3040449e+002  4.7789965e+002
  4.3052548e+002  4.7695147e+002
  4.3136948e+002  4.7593370e+002
  4.3155525e+002  4.7501969e+002
  4.3243347e+002  4.7407874e+002
  4.3252615e+002  4.7318970e+002
  4.3323070e+002  4.7216068e+002
  4.3325992e+002  4.7120304e+002
  4.3328819e+002  4.7023496e+002
  4.3336406e+002  4.6925795e+002
  4.3343459e+002  4.6826447e+002
  4.3349843e+002  4.6726228e+002
  4.3352697e+002  4.6627603e+002
  4.3439885e+002  4.6526396e+002
  4.3452473e+002  4.6440464e+002
  4.3557225e+002  4.6359144e+002
  4.3644235e+002  4.6354502e+002
  4.3654514e+002  4.6260248e+002
  4.3740673e+002  4.6241800e+002
  4.3744204e+002  4.6138351e+002
  4.3751116e+002  4.6033210e+002
  4.3845537e+002  4.5915838e+002
  4.3852840e+002  4.5811431e+002
  4.3938405e+002  4.5692904e+002
  4.3940966e+002  4.5588239e+002
  4.3941590e+002  4.5489703e+002
  4.3949269e+002  4.5398958e+002
  4.3964476e+002  4.5310781e+002
  4.4060928e+002  4.5204714e+002
  4.4152238e+002  4.5098111e+002
  4.4238131e+002  4.4992001e+002
  4.4257657e+002  4.4899594e+002
  4.4334898e+002  4.4795885e+002
  4.4342867e+002  4.4706702e+002
  4.4345420e+002  4.4618091e+002
  4.4343022e+002  4.4529680e+002
  4.4338778e+002  4.4437652e+002
  4.4334702e+002  4.4340548e+002
  4.4327127e+002  4.4235713e+002
  4.4323488e+002  4.4097868e+002
  4.4318025e+002  4.4003907e+002
  4.4314341e+002  4.3910031e+002
  4.4310482e+002  4.3804352e+002
  4.4314576e+002  4.3700154e+002
  4.4324901e+002  4.3598456e+002
  4.4336895e+002  4.3497592e+002
  4.4346896e+002  4.3400076e+002
  4.4353379e+002  4.3306507e+002
  4.4419272e+002  4.3209380e+002
  4.4417364e+002  4.3114620e+002
  4.4414511e+002  4.3017506e+002
  4.4414552e+002  4.2917822e+002
  4.4415667e+002  4.2816646e+002
  4.4418595e+002  4.2713992e+002
  4.4419420e+002  4.2611405e+002
  4.4417589e+002  4.2507175e+002
  4.4415515e+002  4.2384980e+002
  4.4408244e+002  4.2285430e+002
  4.4401077e+002  4.2186969e+002
  4.4394762e+002  4.2087446e+002
  4.4390869e+002  4.1986903e+002
  4.4393256e+002  4.1887747e+002
  4.4397555e+002  4.1788937e+002
  4.4401173e+002  4.1689636e+002
  4.4402409e+002  4.1590371e+002
  4.4398992e+002  4.1491712e+002
  4.4397164e+002  4.1393226e+002
  4.4394245e+002  4.1295305e+002
  4.4395112e+002  4.1197360e+002
  4.4396775e+002  4.1099403e+002
  4.4398201e+002  4.1001296e+002
  4.4399380e+002  4.0904297e+002
  4.4397019e+002  4.0808546e+002
  4.4390546e+002  4.0711505e+002
  4.4382625e+002  4.0613660e+002
  4.4376762e+002  4.0512115e+002
  4.4373984e+002  4.0408705e+002
  4.4373642e+002  4.0303155e+002
  4.4379841e+002  4.0196694e+002
  4.4385109e+002  4.0102664e+002
  4.4391257e+002  4.0010658e+002
  4.4393694e+002  3.9912921e+002
  4.4389297e+002  3.9810224e+002
  4.4369111e+002  3.9686437e+002
  4.4344784e+002  3.9593707e+002
  4.4268973e+002  3.9494930e+002
  4.4253190e+002  3.9399254e+002
  4.4244219e+002  3.9304291e+002
  4.4185242e+002  3.9201276e+002
  4.4182323e+002  3.9106205e+002
  4.4180245e+002  3.9010036e+002
  4.4179884e+002  3.8910265e+002
  4.4175759e+002  3.8806881e+002
  4.4167382e+002  3.8701064e+002
  4.4156789e+002  3.8597765e+002
  4.4144788e+002  3.8498945e+002
  4.4079412e+002  3.8397725e+002
  4.4069436e+002  3.8302552e+002
  4.4063118e+002  3.8207763e+002
  4.4058576e+002  3.8110020e+002
  4.4055037e+002  3.8009088e+002
  4.4053788e+002  3.7906714e+002
  4.4053466e+002  3.7805191e+002
  4.4052850e+002  3.7706006e+002
  4.4042471e+002  3.7609387e+002
  4.3970313e+002  3.7500458e+002
  4.3944627e+002  3.7410553e+002
  4.3847043e+002  3.7315066e+002
  4.3751953e+002  3.7218642e+002
  4.3739350e+002  3.7124659e+002
  4.3669672e+002  3.7013985e+002
  4.3667596e+002  3.6917512e+002
  4.3662660e+002  3.6821217e+002
  4.3654237e+002  3.6725099e+002
  4.3640197e+002  3.6627172e+002
  4.3560676e+002  3.6510733e+002
  4.3534584e+002  3.6416282e+002
  4.3446610e+002  3.6312366e+002
  4.3366309e+002  3.6211265e+002
  4.3352010e+002  3.6114695e+002
  4.3342221e+002  3.6015922e+002
  4.3275650e+002  3.5904414e+002
  4.3269060e+002  3.5802696e+002
  4.3262361e+002  3.5703284e+002
  4.3253943e+002  3.5607377e+002
  4.3238997e+002  3.5512748e+002
  4.3165135e+002  3.5406914e+002
  4.3144635e+002  3.5309885e+002
  4.3073400e+002  3.5196790e+002
  4.3053353e+002  3.5097057e+002
  4.3033786e+002  3.5001987e+002
  4.2956536e+002  3.4895374e+002
  4.2932904e+002  3.4806371e+002
  4.2854476e+002  3.4701483e+002
  4.2831764e+002  3.4611998e+002
  4.2758283e+002  3.4501242e+002
  4.2737192e+002  3.4409502e+002
  4.2666211e+002  3.4299255e+002
  4.2647433e+002  3.4204051e+002
  4.2583311e+002  3.4094704e+002
  4.2566523e+002  3.4001800e+002
  4.2547803e+002  3.3908755e+002
  4.2478033e+002  3.3797782e+002
  4.2460807e+002  3.3703529e+002
  4.2444271e+002  3.3609684e+002
  4.2378857e+002  3.3502233e+002
  4.2363104e+002  3.3409922e+002
  4.2345847e+002  3.3319449e+002
  4.2273149e+002  3.3211485e+002
  4.2254970e+002  3.3121416e+002
  4.2232551e+002  3.3035076e+002
  4.2144993e+002  3.2931572e+002
  4.2047267e+002  3.2829278e+002
  4.1949886e+002  3.2723317e+002
  4.1857654e+002  3.2609684e+002
  4.1834812e+002  3.2514628e+002
  4.1760866e+002  3.2396385e+002
  4.1743252e+002  3.2302999e+002
  4.1671210e+002  3.2193397e+002
  4.1648498e+002  3.2100310e+002
  4.1580797e+002  3.1986129e+002
  4.1565965e+002  3.1892209e+002
  4.1550816e+002  3.1799046e+002
  4.1530910e+002  3.1711168e+002
  4.1449445e+002  3.1602638e+002
  4.1351940e+002  3.1503804e+002
  4.1314183e+002  3.1422200e+002
  4.1217881e+002  3.1322252e+002
  4.1125417e+002  3.1220941e+002
  4.1039147e+002  3.1114424e+002
  4.0953790e+002  3.1004085e+002
  4.0935098e+002  3.0918643e+002
  4.0860316e+002  3.0803956e+002
  4.0846576e+002  3.0715933e+002
  4.0776250e+002  3.0603209e+002
  4.0759377e+002  3.0514347e+002
  4.0738888e+002  3.0427402e+002
  4.0657602e+002  3.0316649e+002
  4.0626853e+002  3.0235404e+002
  4.0521753e+002  3.0136090e+002
  4.0407520e+002  3.0039390e+002
  4.0303833e+002  2.9939699e+002
  4.0215996e+002  2.9832511e+002
  4.0138584e+002  2.9723237e+002
  4.0058364e+002  2.9615033e+002
  4.0038306e+002  2.9533761e+002
  3.9959014e+002  2.9427145e+002
  3.9937923e+002  2.9346350e+002
  3.9855595e+002  2.9245140e+002
  3.9833353e+002  2.9165326e+002
  3.9756145e+002  2.9154503e+002
  3.9598244e+002  2.9015452e+002
  3.9495087e+002  2.8936778e+002
  3.9391539e+002  2.8871825e+002
  3.9310655e+002  2.8874085e+002
  3.9233753e+002  2.8867732e+002
  3.9158684e+002  2.8844298e+002
  3.9069676e+002  2.8704456e+002
  3.8993705e+002  2.8619073e+002
  3.8921206e+002  2.8521201e+002
  3.8846456e+002  2.8421491e+002
  3.8767414e+002  2.8322667e+002
  3.8748103e+002  2.8235984e+002
  3.8669420e+002  2.8133420e+002
  3.8644926e+002  2.8051364e+002
  3.8585444e+002  2.8027434e+002
  3.8557685e+002  2.7950515e+002
  3.8426948e+002  2.7806219e+002
  3.8332524e+002  2.7716155e+002
  3.8226788e+002  2.7642413e+002
  3.8107972e+002  2.7572099e+002
  3.8024937e+002  2.7556616e+002
  3.7945917e+002  2.7535529e+002
  3.7842558e+002  2.7425479e+002
  3.7743468e+002  2.7309031e+002
  3.7629252e+002  2.7184625e+002
  3.7544526e+002  2.7089643e+002
  3.7452755e+002  2.6995857e+002
  3.7426399e+002  2.6932098e+002
  3.7313397e+002  2.6844485e+002
  3.7200558e+002  2.6747637e+002
  3.7096796e+002  2.6640789e+002
  3.6996396e+002  2.6536071e+002
  3.6887566e+002  2.6446644e+002
  3.6773965e+002  2.6373998e+002
  3.6688471e+002  2.6353795e+002
  3.6604125e+002  2.6333335e+002
  3.6494942e+002  2.6255800e+002
  3.6411226e+002  2.6231382e+002
  3.6304057e+002  2.6149637e+002
  3.6196548e+002  2.6063989e+002
  3.6112738e+002  2.6040786e+002
  3.6009593e+002  2.5948639e+002
  3.5906639e+002  2.5859787e+002
  3.5824400e+002  2.5839247e+002
  3.5719017e+002  2.5751562e+002
  3.5635502e+002  2.5726650e+002
  3.5520218e+002  2.5638739e+002
  3.5403508e+002  2.5550305e+002
  3.5317387e+002  2.5529438e+002
  3.5212981e+002  2.5441220e+002
  3.5112434e+002  2.5355540e+002
  3.5029481e+002  2.5338028e+002
  3.4914298e+002  2.5261441e+002
  3.4823593e+002  2.5243936e+002
  3.4706517e+002  2.5157201e+002
  3.4622726e+002  2.5128749e+002
  3.4517174e+002  2.5030324e+002
  3.4413013e+002  2.4937812e+002
  3.4307392e+002  2.4857411e+002
  3.4215665e+002  2.4845188e+002
  3.4100489e+002  2.4784441e+002
  3.4002803e+002  2.4779817e+002
  3.3906334e+002  2.4771140e+002
  3.3813405e+002  2.4755314e+002
  3.3722799e+002  2.4732396e+002
  3.3614035e+002  2.4645655e+002
  3.3506646e+002  2.4556015e+002
  3.3417451e+002  2.4529565e+002
  3.3309727e+002  2.4451992e+002
  3.3217508e+002  2.4437752e+002
  3.3110414e+002  2.4366728e+002
  3.3022557e+002  2.4349679e+002
  3.2912997e+002  2.4274267e+002
  3.2821292e+002  2.4254558e+002
  3.2726971e+002  2.4234849e+002
  3.2607111e+002  2.4172272e+002
  3.2512712e+002  2.4154299e+002
  3.2420425e+002  2.4132090e+002
  3.2312000e+002  2.4050537e+002
  3.2219625e+002  2.4027122e+002
  3.2107045e+002  2.3961934e+002
  3.2009856e+002  2.3957435e+002
  3.1911551e+002  2.3953595e+002
  3.1813204e+002  2.3941146e+002
  3.1700249e+002  2.3875938e+002
  3.1601714e+002  2.3852136e+002
  3.1505575e+002  2.3826663e+002
  3.1398253e+002  2.3760573e+002
  3.1304538e+002  2.3742293e+002
  3.1196396e+002  2.3682774e+002
  3.1100356e+002  2.3669667e+002
  3.1003762e+002  2.3659734e+002
  3.0905481e+002  2.3652590e+002
  3.0805438e+002  2.3648483e+002
  3.0694713e+002  2.3601669e+002
  3.0590273e+002  2.3605178e+002
  3.0475495e+002  2.3616445e+002
  3.0382513e+002  2.3624885e+002
  3.0289671e+002  2.3631703e+002
  3.0193307e+002  2.3634154e+002
  3.0101475e+002  2.3630181e+002
  2.9960375e+002  2.3616244e+002
  2.9869050e+002  2.3601993e+002
  2.9780212e+002  2.3587118e+002
  2.9692192e+002  2.3571918e+002
  2.9604436e+002  2.3560179e+002
  2.9515805e+002  2.3554367e+002
  2.9423822e+002  2.3553962e+002
  2.9325894e+002  2.3554707e+002
  2.9174545e+002  2.3566724e+002
  2.9081558e+002  2.3583519e+002
  2.8989678e+002  2.3599680e+002
  2.8898664e+002  2.3612548e+002
  2.8806163e+002  2.3621062e+002
  2.8710057e+002  2.3622438e+002
  2.8610454e+002  2.3619082e+002
  2.8507080e+002  2.3610937e+002
  2.8372741e+002  2.3605172e+002
  2.8280628e+002  2.3600469e+002
  2.8190451e+002  2.3593309e+002
  2.8101341e+002  2.3587477e+002
  2.8011462e+002  2.3585783e+002
  2.7918496e+002  2.3591838e+002
  2.7768505e+002  2.3606145e+002
  2.7673976e+002  2.3627214e+002
  2.7581747e+002  2.3646807e+002
  2.7489949e+002  2.3666826e+002
  2.7392267e+002  2.3733294e+002
  2.7301553e+002  2.3751431e+002
  2.7204218e+002  2.3818462e+002
  2.7109868e+002  2.3827364e+002
  2.7012027e+002  2.3829139e+002
  2.6909682e+002  2.3827353e+002
  2.6804946e+002  2.3824017e+002
  2.6698494e+002  2.3825342e+002
  2.6584107e+002  2.3830210e+002
  2.6491164e+002  2.3838841e+002
  2.6391522e+002  2.3850433e+002
  2.6294388e+002  2.3908033e+002
  2.6196194e+002  2.3924590e+002
  2.6097157e+002  2.3938035e+002
  2.5997476e+002  2.3945866e+002
  2.5898540e+002  2.3946469e+002
  2.5801948e+002  2.3947681e+002
  2.5705606e+002  2.3954812e+002
  2.5600795e+002  2.4013246e+002
  2.5506670e+002  2.4038264e+002
  2.5412679e+002  2.4064299e+002
  2.5311664e+002  2.4137328e+002
  2.5211433e+002  2.4149488e+002
  2.5108226e+002  2.4156588e+002
  2.4987311e+002  2.4204428e+002
  2.4889220e+002  2.4214180e+002
  2.4794922e+002  2.4235589e+002
  2.4701869e+002  2.4268004e+002
  2.4604131e+002  2.4364588e+002
  2.4510488e+002  2.4456576e+002
  2.4409822e+002  2.4539117e+002
  2.4315375e+002  2.4565326e+002
  2.4197860e+002  2.4630234e+002
  2.4097714e+002  2.4645348e+002
  2.4000310e+002  2.4657096e+002
  2.3889207e+002  2.4713909e+002
  2.3796813e+002  2.4727545e+002
  2.3705764e+002  2.4740358e+002
  2.3614022e+002  2.4755080e+002
  2.3506244e+002  2.4819674e+002
  2.3410623e+002  2.4837455e+002
  2.3314666e+002  2.4858131e+002
  2.3211436e+002  2.4937063e+002
  2.3118679e+002  2.4960705e+002
  2.3016430e+002  2.5035358e+002
  2.2921755e+002  2.5057493e+002
  2.2804787e+002  2.5133189e+002
  2.2711695e+002  2.5166645e+002
  2.2606270e+002  2.5257616e+002
  2.2506803e+002  2.5349337e+002
  2.2424001e+002  2.5372262e+002
  2.2318009e+002  2.5450923e+002
  2.2212194e+002  2.5536206e+002
  2.2134081e+002  2.5561330e+002
  2.2034551e+002  2.5657477e+002
  2.1932697e+002  2.5751171e+002
  2.1829165e+002  2.5842856e+002
  2.1748989e+002  2.5870853e+002
  2.1649550e+002  2.5967285e+002
  2.1547053e+002  2.6072173e+002
  2.1437723e+002  2.6177168e+002
  2.1319341e+002  2.6275241e+002
  2.1206239e+002  2.6366271e+002
  2.1102331e+002  2.6465242e+002
  2.1011101e+002  2.6563580e+002
  2.0898082e+002  2.6680386e+002
  2.0813795e+002  2.6781498e+002
  2.0735556e+002  2.6884336e+002
  2.0657351e+002  2.6985425e+002
  2.0642542e+002  2.7060967e+002
  2.0543661e+002  2.7154031e+002
  2.0437677e+002  2.7255399e+002
  2.0326633e+002  2.7384002e+002
  2.0239431e+002  2.7488364e+002
  2.0133967e+002  2.7611237e+002
  2.0045699e+002  2.7722239e+002
  1.9961008e+002  2.7830474e+002
  1.9936803e+002  2.7911227e+002
  1.9862737e+002  2.8020016e+002
  1.9844351e+002  2.8105169e+002
  1.9771557e+002  2.8208585e+002
  1.9751821e+002  2.8291463e+002
  1.9732826e+002  2.8375019e+002
  1.9666127e+002  2.8480795e+002
  1.9660645e+002  2.8568807e+002
  1.9656638e+002  2.8658800e+002
  1.9651391e+002  2.8753246e+002
  1.9641226e+002  2.8850431e+002
  1.9567066e+002  2.8969947e+002
  1.9546324e+002  2.9063412e+002
  1.9431871e+002  2.9158797e+002
  1.9304869e+002  2.9248661e+002
  1.9231969e+002  2.9268015e+002
  1.9145888e+002  2.9386614e+002
  1.9093874e+002  2.9520360e+002
  1.9094617e+002  2.9618552e+002
  1.9087986e+002  2.9716486e+002
  1.9073132e+002  2.9813844e+002
  1.9052375e+002  2.9911092e+002
  1.9031957e+002  3.0008729e+002
  1.8958273e+002  3.0121568e+002
  1.8928784e+002  3.0209974e+002
  1.8847355e+002  3.0311499e+002
  1.8769046e+002  3.0412471e+002
  1.8741967e+002  3.0499863e+002
  1.8675053e+002  3.0604265e+002
  1.8659977e+002  3.0698964e+002
  1.8651735e+002  3.0796922e+002
  1.8648737e+002  3.0899603e+002
  1.8611416e+002  3.1017568e+002
  1.8605978e+002  3.1120898e+002
  1.8593684e+002  3.1222806e+002
  1.8573574e+002  3.1320662e+002
  1.8554329e+002  3.1415847e+002
  1.8534957e+002  3.1506710e+002
  1.8474163e+002  3.1602136e+002
  1.8456565e+002  3.1690131e+002
  1.8440011e+002  3.1779534e+002
  1.8386342e+002  3.1880157e+002
  1.8387174e+002  3.1978913e+002
  1.8400048e+002  3.2082071e+002
  1.8420259e+002  3.2227869e+002
  1.8436028e+002  3.2317900e+002
  1.8449950e+002  3.2405024e+002
  1.8455793e+002  3.2494254e+002
  1.8497230e+002  3.2581260e+002
  1.8486150e+002  3.2677883e+002
  1.8473077e+002  3.2840573e+002
  1.8460416e+002  3.2928950e+002
  1.8446984e+002  3.3018547e+002
  1.8393007e+002  3.3103529e+002
  1.8391014e+002  3.3199886e+002
  1.8397493e+002  3.3300133e+002
  1.8416542e+002  3.3429084e+002
  1.8439139e+002  3.3519243e+002
  1.8454311e+002  3.3610845e+002
  1.8505845e+002  3.3702995e+002
  1.8502812e+002  3.3796177e+002
  1.8492600e+002  3.3891569e+002
  1.8482443e+002  3.3989803e+002
  1.8478429e+002  3.4102403e+002
  1.8474123e+002  3.4195801e+002
  1.8471839e+002  3.4290620e+002
  1.8471707e+002  3.4389908e+002
  1.8479539e+002  3.4524601e+002
  1.8501137e+002  3.4622215e+002
  1.8526904e+002  3.4714541e+002
  1.8550894e+002  3.4805732e+002
  1.8606906e+002  3.4897584e+002
  1.8604674e+002  3.4995615e+002
  1.8589690e+002  3.5099746e+002
  1.8570782e+002  3.5210607e+002
  1.8562010e+002  3.5300304e+002
  1.8557141e+002  3.5392732e+002
  1.8561844e+002  3.5489381e+002
  1.8579822e+002  3.5616259e+002
  1.8608302e+002  3.5713618e+002
  1.8634447e+002  3.5810867e+002
  1.8654288e+002  3.5907830e+002
  1.8709058e+002  3.6012743e+002
  1.8716293e+002  3.6110197e+002
  1.8716037e+002  3.6207695e+002
  1.8716852e+002  3.6306242e+002
  1.8717917e+002  3.6404887e+002
  1.8716831e+002  3.6506323e+002
  1.8716842e+002  3.6607493e+002
  1.8717633e+002  3.6708783e+002
  1.8725445e+002  3.6809064e+002
  1.8738372e+002  3.6907994e+002
  1.8757499e+002  3.7005257e+002
  1.8820958e+002  3.7109702e+002
  1.8838473e+002  3.7206720e+002
  1.8851788e+002  3.7303168e+002
  1.8907457e+002  3.7402822e+002
  1.8914858e+002  3.7498026e+002
  1.8924861e+002  3.7592413e+002
  1.8938650e+002  3.7688156e+002
  1.8952449e+002  3.7787249e+002
  1.9005213e+002  3.7892180e+002
  1.9001046e+002  3.8001357e+002
  1.8990392e+002  3.8110564e+002
  1.8986838e+002  3.8202717e+002
  1.8990307e+002  3.8293553e+002
  1.9002136e+002  3.8386557e+002
  1.9023392e+002  3.8513708e+002
  1.9049446e+002  3.8606908e+002
  1.9073667e+002  3.8700983e+002
  1.9144005e+002  3.8806010e+002
  1.9165344e+002  3.8899516e+002
  1.9240489e+002  3.8998959e+002
  1.9265253e+002  3.9088111e+002
  1.9341187e+002  3.9187387e+002
  1.9357499e+002  3.9279949e+002
  1.9415720e+002  3.9391347e+002
  1.9423191e+002  3.9489748e+002
  1.9433202e+002  3.9590125e+002
  1.9444958e+002  3.9691902e+002
  1.9457494e+002  3.9789732e+002
  1.9524966e+002  3.9899946e+002
  1.9547321e+002  3.9992610e+002
  1.9570106e+002  4.0083289e+002
  1.9647133e+002  4.0185325e+002
  1.9666009e+002  4.0278942e+002
