  1.9623759e+002  4.1012502e+002
  1.9642925e+002  4.1109826e+002
  1.9662787e+002  4.1202995e+002
  1.9744903e+002  4.1307764e+002
  1.9768743e+002  4.1396310e+002
  1.9847569e+002  4.1502332e+002
  1.9865169e+002  4.1594558e+002
  1.9930236e+002  4.1701446e+002
  1.9940372e+002  4.1793507e+002
  1.9949101e+002  4.1885310e+002
  1.9960237e+002  4.1976429e+002
  2.0021832e+002  4.2089966e+002
  2.0036514e+002  4.2183438e+002
  2.0051301e+002  4.2277759e+002
  2.0125551e+002  4.2388073e+002
  2.0138604e+002  4.2481312e+002
  2.0147792e+002  4.2573203e+002
  2.0160936e+002  4.2659973e+002
  2.0251648e+002  4.2754423e+002
  2.0350114e+002  4.2857968e+002
  2.0452870e+002  4.2976729e+002
  2.0554573e+002  4.3097300e+002
  2.0642379e+002  4.3213976e+002
  2.0660699e+002  4.3309433e+002
  2.0724106e+002  4.3423472e+002
  2.0732254e+002  4.3521684e+002
  2.0736765e+002  4.3619211e+002
  2.0744808e+002  4.3716774e+002
  2.0755854e+002  4.3811072e+002
  2.0828098e+002  4.3917815e+002
  2.0847068e+002  4.4006242e+002
  2.0866231e+002  4.4095061e+002
  2.0941736e+002  4.4200295e+002
  2.0956871e+002  4.4290566e+002
  2.1037786e+002  4.4397140e+002
  2.1056925e+002  4.4483383e+002
  2.1144481e+002  4.4585926e+002
  2.1170313e+002  4.4669888e+002
  2.1255696e+002  4.4779320e+002
  2.1340940e+002  4.4890460e+002
  2.1360974e+002  4.4978108e+002
  2.1441382e+002  4.5084621e+002
  2.1459867e+002  4.5171478e+002
  2.1539449e+002  4.5279714e+002
  2.1556410e+002  4.5365864e+002
  2.1638870e+002  4.5468084e+002
  2.1656751e+002  4.5551222e+002
  2.1752232e+002  4.5648978e+002
  2.1833765e+002  4.5667341e+002
  2.1860155e+002  4.5746442e+002
  2.1946073e+002  4.5766914e+002
  2.1972111e+002  4.5847784e+002
  2.2056348e+002  4.5870886e+002
  2.2154704e+002  4.5979455e+002
  2.2238710e+002  4.6098592e+002
  2.2245891e+002  4.6194153e+002
  2.2266660e+002  4.6262883e+002
  2.2351954e+002  4.6377943e+002
  2.2450380e+002  4.6472103e+002
  2.2557032e+002  4.6556741e+002
  2.2664573e+002  4.6647716e+002
  2.2755590e+002  4.6670592e+002
  2.2855425e+002  4.6763265e+002
  2.2955702e+002  4.6858876e+002
  2.3053757e+002  4.6962973e+002
  2.3165429e+002  4.7067595e+002
  2.3269745e+002  4.7144587e+002
  2.3366198e+002  4.7161005e+002
  2.3472247e+002  4.7248112e+002
  2.3560546e+002  4.7263184e+002
  2.3638138e+002  4.7374304e+002
  2.3634138e+002  4.7478561e+002
  2.3659680e+002  4.7570720e+002
  2.3744942e+002  4.7669711e+002
  2.3755800e+002  4.7745561e+002
  2.3831912e+002  4.7765746e+002
  2.3840699e+002  4.7844927e+002
  2.3926062e+002  4.7947784e+002
  2.4061763e+002  4.8092412e+002
  2.4169692e+002  4.8170689e+002
  2.4286920e+002  4.8233977e+002
  2.4388517e+002  4.8234431e+002
  2.4485825e+002  4.8238684e+002
  2.4574358e+002  4.8247503e+002
  2.4660687e+002  4.8263554e+002
  2.4759165e+002  4.8364313e+002
  2.4864716e+002  4.8467447e+002
  2.4972291e+002  4.8574435e+002
  2.5080768e+002  4.8685592e+002
  2.5180506e+002  4.8780804e+002
  2.5283640e+002  4.8852705e+002
  2.5397391e+002  4.8912788e+002
  2.5498755e+002  4.8921626e+002
  2.5596592e+002  4.8932101e+002
  2.5692804e+002  4.8945989e+002
  2.5783292e+002  4.8967153e+002
  2.5881885e+002  4.9071351e+002
  2.5969738e+002  4.9185432e+002
  2.6062160e+002  4.9293359e+002
  2.6165197e+002  4.9391074e+002
  2.6276942e+002  4.9470665e+002
  2.6385897e+002  4.9544091e+002
  2.6480687e+002  4.9555427e+002
  2.6589245e+002  4.9623487e+002
  2.6685337e+002  4.9635817e+002
  2.6779933e+002  4.9650092e+002
  2.6886239e+002  4.9728913e+002
  2.6978025e+002  4.9745757e+002
  2.7072886e+002  4.9757861e+002
  2.7184203e+002  4.9831136e+002
  2.7284467e+002  4.9841463e+002
  2.7383074e+002  4.9857252e+002
  2.7484427e+002  4.9949364e+002
  2.7575065e+002  4.9980306e+002
  2.7663021e+002  5.0088223e+002
  2.7754190e+002  5.0182236e+002
  2.7863376e+002  5.0258548e+002
  2.7984146e+002  5.0331222e+002
  2.8081236e+002  5.0341283e+002
  2.8180251e+002  5.0350809e+002
  2.8281612e+002  5.0435090e+002
  2.8380111e+002  5.0441395e+002
  2.8476968e+002  5.0448369e+002
  2.8572701e+002  5.0458652e+002
  2.8668883e+002  5.0537515e+002
  2.8769369e+002  5.0558445e+002
  2.8879670e+002  5.0634389e+002
  2.8979927e+002  5.0652304e+002
  2.9088393e+002  5.0725063e+002
  2.9181987e+002  5.0742786e+002
  2.9273998e+002  5.0762288e+002
  2.9374116e+002  5.0845588e+002
  2.9466734e+002  5.0855586e+002
  2.9565486e+002  5.0928054e+002
  2.9661927e+002  5.0928620e+002
  2.9758099e+002  5.0930515e+002
  2.9856747e+002  5.0941097e+002
  2.9957717e+002  5.0958341e+002
  3.0062885e+002  5.1048638e+002
  3.0164225e+002  5.1077168e+002
  3.0268095e+002  5.1166394e+002
  3.0376487e+002  5.1245558e+002
  3.0475553e+002  5.1246821e+002
  3.0572132e+002  5.1243088e+002
  3.0667342e+002  5.1242309e+002
  3.0760798e+002  5.1244536e+002
  3.0859361e+002  5.1252201e+002
  3.0972663e+002  5.1327449e+002
  3.1072778e+002  5.1347483e+002
  3.1167062e+002  5.1370911e+002
  3.1258512e+002  5.1483768e+002
  3.1346765e+002  5.1603114e+002
  3.1357008e+002  5.1691964e+002
  3.1454588e+002  5.1788987e+002
  3.1562661e+002  5.1861076e+002
  3.1673736e+002  5.1920422e+002
  3.1769640e+002  5.1911298e+002
  3.1866065e+002  5.1905556e+002
  3.1959385e+002  5.1907564e+002
  3.2052381e+002  5.1911877e+002
  3.2146936e+002  5.1913691e+002
  3.2245890e+002  5.1998208e+002
  3.2341853e+002  5.2071884e+002
  3.2443605e+002  5.2109155e+002
  3.2613751e+002  5.2074365e+002
  3.2670755e+002  5.1980058e+002
  3.2751427e+002  5.1893789e+002
  3.2845303e+002  5.1822320e+002
  3.2850477e+002  5.1754293e+002
  3.3010888e+002  5.1756854e+002
  3.3103963e+002  5.1775876e+002
  3.3192903e+002  5.1798886e+002
  3.3277929e+002  5.1826102e+002
  3.3362877e+002  5.1850225e+002
  3.3451916e+002  5.1945714e+002
  3.3540244e+002  5.1963432e+002
  3.3546126e+002  5.2041889e+002
  3.3638950e+002  5.2057048e+002
  3.3648387e+002  5.2134426e+002
  3.3746523e+002  5.2136259e+002
  3.3860213e+002  5.2206708e+002
  3.3966123e+002  5.2203854e+002
  3.4072904e+002  5.2206019e+002
  3.4179396e+002  5.2208060e+002
  3.4302890e+002  5.2206161e+002
  3.4399271e+002  5.2201821e+002
  3.4496403e+002  5.2198189e+002
  3.4601759e+002  5.2196554e+002
  3.4708806e+002  5.2198897e+002
  3.4814568e+002  5.2199114e+002
  3.4914666e+002  5.2197624e+002
  3.5007642e+002  5.2199058e+002
  3.5096916e+002  5.2205717e+002
  3.5187235e+002  5.2219964e+002
  3.5279984e+002  5.2236869e+002
  3.5376872e+002  5.2252308e+002
  3.5466781e+002  5.2332337e+002
  3.5564038e+002  5.2330122e+002
  3.5663884e+002  5.2319650e+002
  3.5812453e+002  5.2285502e+002
  3.5900056e+002  5.2263145e+002
  3.5989450e+002  5.2251478e+002
  3.6078186e+002  5.2251128e+002
  3.6168002e+002  5.2257557e+002
  3.6261217e+002  5.2262207e+002
  3.6358444e+002  5.2264391e+002
  3.6461708e+002  5.2267536e+002
  3.6571262e+002  5.2268914e+002
  3.6678956e+002  5.2265599e+002
  3.6785324e+002  5.2257772e+002
  3.6886902e+002  5.2244260e+002
  3.6988335e+002  5.2153437e+002
  3.7087236e+002  5.2147960e+002
  3.7186825e+002  5.2079877e+002
  3.7287458e+002  5.2083152e+002
  3.7388571e+002  5.2080606e+002
  3.7489508e+002  5.2071842e+002
  3.7589954e+002  5.2064908e+002
  3.7688266e+002  5.2061634e+002
  3.7784670e+002  5.2060951e+002
  3.7882254e+002  5.2058697e+002
  3.7982206e+002  5.2054643e+002
  3.8080634e+002  5.2048864e+002
  3.8190025e+002  5.1969685e+002
  3.8288545e+002  5.1962434e+002
  3.8383636e+002  5.1955864e+002
  3.8478609e+002  5.1944951e+002
  3.8585316e+002  5.1857620e+002
  3.8677739e+002  5.1842805e+002
  3.8780321e+002  5.1759955e+002
  3.8874520e+002  5.1747994e+002
  3.8975653e+002  5.1660842e+002
  3.9066983e+002  5.1650074e+002
  3.9157831e+002  5.1639616e+002
  3.9256979e+002  5.1534949e+002
  3.9356237e+002  5.1426708e+002
  3.9459115e+002  5.1328946e+002
  3.9569872e+002  5.1247785e+002
  3.9690986e+002  5.1185035e+002
  3.9790213e+002  5.1185746e+002
  3.9886827e+002  5.1177714e+002
  3.9982024e+002  5.1160819e+002
  4.0075762e+002  5.1140603e+002
  4.0185476e+002  5.1054772e+002
  4.0282857e+002  5.1039929e+002
  4.0390214e+002  5.0952703e+002
  4.0481447e+002  5.0942130e+002
  4.0568412e+002  5.0845187e+002
  4.0656064e+002  5.0751109e+002
  4.0748318e+002  5.0752079e+002
  4.0861559e+002  5.0686541e+002
  4.0970112e+002  5.0699960e+002
  4.1078533e+002  5.0705066e+002
  4.1180171e+002  5.0694142e+002
  4.1278876e+002  5.0675286e+002
  4.1371381e+002  5.0647290e+002
  4.1471819e+002  5.0535268e+002
  4.1591368e+002  5.0397642e+002
  4.1672615e+002  5.0299169e+002
  4.1747091e+002  5.0202816e+002
  4.1757420e+002  5.0118038e+002
  4.1844604e+002  5.0013207e+002
  4.1860607e+002  4.9928495e+002
  4.1956138e+002  4.9828488e+002
  4.2048870e+002  4.9731981e+002
  4.2059848e+002  4.9641649e+002
  4.2151197e+002  4.9541597e+002
  4.2250905e+002  4.9441712e+002
  4.2353338e+002  4.9346144e+002
  4.2433903e+002  4.9240133e+002
  4.2434369e+002  4.9141085e+002
  4.2444599e+002  4.9042626e+002
  4.2460797e+002  4.8950132e+002
  4.2549900e+002  4.8933833e+002
  4.2572347e+002  4.8845198e+002
  4.2685329e+002  4.8738635e+002
  4.2788433e+002  4.8639672e+002
  4.2882882e+002  4.8539347e+002
  4.2959860e+002  4.8428905e+002
  4.3029258e+002  4.8314738e+002
  4.3031149e+002  4.8214250e+002
  4.3036730e+002  4.8115608e+002
  4.3045313e+002  4.8016414e+002
  4.3055980e+002  4.7919688e+002
  4.3140890e+002  4.7811022e+002
  4.3154656e+002  4.7718318e+002
  4.3243025e+002  4.7614996e+002
  4.3259015e+002  4.7524611e+002
  4.3343016e+002  4.7423224e+002
  4.3350899e+002  4.7330818e+002
  4.3426899e+002  4.7222965e+002
  4.3426852e+002  4.7121371e+002
  4.3425373e+002  4.7021137e+002
  4.3424187e+002  4.6923005e+002
  4.3425809e+002  4.6829378e+002
  4.3432660e+002  4.6738647e+002
  4.3443893e+002  4.6645165e+002
  4.3452768e+002  4.6549830e+002
  4.3538328e+002  4.6442192e+002
  4.3538221e+002  4.6338523e+002
  4.3534635e+002  4.6235815e+002
  4.3526152e+002  4.6120877e+002
  4.3533356e+002  4.6026252e+002
  4.3544879e+002  4.5933015e+002
  4.3555587e+002  4.5840036e+002
  4.3636081e+002  4.5733553e+002
  4.3631489e+002  4.5628070e+002
  4.3632629e+002  4.5520179e+002
  4.3633193e+002  4.5411106e+002
  4.3643184e+002  4.5302053e+002
  4.3654743e+002  4.5216026e+002
  4.3761425e+002  4.5112132e+002
  4.3869412e+002  4.5033366e+002
  4.3967065e+002  4.4939911e+002
  4.4054573e+002  4.4839903e+002
  4.4129043e+002  4.4734514e+002
  4.4121144e+002  4.4571120e+002
  4.4101701e+002  4.4480371e+002
  4.4080984e+002  4.4392270e+002
  4.4061595e+002  4.4306722e+002
  4.4046693e+002  4.4222596e+002
  4.3955655e+002  4.4136176e+002
  4.3953131e+002  4.4040544e+002
  4.3961478e+002  4.3938911e+002
  4.3973357e+002  4.3782805e+002
  4.3985918e+002  4.3687461e+002
  4.3996938e+002  4.3597387e+002
  4.4003376e+002  4.3510658e+002
  4.4005736e+002  4.3419059e+002
  4.4004982e+002  4.3323305e+002
  4.4001574e+002  4.3221428e+002
  4.4000539e+002  4.3119289e+002
  4.4001859e+002  4.3016536e+002
  4.4010134e+002  4.2916414e+002
  4.4020352e+002  4.2818490e+002
  4.4031972e+002  4.2721256e+002
  4.4036580e+002  4.2622526e+002
  4.4035194e+002  4.2493390e+002
  4.4018317e+002  4.2400794e+002
  4.3994126e+002  4.2307916e+002
  4.3975694e+002  4.2216067e+002
  4.3966288e+002  4.2121607e+002
  4.3966989e+002  4.2023714e+002
  4.3976684e+002  4.1922204e+002
  4.3988481e+002  4.1804775e+002
  4.3998148e+002  4.1714636e+002
  4.4006824e+002  4.1625537e+002
  4.4014227e+002  4.1536716e+002
  4.4015643e+002  4.1444327e+002
  4.4004265e+002  4.1293656e+002
  4.3982024e+002  4.1198051e+002
  4.3957647e+002  4.1109142e+002
  4.3929604e+002  4.1023953e+002
  4.3826507e+002  4.0921924e+002
  4.3736230e+002  4.0812883e+002
  4.3659920e+002  4.0707579e+002
  4.3647678e+002  4.0613656e+002
  4.3587615e+002  4.0500044e+002
  4.3588213e+002  4.0399480e+002
  4.3594741e+002  4.0297585e+002
  4.3602639e+002  4.0196698e+002
  4.3608706e+002  4.0094528e+002
  4.3603694e+002  3.9992544e+002
  4.3590516e+002  3.9891309e+002
  4.3574296e+002  3.9792282e+002
  4.3560680e+002  3.9696684e+002
  4.3545082e+002  3.9602441e+002
  4.3477206e+002  3.9503769e+002
  4.3471508e+002  3.9405643e+002
  4.3470677e+002  3.9303250e+002
  4.3475772e+002  3.9200289e+002
  4.3480198e+002  3.9098932e+002
  4.3481266e+002  3.8999777e+002
  4.3474171e+002  3.8900690e+002
  4.3461012e+002  3.8803552e+002
  4.3441930e+002  3.8709210e+002
  4.3364049e+002  3.8605524e+002
  4.3343323e+002  3.8514594e+002
  4.3264540e+002  3.8408278e+002
  4.3244264e+002  3.8314431e+002
  4.3165516e+002  3.8205420e+002
  4.3149628e+002  3.8110183e+002
  4.3071710e+002  3.8006318e+002
  4.3059564e+002  3.7912052e+002
  4.3050478e+002  3.7817744e+002
  4.3044204e+002  3.7723109e+002
  4.2985216e+002  3.7614615e+002
  4.2979059e+002  3.7512097e+002
  4.2970597e+002  3.7406285e+002
  4.2958086e+002  3.7300701e+002
  4.2945332e+002  3.7196231e+002
  4.2876941e+002  3.7083440e+002
  4.2861961e+002  3.6986372e+002
  4.2845772e+002  3.6892158e+002
  4.2776941e+002  3.6788917e+002
  4.2763461e+002  3.6693846e+002
  4.2753278e+002  3.6598511e+002
  4.2744682e+002  3.6502478e+002
  4.2683878e+002  3.6393190e+002
  4.2673875e+002  3.6297286e+002
  4.2658333e+002  3.6202663e+002
  4.2641394e+002  3.6109587e+002
  4.2565639e+002  3.6005464e+002
  4.2546170e+002  3.5914020e+002
  4.2469533e+002  3.5811776e+002
  4.2451883e+002  3.5720900e+002
  4.2434097e+002  3.5629757e+002
  4.2361082e+002  3.5520321e+002
  4.2346373e+002  3.5424292e+002
  4.2274053e+002  3.5305366e+002
  4.2257743e+002  3.5208027e+002
  4.2238406e+002  3.5112636e+002
  4.2156804e+002  3.5003313e+002
  4.2136933e+002  3.4909973e+002
  4.2061712e+002  3.4803689e+002
  4.2040904e+002  3.4708662e+002
  4.1972887e+002  3.4598951e+002
  4.1958179e+002  3.4504834e+002
  4.1942782e+002  3.4411352e+002
  4.1872193e+002  3.4304472e+002
  4.1854845e+002  3.4211840e+002
  4.1835776e+002  3.4119390e+002
  4.1766254e+002  3.4011004e+002
  4.1752272e+002  3.3916743e+002
  4.1737609e+002  3.3824600e+002
  4.1665199e+002  3.3711253e+002
  4.1646211e+002  3.3618842e+002
  4.1566630e+002  3.3506372e+002
  4.1538637e+002  3.3411571e+002
  4.1441032e+002  3.3306926e+002
  4.1337809e+002  3.3203684e+002
  4.1242864e+002  3.3097852e+002
  4.1163568e+002  3.2992016e+002
  4.1152954e+002  3.2902470e+002
  4.1144888e+002  3.2812058e+002
  4.1082306e+002  3.2698436e+002
  4.1069935e+002  3.2603859e+002
  4.1055337e+002  3.2509001e+002
  4.1041115e+002  3.2416002e+002
  4.0961885e+002  3.2308076e+002
  4.0940563e+002  3.2222274e+002
  4.0852267e+002  3.2124459e+002
  4.0830156e+002  3.2037939e+002
  4.0750496e+002  3.1930199e+002
  4.0731452e+002  3.1841192e+002
  4.0646693e+002  3.1732081e+002
  4.0551330e+002  3.1627814e+002
  4.0520111e+002  3.1544025e+002
  4.0422870e+002  3.1439540e+002
  4.0327068e+002  3.1335738e+002
  4.0232757e+002  3.1231302e+002
  4.0138945e+002  3.1123908e+002
  4.0048934e+002  3.1019326e+002
  3.9970214e+002  3.0910738e+002
  3.9962833e+002  3.0823837e+002
  3.9957577e+002  3.0737022e+002
  3.9949902e+002  3.0653844e+002
  3.9886872e+002  3.0619778e+002
  3.9867928e+002  3.0535616e+002
  3.9839853e+002  3.0453826e+002
  3.9768367e+002  3.0419501e+002
  3.9702526e+002  3.0313129e+002
  3.9614050e+002  3.0227478e+002
  3.9515727e+002  3.0144448e+002
  3.9413171e+002  3.0055252e+002
  3.9333381e+002  3.0028020e+002
  3.9207848e+002  2.9890595e+002
  3.9121409e+002  2.9778391e+002
  3.9036724e+002  2.9700167e+002
  3.8961909e+002  2.9601651e+002
  3.8940227e+002  2.9517725e+002
  3.8869430e+002  2.9414915e+002
  3.8852259e+002  2.9330974e+002
  3.8837998e+002  2.9246486e+002
  3.8766966e+002  2.9138941e+002
  3.8749839e+002  2.9053625e+002
  3.8692848e+002  2.9029339e+002
  3.8671028e+002  2.8944796e+002
  3.8650729e+002  2.8858059e+002
  3.8570458e+002  2.8752477e+002
  3.8496069e+002  2.8644257e+002
  3.8475158e+002  2.8561604e+002
  3.8334879e+002  2.8411772e+002
  3.8232208e+002  2.8326647e+002
  3.8118611e+002  2.8249256e+002
  3.8001554e+002  2.8167543e+002
  3.7932265e+002  2.8152794e+002
  3.7869910e+002  2.8122944e+002
  3.7833375e+002  2.8040993e+002
  3.7718477e+002  2.7913160e+002
  3.7620632e+002  2.7805679e+002
  3.7521664e+002  2.7699659e+002
  3.7440021e+002  2.7613530e+002
  3.7345715e+002  2.7513811e+002
  3.7245457e+002  2.7409209e+002
  3.7149364e+002  2.7305106e+002
  3.7052860e+002  2.7203437e+002
  3.7027378e+002  2.7128158e+002
  3.6922479e+002  2.7033166e+002
  3.6821910e+002  2.6941102e+002
  3.6732794e+002  2.6840446e+002
  3.6647591e+002  2.6733131e+002
  3.6551989e+002  2.6630763e+002
  3.6521990e+002  2.6566310e+002
  3.6413243e+002  2.6515073e+002
  3.6303694e+002  2.6434607e+002
  3.6193733e+002  2.6359295e+002
  3.6112633e+002  2.6345265e+002
  3.6004233e+002  2.6266193e+002
  3.5923762e+002  2.6247238e+002
  3.5813089e+002  2.6156175e+002
  3.5731123e+002  2.6129075e+002
  3.5623932e+002  2.6028207e+002
  3.5525053e+002  2.5919258e+002
  3.5425243e+002  2.5820788e+002
  3.5314681e+002  2.5737102e+002
  3.5200919e+002  2.5660692e+002
  3.5116191e+002  2.5641858e+002
  3.5008480e+002  2.5559285e+002
  3.4921988e+002  2.5544503e+002
  3.4813372e+002  2.5465288e+002
  3.4725051e+002  2.5451586e+002
  3.4638969e+002  2.5433158e+002
  3.4530704e+002  2.5335881e+002
  3.4422620e+002  2.5236388e+002
  3.4314531e+002  2.5141254e+002
  3.4205578e+002  2.5059163e+002
  3.4114364e+002  2.5049006e+002
  3.3991463e+002  2.4989444e+002
  3.3893111e+002  2.4982089e+002
  3.3796176e+002  2.4970803e+002
  3.3704410e+002  2.4949865e+002
  3.3599797e+002  2.4852019e+002
  3.3517517e+002  2.4817322e+002
  3.3414408e+002  2.4722022e+002
  3.3304942e+002  2.4637020e+002
  3.3195728e+002  2.4558806e+002
  3.3106260e+002  2.4539829e+002
  3.2996018e+002  2.4469362e+002
  3.2905283e+002  2.4454465e+002
  3.2812661e+002  2.4441346e+002
  3.2703427e+002  2.4384128e+002
  3.2606829e+002  2.4377996e+002
  3.2508071e+002  2.4371882e+002
  3.2410897e+002  2.4365231e+002
  3.2314696e+002  2.4354166e+002
  3.2221436e+002  2.4340150e+002
  3.2113503e+002  2.4259882e+002
  3.2019072e+002  2.4246472e+002
  3.1904932e+002  2.4188742e+002
  3.1804535e+002  2.4185776e+002
  3.1703543e+002  2.4172264e+002
  3.1603475e+002  2.4146373e+002
  3.1496004e+002  2.4068616e+002
  3.1401635e+002  2.4039716e+002
  3.1295142e+002  2.3966175e+002
  3.1203014e+002  2.3951399e+002
  3.1110749e+002  2.3946742e+002
  3.1001684e+002  2.3907064e+002
  3.0898701e+002  2.3921814e+002
  3.0775470e+002  2.3931086e+002
  3.0677040e+002  2.3929899e+002
  3.0580877e+002  2.3922071e+002
  3.0477368e+002  2.3910780e+002
  3.0379662e+002  2.3893648e+002
  3.0282865e+002  2.3878599e+002
  3.0188403e+002  2.3882415e+002
  3.0089253e+002  2.3871740e+002
  2.9991426e+002  2.3861917e+002
  2.9897765e+002  2.3850650e+002
  2.9806065e+002  2.3837779e+002
  2.9710859e+002  2.3776910e+002
  2.9621134e+002  2.3762145e+002
  2.9527965e+002  2.3750966e+002
  2.9430046e+002  2.3740542e+002
  2.9322219e+002  2.3696678e+002
  2.9214224e+002  2.3697683e+002
  2.9073058e+002  2.3714044e+002
  2.8983829e+002  2.3733295e+002
  2.8893173e+002  2.3747328e+002
  2.8802377e+002  2.3752649e+002
  2.8712329e+002  2.3795038e+002
  2.8615516e+002  2.3771702e+002
  2.8471702e+002  2.3756547e+002
  2.8375013e+002  2.3743975e+002
  2.8278871e+002  2.3693381e+002
  2.8184450e+002  2.3692139e+002
  2.8094702e+002  2.3694665e+002
  2.8006321e+002  2.3691097e+002
  2.7913326e+002  2.3684891e+002
  2.7814179e+002  2.3679112e+002
  2.7665311e+002  2.3683278e+002
  2.7571779e+002  2.3696046e+002
  2.7479923e+002  2.3715439e+002
  2.7388730e+002  2.3736495e+002
  2.7296830e+002  2.3754914e+002
  2.7209266e+002  2.3824513e+002
  2.7114081e+002  2.3827575e+002
  2.7014077e+002  2.3825134e+002
  2.6910372e+002  2.3817843e+002
  2.6783345e+002  2.3815595e+002
  2.6689196e+002  2.3814609e+002
  2.6593764e+002  2.3817648e+002
  2.6495292e+002  2.3823822e+002
  2.6380587e+002  2.3836031e+002
  2.6282036e+002  2.3849879e+002
  2.6186680e+002  2.3863130e+002
  2.6087824e+002  2.3914065e+002
  2.5989961e+002  2.3916490e+002
  2.5891356e+002  2.3915600e+002
  2.5790173e+002  2.3916716e+002
  2.5688902e+002  2.3921332e+002
  2.5590539e+002  2.3932029e+002
  2.5496478e+002  2.3949880e+002
  2.5405910e+002  2.3975470e+002
  2.5306765e+002  2.4053594e+002
  2.5204672e+002  2.4123648e+002
  2.5105282e+002  2.4135858e+002
  2.5005392e+002  2.4142923e+002
  2.4904695e+002  2.4151012e+002
  2.4791492e+002  2.4207664e+002
  2.4695298e+002  2.4229554e+002
  2.4603337e+002  2.4257885e+002
  2.4501545e+002  2.4344658e+002
  2.4412186e+002  2.4378341e+002
  2.4312229e+002  2.4459223e+002
  2.4207747e+002  2.4534173e+002
  2.4114176e+002  2.4553612e+002
  2.4003170e+002  2.4629743e+002
  2.3910944e+002  2.4650554e+002
  2.3808919e+002  2.4730477e+002
  2.3719745e+002  2.4752778e+002
  2.3614414e+002  2.4828053e+002
  2.3520716e+002  2.4846390e+002
  2.3427124e+002  2.4862746e+002
  2.3314184e+002  2.4936564e+002
  2.3223894e+002  2.4956748e+002
  2.3122452e+002  2.5044258e+002
  2.3038209e+002  2.5068952e+002
  2.2938987e+002  2.5162786e+002
  2.2834630e+002  2.5259653e+002
  2.2727838e+002  2.5361192e+002
  2.2624307e+002  2.5458369e+002
  2.2519840e+002  2.5547214e+002
  2.2431963e+002  2.5571857e+002
  2.2323314e+002  2.5662448e+002
  2.2217097e+002  2.5755759e+002
  2.2118048e+002  2.5852712e+002
  2.2024614e+002  2.5955643e+002
  2.1941430e+002  2.6071636e+002
  2.1866192e+002  2.6179645e+002
  2.1843059e+002  2.6249623e+002
  2.1748274e+002  2.6291797e+002
  2.1642205e+002  2.6381572e+002
  2.1526278e+002  2.6478283e+002
  2.1414262e+002  2.6567874e+002
  2.1321630e+002  2.6653716e+002
  2.1230636e+002  2.6741861e+002
  2.1158723e+002  2.6773147e+002
  2.1133608e+002  2.6844192e+002
  2.1037333e+002  2.6905345e+002
  2.0952269e+002  2.7007730e+002
  2.0932019e+002  2.7085150e+002
  2.0851868e+002  2.7185574e+002
  2.0831274e+002  2.7262450e+002
  2.0746901e+002  2.7364491e+002
  2.0658278e+002  2.7474255e+002
  2.0633025e+002  2.7554015e+002
  2.0525891e+002  2.7653399e+002
  2.0413866e+002  2.7748903e+002
  2.0342550e+002  2.7785124e+002
  2.0253801e+002  2.7889318e+002
  2.0231665e+002  2.7960094e+002
  2.0117986e+002  2.8088341e+002
  2.0021949e+002  2.8197652e+002
  1.9937811e+002  2.8301119e+002
  1.9872471e+002  2.8410857e+002
  1.9859474e+002  2.8499900e+002
  1.9854373e+002  2.8593712e+002
  1.9852359e+002  2.8689402e+002
  1.9854318e+002  2.8787293e+002
  1.9852592e+002  2.8887386e+002
  1.9845889e+002  2.8991784e+002
  1.9786531e+002  2.9112805e+002
  1.9762307e+002  2.9207644e+002
  1.9728332e+002  2.9295834e+002
  1.9629350e+002  2.9397001e+002
  1.9534241e+002  2.9497366e+002
  1.9449002e+002  2.9601163e+002
  1.9382997e+002  2.9709792e+002
  1.9375406e+002  2.9802603e+002
  1.9367331e+002  2.9896960e+002
  1.9356064e+002  2.9991170e+002
  1.9338573e+002  3.0084127e+002
  1.9259349e+002  3.0198613e+002
  1.9237185e+002  3.0286390e+002
  1.9157115e+002  3.0395886e+002
  1.9141804e+002  3.0483595e+002
  1.9070613e+002  3.0590352e+002
  1.9059690e+002  3.0681164e+002
  1.9045558e+002  3.0774664e+002
  1.8978335e+002  3.0888916e+002
  1.8963780e+002  3.0989893e+002
  1.8949757e+002  3.1091734e+002
  1.8888951e+002  3.1213465e+002
  1.8874341e+002  3.1312879e+002
  1.8857908e+002  3.1407947e+002
  1.8838760e+002  3.1499860e+002
  1.8766354e+002  3.1603420e+002
  1.8749605e+002  3.1690898e+002
  1.8687046e+002  3.1791810e+002
  1.8680904e+002  3.1887845e+002
  1.8679198e+002  3.1991384e+002
  1.8680440e+002  3.2099346e+002
  1.8683017e+002  3.2232350e+002
  1.8682394e+002  3.2323330e+002
  1.8681073e+002  3.2413649e+002
  1.8673702e+002  3.2514701e+002
  1.8660011e+002  3.2615561e+002
  1.8644456e+002  3.2713874e+002
  1.8596689e+002  3.2825829e+002
  1.8599590e+002  3.2919402e+002
  1.8588721e+002  3.3017038e+002
  1.8572822e+002  3.3111582e+002
  1.8554426e+002  3.3209682e+002
  1.8538979e+002  3.3307115e+002
  1.8491012e+002  3.3409144e+002
  1.8484362e+002  3.3504240e+002
  1.8481572e+002  3.3600471e+002
  1.8477040e+002  3.3699922e+002
  1.8469351e+002  3.3802490e+002
  1.8460241e+002  3.3902783e+002
  1.8458429e+002  3.4019177e+002
  1.8455429e+002  3.4113838e+002
  1.8448246e+002  3.4207257e+002
  1.8407814e+002  3.4319992e+002
  1.8401363e+002  3.4420995e+002
  1.8401694e+002  3.4501159e+002
  1.8409923e+002  3.4616188e+002
  1.8419994e+002  3.4710001e+002
  1.8431631e+002  3.4803246e+002
  1.8439670e+002  3.4901189e+002
  1.8442181e+002  3.5003166e+002
  1.8433875e+002  3.5106851e+002
  1.8419583e+002  3.5209959e+002
  1.8409329e+002  3.5300379e+002
  1.8402850e+002  3.5394752e+002
  1.8403150e+002  3.5493745e+002
  1.8406391e+002  3.5599832e+002
  1.8425214e+002  3.5719719e+002
  1.8442978e+002  3.5818127e+002
  1.8463880e+002  3.5913097e+002
  1.8516608e+002  3.6004981e+002
  1.8518378e+002  3.6107284e+002
  1.8511371e+002  3.6209524e+002
  1.8504632e+002  3.6314643e+002
  1.8503101e+002  3.6402870e+002
  1.8505168e+002  3.6495431e+002
  1.8511677e+002  3.6592960e+002
  1.8529426e+002  3.6730483e+002
  1.8549095e+002  3.6827030e+002
  1.8565788e+002  3.6922441e+002
  1.8633473e+002  3.7015858e+002
  1.8651788e+002  3.7108417e+002
  1.8714772e+002  3.7201888e+002
  1.8729653e+002  3.7293348e+002
  1.8746103e+002  3.7385684e+002
  1.8760035e+002  3.7484992e+002
  1.8808890e+002  3.7596854e+002
  1.8819415e+002  3.7702235e+002
  1.8832462e+002  3.7806210e+002
  1.8844683e+002  3.7910834e+002
  1.8851221e+002  3.8012011e+002
  1.8896605e+002  3.8124075e+002
  1.8893849e+002  3.8226366e+002
  1.8893711e+002  3.8326184e+002
  1.8904022e+002  3.8422339e+002
  1.8922513e+002  3.8514571e+002
  1.8943836e+002  3.8607273e+002
  1.8965321e+002  3.8701644e+002
  1.9029015e+002  3.8805754e+002
  1.9041209e+002  3.8903426e+002
  1.9050082e+002  3.9000657e+002
  1.9113984e+002  3.9102923e+002
  1.9128006e+002  3.9195321e+002
  1.9144891e+002  3.9289330e+002
  1.9165524e+002  3.9385082e+002
  1.9226595e+002  3.9486957e+002
  1.9238548e+002  3.9588848e+002
  1.9248107e+002  3.9691582e+002
  1.9256296e+002  3.9792845e+002
  1.9312581e+002  3.9905534e+002
  1.9329480e+002  4.0004102e+002
  1.9349090e+002  4.0101853e+002
  1.9370768e+002  4.0199249e+002
  1.9441423e+002  4.0307875e+002
  1.9450861e+002  4.0406399e+002
  1.9513291e+002  4.0512596e+002
  1.9515178e+002  4.0609958e+002
  1.9520629e+002  4.0706514e+002
  1.9532740e+002  4.0802738e+002
