  2.2798742e+002  4.6564495e+002
  2.2892003e+002  4.6664978e+002
  2.2989321e+002  4.6762990e+002
  2.3089014e+002  4.6858500e+002
  2.3184792e+002  4.6964563e+002
  2.3281121e+002  4.7067875e+002
  2.3393818e+002  4.7159389e+002
  2.3513596e+002  4.7237558e+002
  2.3598409e+002  4.7254077e+002
  2.3687951e+002  4.7354927e+002
  2.3753628e+002  4.7476548e+002
  2.3825745e+002  4.7591289e+002
  2.3843367e+002  4.7676413e+002
  2.3866628e+002  4.7761367e+002
  2.3957913e+002  4.7865829e+002
  2.4053623e+002  4.7967093e+002
  2.4180729e+002  4.8081484e+002
  2.4281777e+002  4.8164159e+002
  2.4381910e+002  4.8244928e+002
  2.4466758e+002  4.8260269e+002
  2.4574278e+002  4.8340390e+002
  2.4662236e+002  4.8352695e+002
  2.4770727e+002  4.8440771e+002
  2.4853598e+002  4.8463198e+002
  2.4959845e+002  4.8591327e+002
  2.5042447e+002  4.8696575e+002
  2.5051449e+002  4.8774758e+002
  2.5152384e+002  4.8852763e+002
  2.5291441e+002  4.8939841e+002
  2.5382142e+002  4.8952296e+002
  2.5500984e+002  4.9034006e+002
  2.5588065e+002  4.9048125e+002
  2.5674378e+002  4.9058840e+002
  2.5775910e+002  4.9147411e+002
  2.5852433e+002  4.9167337e+002
  2.5963377e+002  4.9299669e+002
  2.6048563e+002  4.9401897e+002
  2.6070682e+002  4.9475212e+002
  2.6168377e+002  4.9564616e+002
  2.6268333e+002  4.9647476e+002
  2.6368863e+002  4.9669553e+002
  2.6482296e+002  4.9749248e+002
  2.6570609e+002  4.9764433e+002
  2.6685576e+002  4.9846407e+002
  2.6769959e+002  4.9862968e+002
  2.6882717e+002  4.9953804e+002
  2.6984284e+002  5.0048793e+002
  2.7065246e+002  5.0071010e+002
  2.7174090e+002  5.0157218e+002
  2.7292716e+002  5.0235942e+002
  2.7378983e+002  5.0249615e+002
  2.7461626e+002  5.0271747e+002
  2.7568004e+002  5.0372925e+002
  2.7669575e+002  5.0472946e+002
  2.7768064e+002  5.0569895e+002
  2.7865004e+002  5.0669898e+002
  2.7963683e+002  5.0760929e+002
  2.8068645e+002  5.0851900e+002
  2.8171698e+002  5.0940066e+002
  2.8265311e+002  5.0953553e+002
  2.8363712e+002  5.1022139e+002
  2.8461809e+002  5.1017821e+002
  2.8557765e+002  5.1013417e+002
  2.8655457e+002  5.1013565e+002
  2.8754790e+002  5.1016075e+002
  2.8856707e+002  5.1019520e+002
  2.8957991e+002  5.1029769e+002
  2.9056096e+002  5.1048265e+002
  2.9145901e+002  5.1074919e+002
  2.9155947e+002  5.1149547e+002
  2.9241219e+002  5.1175640e+002
  2.9244333e+002  5.1205744e+002
  2.9335454e+002  5.1224233e+002
  2.9433202e+002  5.1241505e+002
  2.9530818e+002  5.1260642e+002
  2.9543166e+002  5.1330290e+002
  2.9636671e+002  5.1352320e+002
  2.9643948e+002  5.1427486e+002
  2.9746025e+002  5.1516331e+002
  2.9849723e+002  5.1599818e+002
  2.9947650e+002  5.1684286e+002
  3.0049294e+002  5.1767437e+002
  3.0161989e+002  5.1844544e+002
  3.0242011e+002  5.1779193e+002
  3.0354286e+002  5.1855415e+002
  3.0455992e+002  5.1864327e+002
  3.0558488e+002  5.1878829e+002
  3.0662403e+002  5.1892036e+002
  3.0762448e+002  5.1899463e+002
  3.0864560e+002  5.1901824e+002
  3.0964509e+002  5.1903502e+002
  3.1061921e+002  5.1904350e+002
  3.1157440e+002  5.1910794e+002
  3.1247227e+002  5.1922488e+002
  3.1333502e+002  5.1937293e+002
  3.1421173e+002  5.1953316e+002
  3.1432413e+002  5.2030444e+002
  3.1524217e+002  5.2043072e+002
  3.1615966e+002  5.2049622e+002
  3.1709332e+002  5.2059347e+002
  3.1722673e+002  5.2129609e+002
  3.1813319e+002  5.2143393e+002
  3.1905790e+002  5.2163840e+002
  3.1917864e+002  5.2237264e+002
  3.2004686e+002  5.2261563e+002
  3.2014696e+002  5.2339866e+002
  3.2111921e+002  5.2437346e+002
  3.2219571e+002  5.2533789e+002
  3.2332769e+002  5.2615636e+002
  3.2478706e+002  5.2670104e+002
  3.2556123e+002  5.2662452e+002
  3.2641251e+002  5.2659707e+002
  3.2726774e+002  5.2739983e+002
  3.2865952e+002  5.2818484e+002
  3.2961111e+002  5.2752249e+002
  3.3050254e+002  5.2754723e+002
  3.3140720e+002  5.2764796e+002
  3.3234064e+002  5.2778407e+002
  3.3326515e+002  5.2793369e+002
  3.3417468e+002  5.2805069e+002
  3.3514318e+002  5.2804075e+002
  3.3664876e+002  5.2786180e+002
  3.3753952e+002  5.2774965e+002
  3.3844233e+002  5.2765091e+002
  3.3929404e+002  5.2760724e+002
  3.4017181e+002  5.2756710e+002
  3.4110630e+002  5.2756372e+002
  3.4231188e+002  5.2754398e+002
  3.4334456e+002  5.2750358e+002
  3.4433886e+002  5.2746798e+002
  3.4416121e+002  5.2680094e+002
  3.4509118e+002  5.2668902e+002
  3.4605962e+002  5.2655343e+002
  3.4709771e+002  5.2651448e+002
  3.4813954e+002  5.2654361e+002
  3.4956491e+002  5.2659709e+002
  3.5057832e+002  5.2664377e+002
  3.5150869e+002  5.2671078e+002
  3.5235693e+002  5.2686208e+002
  3.5321560e+002  5.2697157e+002
  3.5409978e+002  5.2698875e+002
  3.5505074e+002  5.2700426e+002
  3.5648911e+002  5.2700266e+002
  3.5749406e+002  5.2698894e+002
  3.5845410e+002  5.2698737e+002
  3.5936833e+002  5.2696071e+002
  3.6025387e+002  5.2688971e+002
  3.6108608e+002  5.2677388e+002
  3.6191079e+002  5.2659488e+002
  3.6276729e+002  5.2633333e+002
  3.6273793e+002  5.2548017e+002
  3.6272764e+002  5.2461134e+002
  3.6360401e+002  5.2428419e+002
  3.6368739e+002  5.2360857e+002
  3.6477488e+002  5.2352323e+002
  3.6600768e+002  5.2288952e+002
  3.6718257e+002  5.2220414e+002
  3.6832965e+002  5.2145558e+002
  3.6934608e+002  5.2068475e+002
  3.6980680e+002  5.1999100e+002
  3.7067062e+002  5.1972411e+002
  3.7164267e+002  5.1962241e+002
  3.7363855e+002  5.1846668e+002
  3.7419263e+002  5.1913677e+002
  3.7366044e+002  5.1967406e+002
  3.7369608e+002  5.2034903e+002
  3.7466280e+002  5.2034751e+002
  3.7566813e+002  5.2033098e+002
  3.7693773e+002  5.2027321e+002
  3.7786931e+002  5.2024319e+002
  3.7875620e+002  5.2023828e+002
  3.7983438e+002  5.2019097e+002
  3.8084359e+002  5.2009111e+002
  3.8185074e+002  5.1999136e+002
  3.8282607e+002  5.1990158e+002
  3.8378459e+002  5.1980308e+002
  3.8473181e+002  5.1968703e+002
  3.8567040e+002  5.1959283e+002
  3.8658495e+002  5.1953859e+002
  3.8749888e+002  5.1950918e+002
  3.8842612e+002  5.1945111e+002
  3.8934310e+002  5.1930857e+002
  3.9026444e+002  5.1911583e+002
  3.9124644e+002  5.1894187e+002
  3.9224144e+002  5.1877979e+002
  3.9325434e+002  5.1868228e+002
  3.9422438e+002  5.1863723e+002
  3.9515130e+002  5.1864424e+002
  3.9613618e+002  5.1878032e+002
  3.9712956e+002  5.1886032e+002
  3.9806871e+002  5.1898066e+002
  3.9918723e+002  5.1865708e+002
  3.9956125e+002  5.1821497e+002
  3.9935617e+002  5.1570620e+002
  4.1031655e+002  5.2022221e+002
  4.0973985e+002  5.2053828e+002
  4.0958125e+002  5.2104586e+002
  4.1033444e+002  5.2123235e+002
  4.1272737e+002  5.2120546e+002
  4.1356074e+002  5.2115712e+002
  4.1436929e+002  5.2111096e+002
  4.1520337e+002  5.2108290e+002
  4.1618814e+002  5.2072679e+002
  4.1669452e+002  5.2054982e+002
  4.1721962e+002  5.2043145e+002
  4.1770541e+002  5.2030512e+002
  4.1786398e+002  5.2019127e+002
  4.1893160e+002  5.1803884e+002
  4.2259647e+002  5.1808370e+002
  4.2293512e+002  5.1696737e+002
  4.2237802e+002  5.1634519e+002
  4.2182617e+002  5.1576403e+002
  4.2287235e+002  5.1490249e+002
  4.2378397e+002  5.1408967e+002
  4.2460780e+002  5.1325541e+002
  4.2568801e+002  5.1225498e+002
  4.2694145e+002  5.1122335e+002
  4.2816826e+002  5.1023453e+002
  4.2910993e+002  5.0915534e+002
  4.3009028e+002  5.0808589e+002
  4.3107081e+002  5.0725404e+002
  4.3203531e+002  5.0631589e+002
  4.3321450e+002  5.0554227e+002
  4.3428943e+002  5.0481284e+002
  4.3544039e+002  5.0313114e+002
  4.3604685e+002  5.0190617e+002
  4.3674089e+002  5.0071851e+002
  4.3738811e+002  4.9951883e+002
  4.3808675e+002  4.9840912e+002
  4.3749744e+002  4.9751845e+002
  4.3679052e+002  4.9759913e+002
  4.3686337e+002  4.9667235e+002
  4.3769660e+002  4.9577347e+002
  4.3850493e+002  4.9494570e+002
  4.3940890e+002  4.9411677e+002
  4.4040136e+002  4.9317893e+002
  4.4127430e+002  4.9202788e+002
  4.4205126e+002  4.9069646e+002
  4.4283116e+002  4.8940314e+002
  4.4243354e+002  4.8862864e+002
  4.4175112e+002  4.8878916e+002
  4.4183758e+002  4.8778037e+002
  4.4262390e+002  4.8675438e+002
  4.4332940e+002  4.8574120e+002
  4.4396092e+002  4.8465408e+002
  4.4463992e+002  4.8349385e+002
  4.4413243e+002  4.8271080e+002
  4.4353911e+002  4.8280797e+002
  4.4368820e+002  4.8186809e+002
  4.4363809e+002  4.8103816e+002
  4.4378358e+002  4.8013479e+002
  4.4397230e+002  4.7920781e+002
  4.4413920e+002  4.7824885e+002
  4.4431954e+002  4.7727385e+002
  4.4442855e+002  4.7633243e+002
  4.4457299e+002  4.7544279e+002
  4.4511118e+002  4.7515427e+002
  4.4525670e+002  4.7423314e+002
  4.4559307e+002  4.7331173e+002
  4.4602309e+002  4.7315980e+002
  4.4640656e+002  4.7224816e+002
  4.4613695e+002  4.7190804e+002
  4.4717298e+002  4.7027980e+002
  4.4745596e+002  4.7022371e+002
  4.4763226e+002  4.6923808e+002
  4.4822277e+002  4.6917432e+002
  4.4894360e+002  4.6801845e+002
  4.4949607e+002  4.6673617e+002
  4.4999858e+002  4.6550252e+002
  4.5052780e+002  4.6457999e+002
  4.5148739e+002  4.6388026e+002
  4.5292429e+002  4.6280185e+002
  4.5418535e+002  4.6174438e+002
  4.5490287e+002  4.6023451e+002
  4.5375182e+002  4.5924854e+002
  4.5273412e+002  4.5803986e+002
  4.5207646e+002  4.5711043e+002
  4.5157723e+002  4.5637527e+002
  4.5173939e+002  4.5554880e+002
  4.5188795e+002  4.5472710e+002
  4.5206475e+002  4.5385871e+002
  4.5225824e+002  4.5298542e+002
  4.5246513e+002  4.5211339e+002
  4.5262397e+002  4.5120951e+002
  4.5317334e+002  4.5105639e+002
  4.5325172e+002  4.5009878e+002
  4.5322574e+002  4.4847454e+002
  4.5313398e+002  4.4754518e+002
  4.5302752e+002  4.4662685e+002
  4.5291478e+002  4.4572018e+002
  4.5282424e+002  4.4487784e+002
  4.5280414e+002  4.4403932e+002
  4.5286063e+002  4.4232638e+002
  4.5292048e+002  4.4145853e+002
  4.5307329e+002  4.4058238e+002
  4.5320597e+002  4.3967566e+002
  4.5331549e+002  4.3875038e+002
  4.5340586e+002  4.3780440e+002
  4.5345183e+002  4.3686571e+002
  4.5328095e+002  4.3546983e+002
  4.5312616e+002  4.3456497e+002
  4.5303322e+002  4.3363574e+002
  4.5303629e+002  4.3272160e+002
  4.5304839e+002  4.3179922e+002
  4.5302599e+002  4.3090188e+002
  4.5291434e+002  4.2999015e+002
  4.5277645e+002  4.2902614e+002
  4.5265277e+002  4.2803811e+002
  4.5257523e+002  4.2698177e+002
  4.5249148e+002  4.2590811e+002
  4.5193110e+002  4.2580818e+002
  4.5184923e+002  4.2473777e+002
  4.5173177e+002  4.2368366e+002
  4.5162136e+002  4.2266462e+002
  4.5156111e+002  4.2166371e+002
  4.5156740e+002  4.2067515e+002
  4.5158187e+002  4.1937779e+002
  4.5160933e+002  4.1838631e+002
  4.5164031e+002  4.1743133e+002
  4.5170229e+002  4.1651332e+002
  4.5173705e+002  4.1561554e+002
  4.5179088e+002  4.1471761e+002
  4.5177914e+002  4.1379131e+002
  4.5175670e+002  4.1282537e+002
  4.5170757e+002  4.1156056e+002
  4.5166425e+002  4.1056623e+002
  4.5161207e+002  4.0959501e+002
  4.5161089e+002  4.0868451e+002
  4.5160722e+002  4.0781063e+002
  4.5164470e+002  4.0689190e+002
  4.5165241e+002  4.0590840e+002
  4.5166130e+002  4.0489206e+002
  4.5170922e+002  4.0385147e+002
  4.5177591e+002  4.0276299e+002
  4.5185038e+002  4.0167447e+002
  4.5185034e+002  4.0052564e+002
  4.5177981e+002  3.9938976e+002
  4.5166512e+002  3.9829563e+002
  4.5151416e+002  3.9724482e+002
  4.5137159e+002  3.9625766e+002
  4.5072936e+002  3.9538238e+002
  4.5069347e+002  3.9443550e+002
  4.5064893e+002  3.9355731e+002
  4.5059789e+002  3.9265147e+002
  4.5051823e+002  3.9172717e+002
  4.5041000e+002  3.9077246e+002
  4.4980885e+002  3.9065710e+002
  4.4972108e+002  3.8964399e+002
  4.4970360e+002  3.8862864e+002
  4.4969163e+002  3.8762815e+002
  4.4968458e+002  3.8671972e+002
  4.4962036e+002  3.8578738e+002
  4.4954251e+002  3.8479153e+002
  4.4948237e+002  3.8371773e+002
  4.4883159e+002  3.8372499e+002
  4.4880054e+002  3.8265927e+002
  4.4871784e+002  3.8160023e+002
  4.4857434e+002  3.8059498e+002
  4.4840782e+002  3.7964032e+002
  4.4780493e+002  3.7955062e+002
  4.4767050e+002  3.7856668e+002
  4.4756217e+002  3.7759893e+002
  4.4752561e+002  3.7660450e+002
  4.4748221e+002  3.7562111e+002
  4.4676023e+002  3.7562652e+002
  4.4672983e+002  3.7469172e+002
  4.4667392e+002  3.7374004e+002
  4.4658505e+002  3.7285159e+002
  4.4649822e+002  3.7198341e+002
  4.4564202e+002  3.7185253e+002
  4.4549392e+002  3.7096193e+002
  4.4458351e+002  3.7078002e+002
  4.4443810e+002  3.6984576e+002
  4.4359433e+002  3.6961210e+002
  4.4279240e+002  3.6857393e+002
  4.4233830e+002  3.6751230e+002
  4.4194896e+002  3.6619211e+002
  4.4235374e+002  3.6501006e+002
  4.4219075e+002  3.6444228e+002
  4.4223708e+002  3.6377370e+002
  4.4221767e+002  3.6265889e+002
  4.4168479e+002  3.6176644e+002
  4.4097320e+002  3.5936376e+002
  4.4064091e+002  3.5757579e+002
  4.4056496e+002  3.5704033e+002
  4.4042893e+002  3.5649742e+002
  4.3931656e+002  3.5587431e+002
  4.3832947e+002  3.5529736e+002
  4.3766720e+002  3.5401384e+002
  4.3771374e+002  3.5305128e+002
  4.3776443e+002  3.5207520e+002
  4.3771750e+002  3.5103700e+002
  4.3761998e+002  3.4999636e+002
  4.3756368e+002  3.4897101e+002
  4.3759876e+002  3.4800524e+002
  4.3769847e+002  3.4709743e+002
  4.3777667e+002  3.4617985e+002
  4.3770573e+002  3.4517831e+002
  4.3713000e+002  3.4384811e+002
  4.3636247e+002  3.4312509e+002
  4.3499884e+002  3.4212231e+002
  4.3410912e+002  3.4113466e+002
  4.3342026e+002  3.4005945e+002
  4.3281253e+002  3.3889856e+002
  4.3278740e+002  3.3793033e+002
  4.3270948e+002  3.3699302e+002
  4.3252852e+002  3.3609006e+002
  4.3230520e+002  3.3516953e+002
  4.3157224e+002  3.3421568e+002
  4.3142725e+002  3.3326061e+002
  4.3071264e+002  3.3224839e+002
  4.3053290e+002  3.3125687e+002
  4.3037076e+002  3.3025562e+002
  4.2956078e+002  3.2918733e+002
  4.2953280e+002  3.2820685e+002
  4.2949901e+002  3.2728794e+002
  4.2850122e+002  3.2654435e+002
  4.2829832e+002  3.2582591e+002
  4.2730498e+002  3.2576241e+002
  4.2616791e+002  3.2562961e+002
  4.2497757e+002  3.2545010e+002
  4.2385879e+002  3.2439649e+002
  4.2309814e+002  3.2336827e+002
  4.2242986e+002  3.2228384e+002
  4.2168589e+002  3.2118454e+002
  4.2156485e+002  3.2028344e+002
  4.2148256e+002  3.1934576e+002
  4.2068696e+002  3.1833837e+002
  4.2070855e+002  3.1730574e+002
  4.2086224e+002  3.1620450e+002
  4.2107084e+002  3.1510255e+002
  4.2119156e+002  3.1400005e+002
  4.2121014e+002  3.1291380e+002
  4.2110992e+002  3.1185600e+002
  4.2090695e+002  3.1089368e+002
  4.2064778e+002  3.1003530e+002
  4.2032057e+002  3.0923988e+002
  4.1915049e+002  3.0858652e+002
  4.1808341e+002  3.0851116e+002
  4.1705105e+002  3.0842866e+002
  4.1603666e+002  3.0754199e+002
  4.1528167e+002  3.0725825e+002
  4.1449625e+002  3.0633653e+002
  4.1342084e+002  3.0540240e+002
  4.1235105e+002  3.0463624e+002
  4.1140914e+002  3.0450507e+002
  4.1082355e+002  3.0462420e+002
  4.0939029e+002  3.0322439e+002
  4.0868222e+002  3.0209943e+002
  4.0878764e+002  3.0135573e+002
  4.0884875e+002  3.0055502e+002
  4.0789813e+002  2.9922298e+002
  4.0761099e+002  2.9834591e+002
  4.0726673e+002  2.9757979e+002
  4.0649669e+002  2.9705131e+002
  4.0529938e+002  2.9576306e+002
  4.0427632e+002  2.9494697e+002
  4.0321339e+002  2.9422012e+002
  4.0212512e+002  2.9334282e+002
  4.0110643e+002  2.9230257e+002
  4.0006576e+002  2.9113351e+002
  3.9914816e+002  2.9001485e+002
  3.9822333e+002  2.8897174e+002
  3.9733145e+002  2.8792923e+002
  3.9650312e+002  2.8682577e+002
  3.9625611e+002  2.8606879e+002
  3.9556037e+002  2.8494524e+002
  3.9539906e+002  2.8414889e+002
  3.9479366e+002  2.8301919e+002
  3.9466265e+002  2.8217514e+002
  3.9456080e+002  2.8128413e+002
  3.9450156e+002  2.8036638e+002
  3.9444312e+002  2.7943142e+002
  3.9387386e+002  2.7847340e+002
  3.9393019e+002  2.7760604e+002
  3.9405391e+002  2.7671499e+002
  3.9416923e+002  2.7581929e+002
  3.9410858e+002  2.7491776e+002
  3.9397246e+002  2.7405955e+002
  3.9383349e+002  2.7319116e+002
  3.9385061e+002  2.7234983e+002
  3.9426583e+002  2.7128599e+002
  3.9485795e+002  2.7001438e+002
  3.9470789e+002  2.6972863e+002
  3.9510966e+002  2.6843925e+002
  3.9511167e+002  2.6644535e+002
  3.9504006e+002  2.6448583e+002
  3.9533341e+002  2.6262174e+002
  3.9572023e+002  2.6169613e+002
  3.9604691e+002  2.6087718e+002
  3.9618732e+002  2.5997112e+002
  3.9622217e+002  2.5904121e+002
  3.9622709e+002  2.5812483e+002
  3.9623446e+002  2.5716691e+002
  3.9633374e+002  2.5552897e+002
  3.9631984e+002  2.5442534e+002
  3.9658648e+002  2.5227579e+002
  3.9729973e+002  2.5076119e+002
  3.9666440e+002  2.5279021e+002
  3.9390215e+002  2.5131808e+002
  3.9423658e+002  2.5150305e+002
  3.9449344e+002  2.5207161e+002
  3.9343995e+002  2.5192552e+002
  3.9316718e+002  2.5139752e+002
  3.9152710e+002  2.5067979e+002
  3.9217095e+002  2.4893414e+002
  3.9097359e+002  2.4789838e+002
  3.9014829e+002  2.4693995e+002
  3.8833838e+002  2.4626572e+002
  3.8958547e+002  2.4519610e+002
  3.8973095e+002  2.4482198e+002
  3.8495879e+002  2.4506457e+002
  3.8254071e+002  2.4095014e+002
  3.8211354e+002  2.4105613e+002
  3.8130108e+002  2.4100445e+002
  3.8048833e+002  2.4081735e+002
  3.7976574e+002  2.4044552e+002
  3.8014242e+002  2.3990934e+002
  3.7916046e+002  2.3989936e+002
  3.7683615e+002  2.3627339e+002
  3.7671883e+002  2.3557194e+002
  3.7528990e+002  2.3535657e+002
  3.7448028e+002  2.3512114e+002
  3.7369480e+002  2.3490861e+002
  3.7241557e+002  2.3454319e+002
  3.7202465e+002  2.3444704e+002
  3.7187493e+002  2.3304634e+002
  3.7135173e+002  2.3216181e+002
  3.6976123e+002  2.3140453e+002
  3.6972715e+002  2.3177035e+002
  3.6878585e+002  2.2912341e+002
  3.6840305e+002  2.2831686e+002
  3.6681694e+002  2.2795267e+002
  3.6667341e+002  2.2812578e+002
  3.6595026e+002  2.2721341e+002
  3.6526098e+002  2.2619825e+002
  3.6242438e+002  2.2517009e+002
  3.6113844e+002  2.2492106e+002
  3.6045185e+002  2.2522724e+002
  3.5971482e+002  2.2540098e+002
  3.5877978e+002  2.2318109e+002
  3.5836208e+002  2.2241046e+002
  3.5721459e+002  2.2157467e+002
  3.5655357e+002  2.2144949e+002
  3.5619590e+002  2.2081760e+002
  3.5566169e+002  2.2059177e+002
  3.5476581e+002  2.1957883e+002
  3.5414332e+002  2.1886755e+002
  3.5328591e+002  2.1811279e+002
  3.5223327e+002  2.1689221e+002
  3.5243620e+002  2.1596308e+002
  3.4852721e+002  2.1410175e+002
  3.4807005e+002  2.1326583e+002
  3.4737263e+002  2.1234241e+002
  3.4660888e+002  2.1157570e+002
  3.4582294e+002  2.1093407e+002
  3.4485526e+002  2.1025079e+002
  3.4375101e+002  2.0958296e+002
  3.4236822e+002  2.0919926e+002
  3.4175510e+002  2.0898362e+002
  3.4055994e+002  2.0842312e+002
  3.3940444e+002  2.0799048e+002
  3.3890163e+002  2.0811948e+002
  3.3768899e+002  2.0765499e+002
  3.3562770e+002  2.0600418e+002
  3.3528591e+002  2.0564826e+002
  3.3503360e+002  2.0533934e+002
  3.3512901e+002  2.0461761e+002
  3.3489667e+002  2.0358362e+002
  3.3330925e+002  2.0285983e+002
  3.3119853e+002  2.0075548e+002
  3.3106889e+002  1.9985844e+002
  3.3123011e+002  1.9877303e+002
  3.3156146e+002  1.9793925e+002
  3.3213977e+002  1.9742860e+002
  3.3196321e+002  1.9708365e+002
  3.3204047e+002  1.9620437e+002
  3.3198516e+002  1.9546231e+002
  3.3201137e+002  1.9491913e+002
  3.3228368e+002  1.9474316e+002
  3.3657549e+002  1.9291422e+002
  3.3761598e+002  1.9333086e+002
  3.3820408e+002  1.9301086e+002
  3.3858903e+002  1.9189608e+002
  3.3896810e+002  1.9046536e+002
  3.3837767e+002  1.8992147e+002
  3.3789896e+002  1.8992732e+002
  3.3795275e+002  1.9104000e+002
  3.3776646e+002  1.9339044e+002
  3.3790331e+002  1.9353171e+002
  3.3800401e+002  1.9398735e+002
  3.3878948e+002  1.9363244e+002
  3.3894037e+002  1.9470474e+002
  3.4047101e+002  1.9252028e+002
  3.4186177e+002  1.9127463e+002
  3.4648505e+002  1.9478824e+002
  3.4576009e+002  1.9522101e+002
  3.4626200e+002  1.9613709e+002
  3.4759607e+002  1.9828564e+002
  3.4792360e+002  1.9899000e+002
  3.4707553e+002  1.9864246e+002
  3.4708975e+002  1.9840674e+002
  3.4681204e+002  1.9762641e+002
  3.4708975e+002  1.9840674e+002
  3.4707553e+002  1.9864246e+002
  3.4852348e+002  2.0107103e+002
  3.5070923e+002  1.9984601e+002
  3.5160069e+002  2.0320998e+002
  3.5343259e+002  2.0244364e+002
  3.5441418e+002  2.0154384e+002
  3.5517775e+002  2.0171494e+002
  3.5583427e+002  2.0194113e+002
  3.5659087e+002  2.0217762e+002
  3.5731113e+002  2.0234939e+002
  3.5804508e+002  2.0318131e+002
  3.5867706e+002  2.0335220e+002
  3.5919186e+002  2.0355478e+002
  3.5950663e+002  2.0385255e+002
  3.5988729e+002  2.0495098e+002
  3.5931766e+002  2.0527539e+002
  3.5872697e+002  2.0513002e+002
  3.5881992e+002  2.0602833e+002
  3.6045415e+002  2.0802205e+002
  3.6053067e+002  2.0867516e+002
  3.6135471e+002  2.0947090e+002
  3.6230867e+002  2.1011039e+002
  3.6304155e+002  2.1065128e+002
  3.6382696e+002  2.1023470e+002
  3.6585593e+002  2.1177594e+002
  3.6651892e+002  2.1113679e+002
  3.6727246e+002  2.1039201e+002
  3.6739328e+002  2.0958854e+002
  3.6677402e+002  2.0937324e+002
  3.6519872e+002  2.0901817e+002
  3.6452843e+002  2.0890586e+002
  3.6688316e+002  2.0853127e+002
  3.6748624e+002  2.0875323e+002
  3.6813923e+002  2.0885419e+002
  3.6881893e+002  2.0810893e+002
  3.6944900e+002  2.0812493e+002
  3.7016172e+002  2.0751446e+002
  3.7172568e+002  2.0534217e+002
  3.7159201e+002  2.0492189e+002
  3.7232481e+002  2.0451859e+002
  3.7269075e+002  2.0364229e+002
  3.7513393e+002  2.0257279e+002
  3.7433616e+002  2.0214146e+002
  3.8277523e+002  1.9807168e+002
  3.7574426e+002  1.9757258e+002
  3.8836745e+002  1.9644124e+002
  3.8765198e+002  1.9623982e+002
  3.8924465e+002  1.9755715e+002
  3.8989291e+002  1.9719888e+002
  3.9378055e+002  1.9372858e+002
  3.9526009e+002  1.9654874e+002
  3.9571993e+002  1.9632355e+002
  3.9702490e+002  1.9684539e+002
  3.9790994e+002  1.9755522e+002
  3.9875765e+002  1.9898832e+002
  3.9952747e+002  2.0036972e+002
  4.0166076e+002  1.9967137e+002
  4.0289641e+002  2.0038043e+002
  4.0370904e+002  1.9982254e+002
  4.0452863e+002  1.9943349e+002
  4.0550214e+002  1.9880255e+002
  4.0649697e+002  1.9874603e+002
  4.0762887e+002  1.9886306e+002
  4.0890836e+002  1.9918498e+002
  4.0973764e+002  1.9950307e+002
  4.1049895e+002  2.0098690e+002
  4.0972087e+002  2.0175251e+002
  4.0985308e+002  2.0242362e+002
  4.1053429e+002  2.0170257e+002
  4.1211749e+002  2.0221289e+002
  4.1324294e+002  2.0205243e+002
  4.1543296e+002  2.0235222e+002
  4.1583418e+002  2.0235695e+002
  4.1631141e+002  2.0217814e+002
  4.1661694e+002  2.0311152e+002
  4.1712373e+002  2.0297354e+002
  4.1695717e+002  2.0349997e+002
  4.1967896e+002  2.0190160e+002
  4.2198029e+002  2.0185084e+002
  4.2330765e+002  2.0280246e+002
  4.2417647e+002  2.0364674e+002
  4.2504812e+002  2.0454415e+002
  4.2598609e+002  2.0547561e+002
  4.2674162e+002  2.0576640e+002
  4.2750169e+002  2.0664281e+002
  4.2816973e+002  2.0740907e+002
  4.2891863e+002  2.0705023e+002
  4.3134216e+002  2.0656707e+002
  4.3187247e+002  2.0631858e+002
  4.3258959e+002  2.0576251e+002
  4.3349105e+002  2.0587107e+002
  4.3461756e+002  2.0622254e+002
  4.3580081e+002  2.0620217e+002
  4.3659916e+002  2.0641492e+002
  4.3738447e+002  2.0667603e+002
  4.3832058e+002  2.0795690e+002
  4.3916248e+002  2.0878588e+002
  4.3986738e+002  2.0942323e+002
  4.4053683e+002  2.0951649e+002
  4.4143489e+002  2.1017228e+002
  4.4227557e+002  2.1028943e+002
  4.4398771e+002  2.1053535e+002
  4.4518944e+002  2.1077987e+002
  4.4642110e+002  2.1091844e+002
  4.4763306e+002  2.1145600e+002
  4.4791530e+002  2.0986236e+002
  4.4798044e+002  2.0855503e+002
  4.4840092e+002  2.0841372e+002
  4.4800018e+002  2.0870983e+002
  4.4916909e+002  2.0898233e+002
  4.4897735e+002  2.0933320e+002
  4.4954563e+002  2.0959915e+002
  4.4942570e+002  2.1040764e+002
  4.4868332e+002  2.0986664e+002
  4.4942570e+002  2.1040764e+002
  4.4988765e+002  2.0954421e+002
  4.4976925e+002  2.0830797e+002
  4.5275261e+002  2.0378707e+002
  4.5454878e+002  2.0460522e+002
  4.5502710e+002  2.0406964e+002
  4.5572166e+002  2.0481616e+002
  4.5640433e+002  2.0585771e+002
  4.5653375e+002  2.0679606e+002
  4.5708353e+002  2.0789807e+002
  4.5725490e+002  2.0869102e+002
  4.5741960e+002  2.0947894e+002
  4.5799967e+002  2.0970919e+002
  4.5820026e+002  2.1046485e+002
  4.5866574e+002  2.1078499e+002
  4.5858914e+002  2.1154827e+002
  4.5801226e+002  2.1238441e+002
  4.5787816e+002  2.1221461e+002
  4.5727795e+002  2.1325053e+002
  4.5726136e+002  2.1367685e+002
  4.5707175e+002  2.1460303e+002
  4.5708663e+002  2.1545299e+002
  4.5722805e+002  2.1628928e+002
  4.5724239e+002  2.1716466e+002
  4.5732290e+002  2.1814979e+002
  4.5730319e+002  2.1923703e+002
  4.5727922e+002  2.2031589e+002
  4.5723550e+002  2.2125906e+002
  4.5786797e+002  2.2212284e+002
  4.5808164e+002  2.2191179e+002
  4.5824022e+002  2.2232223e+002
  4.5940539e+002  2.2272522e+002
  4.5955781e+002  2.2364142e+002
  4.5943678e+002  2.2443567e+002
  4.6106807e+002  2.2798482e+002
  4.6156009e+002  2.2932981e+002
  4.6187306e+002  2.2963124e+002
  4.6222398e+002  2.2991576e+002
  4.6297225e+002  2.3077246e+002
  4.6398636e+002  2.3138005e+002
  4.6694368e+002  2.3234534e+002
  4.6817327e+002  2.3308469e+002
  4.6892585e+002  2.3399757e+002
  4.6948121e+002  2.3493108e+002
  4.6957760e+002  2.3572475e+002
  4.7078999e+002  2.3667299e+002
  4.7153875e+002  2.3719359e+002
  4.7225591e+002  2.3745816e+002
  4.7342608e+002  2.3830026e+002
  4.7446895e+002  2.3913512e+002
  4.7481716e+002  2.4024332e+002
  4.7634389e+002  2.4147760e+002
  4.7595048e+002  2.4211863e+002
  4.7512088e+002  2.4353361e+002
  4.7994927e+002  2.4312092e+002
  4.8010969e+002  2.4255686e+002
  4.8128159e+002  2.4502796e+002
  4.8110514e+002  2.4593562e+002
  4.8103431e+002  2.4688343e+002
  4.8102399e+002  2.4784444e+002
  4.8106664e+002  2.4886432e+002
  4.8107428e+002  2.4992986e+002
  4.8107732e+002  2.5105643e+002
  4.8099253e+002  2.5216082e+002
  4.8073041e+002  2.5331056e+002
  4.8080937e+002  2.5374907e+002
  4.8080030e+002  2.5433536e+002
  4.8075206e+002  2.5485757e+002
  4.8179661e+002  2.5558707e+002
  4.8301562e+002  2.5586530e+002
  4.8417978e+002  2.5539518e+002
  4.8539641e+002  2.5399729e+002
  4.8736348e+002  2.5459649e+002
  4.8722912e+002  2.5589242e+002
  4.8703379e+002  2.5699380e+002
  4.8679847e+002  2.5813157e+002
  4.8653754e+002  2.5920485e+002
  4.8647822e+002  2.6095564e+002
  4.8577159e+002  2.6233736e+002
  4.8576625e+002  2.6294408e+002
  4.8582484e+002  2.6353471e+002
  4.8622300e+002  2.6432799e+002
  4.8670255e+002  2.6534172e+002
  4.8703726e+002  2.6531756e+002
  4.8747398e+002  2.6649527e+002
  4.8786189e+002  2.6766218e+002
  4.8870953e+002  2.6884138e+002
  4.8969966e+002  2.6976296e+002
  4.9052761e+002  2.7078553e+002
  4.9095573e+002  2.7185284e+002
  4.9079640e+002  2.7325996e+002
  4.9095932e+002  2.7393499e+002
  4.9119615e+002  2.7482827e+002
  4.9149758e+002  2.7580872e+002
  4.9186253e+002  2.7696645e+002
  4.9229666e+002  2.7809427e+002
  4.9246152e+002  2.7904888e+002
  4.9253952e+002  2.7991784e+002
  4.9326668e+002  2.8103967e+002
  4.9344227e+002  2.8178082e+002
  4.9361129e+002  2.8226225e+002
  4.9474329e+002  2.8245866e+002
  4.9614646e+002  2.8232006e+002
  4.9774467e+002  2.8234010e+002
  4.9901288e+002  2.8245326e+002
  4.9955281e+002  2.8273720e+002
  4.9758551e+002  2.8400564e+002
  4.9895621e+002  2.8338523e+002
  4.9951428e+002  2.8623510e+002
  4.9998559e+002  2.8739848e+002
  5.0025364e+002  2.8799405e+002
  5.0056573e+002  2.8915073e+002
  5.0228497e+002  2.8956250e+002
  5.0388816e+002  2.9046823e+002
  5.0512471e+002  2.8876070e+002
  5.0585769e+002  2.8869186e+002
  5.0683208e+002  2.8879333e+002
  5.0708635e+002  2.8941370e+002
  5.0745164e+002  2.9053819e+002
  5.0680327e+002  2.9118243e+002
  5.0754523e+002  2.9213208e+002
  5.0823000e+002  2.9489092e+002
  5.0894104e+002  2.9651156e+002
  5.0912222e+002  2.9823589e+002
  5.0910480e+002  2.9905239e+002
  5.0924319e+002  2.9993663e+002
  5.0946953e+002  3.0091672e+002
  5.0957446e+002  3.0185650e+002
  5.0976889e+002  3.0306285e+002
  5.0963378e+002  3.0385030e+002
  5.0945646e+002  3.0476244e+002
  5.0907125e+002  3.0575242e+002
  5.0911895e+002  3.0724314e+002
  5.0944740e+002  3.0815550e+002
  5.0979644e+002  3.0898473e+002
  5.1065227e+002  3.0981200e+002
  5.1158947e+002  3.1039853e+002
  5.1223302e+002  3.1030749e+002
  5.1249517e+002  3.1092076e+002
  5.1245197e+002  3.1159750e+002
  5.1246901e+002  3.1282718e+002
  5.1252731e+002  3.1499237e+002
  5.1319995e+002  3.1549604e+002
  5.1288677e+002  3.1593308e+002
  5.1311406e+002  3.1607483e+002
  5.1534327e+002  3.1952784e+002
  5.1588685e+002  3.2100999e+002
  5.1651484e+002  3.2204601e+002
  5.1728666e+002  3.2295698e+002
  5.1754356e+002  3.2331968e+002
  5.1828060e+002  3.2344936e+002
  5.2072765e+002  3.2479827e+002
  5.2119712e+002  3.2320511e+002
  5.2232932e+002  3.2623264e+002
  5.2367179e+002  3.2894887e+002
  5.2417248e+002  3.2971115e+002
  5.2405711e+002  3.3020077e+002
  5.2488480e+002  3.3051043e+002
  5.2562823e+002  3.3055877e+002
  5.2603001e+002  3.2958109e+002
  5.3487421e+002  3.3103248e+002
  5.3541586e+002  3.3142367e+002
  5.3635971e+002  3.3203769e+002
  5.3793400e+002  3.3196231e+002
  5.3835113e+002  3.3161204e+002
  5.4036242e+002  3.3264438e+002
  5.4015777e+002  3.3379040e+002
  5.3999811e+002  3.3565001e+002
  5.4005267e+002  3.3782462e+002
  5.4003984e+002  3.3946616e+002
  5.3992779e+002  3.4001115e+002
  5.4011992e+002  3.4006106e+002
  5.4101601e+002  3.4024512e+002
  5.4289024e+002  3.3981239e+002
  5.4330542e+002  3.4060672e+002
  5.4435251e+002  3.4072374e+002
  5.4539950e+002  3.4125854e+002
  5.4516482e+002  3.4306033e+002
  5.4639916e+002  3.4354879e+002
  5.4783572e+002  3.4558129e+002
  5.4778942e+002  3.4818821e+002
  5.4786491e+002  3.4901933e+002
  5.4797092e+002  3.4957838e+002
  5.4860069e+002  3.5055143e+002
  5.4904169e+002  3.5101571e+002
  5.5011528e+002  3.5270817e+002
  5.5032317e+002  3.5412972e+002
  5.5073075e+002  3.5512463e+002
  5.5233786e+002  3.5549465e+002
  5.5310748e+002  3.5487199e+002
  5.5335202e+002  3.5521742e+002
  5.5375831e+002  3.5640015e+002
  5.5355799e+002  3.5728268e+002
  5.5648496e+002  3.5822996e+002
  5.5759829e+002  3.5981153e+002
  5.5796089e+002  3.6069259e+002
  5.5822360e+002  3.6310612e+002
  5.5894152e+002  3.6430690e+002
  5.5939088e+002  3.6519289e+002
  5.5929762e+002  3.6564563e+002
  5.5945985e+002  3.6612809e+002
  5.6072205e+002  3.6671675e+002
  5.6170790e+002  3.6698757e+002
  5.6297116e+002  3.6744226e+002
  5.6327825e+002  3.6771896e+002
  5.6329815e+002  3.6892848e+002
  5.6317389e+002  3.7011033e+002
  5.6271030e+002  3.7119226e+002
  5.6179543e+002  3.7217083e+002
  5.6188278e+002  3.7421381e+002
  5.6033252e+002  3.7512296e+002
  5.5964455e+002  3.7550131e+002
