  1.9629288e+002  4.1001840e+002
  1.9655317e+002  4.1097845e+002
  1.9732494e+002  4.1212262e+002
  1.9758225e+002  4.1310150e+002
  1.9828341e+002  4.1420505e+002
  1.9846594e+002  4.1515058e+002
  1.9861814e+002  4.1606382e+002
  1.9927697e+002  4.1707853e+002
  1.9943380e+002  4.1795300e+002
  1.9959073e+002  4.1884168e+002
  2.0026517e+002  4.1990684e+002
  2.0042338e+002  4.2082329e+002
  2.0055093e+002  4.2173533e+002
  2.0124468e+002  4.2279322e+002
  2.0136251e+002  4.2371401e+002
  2.0147583e+002  4.2460637e+002
  2.0162527e+002  4.2541802e+002
  2.0236022e+002  4.2563429e+002
  2.0267310e+002  4.2640134e+002
  2.0348009e+002  4.2659742e+002
  2.0389576e+002  4.2738207e+002
  2.0469373e+002  4.2762367e+002
  2.0582184e+002  4.2875649e+002
  2.0675141e+002  4.2995661e+002
  2.0756671e+002  4.3113860e+002
  2.0829243e+002  4.3225687e+002
  2.0847166e+002  4.3315193e+002
  2.0869663e+002  4.3367217e+002
  2.0938494e+002  4.3480701e+002
  2.0949711e+002  4.3570062e+002
  2.0958558e+002  4.3656503e+002
  2.1032610e+002  4.3762520e+002
  2.1047104e+002  4.3848896e+002
  2.1128173e+002  4.3955206e+002
  2.1143808e+002  4.4042365e+002
  2.1230122e+002  4.4151046e+002
  2.1252080e+002  4.4237370e+002
  2.1318761e+002  4.4264419e+002
  2.1343512e+002  4.4351416e+002
  2.1367339e+002  4.4440526e+002
  2.1433203e+002  4.4468418e+002
  2.1453523e+002  4.4556617e+002
  2.1535622e+002  4.4671030e+002
  2.1553578e+002  4.4755878e+002
  2.1642712e+002  4.4867891e+002
  2.1665486e+002  4.4949224e+002
  2.1734676e+002  4.4983502e+002
  2.1757519e+002  4.5064018e+002
  2.1849554e+002  4.5176326e+002
  2.1872122e+002  4.5252185e+002
  2.1975077e+002  4.5350487e+002
  2.2076509e+002  4.5449999e+002
  2.2148516e+002  4.5474597e+002
  2.2171529e+002  4.5554958e+002
  2.2261145e+002  4.5664824e+002
  2.2355979e+002  4.5781981e+002
  2.2457236e+002  4.5903670e+002
  2.2564834e+002  4.6015425e+002
  2.2662676e+002  4.6104291e+002
  2.2750099e+002  4.6186703e+002
  2.2839464e+002  4.6284838e+002
  2.2861319e+002  4.6371208e+002
  2.2955052e+002  4.6478312e+002
  2.3050540e+002  4.6582808e+002
  2.3144821e+002  4.6681378e+002
  2.3168227e+002  4.6753275e+002
  2.3267520e+002  4.6848132e+002
  2.3373507e+002  4.6896744e+002
  2.3470093e+002  4.6981592e+002
  2.3568745e+002  4.7067178e+002
  2.3670694e+002  4.7154129e+002
  2.3769596e+002  4.7250085e+002
  2.3852109e+002  4.7361799e+002
  2.3928858e+002  4.7481052e+002
  2.3958029e+002  4.7569645e+002
  2.4052075e+002  4.7670047e+002
  2.4145048e+002  4.7774162e+002
  2.4196869e+002  4.7886900e+002
  2.4301853e+002  4.7970970e+002
  2.4409624e+002  4.8046093e+002
  2.4494870e+002  4.8054655e+002
  2.4603303e+002  4.8127846e+002
  2.4689503e+002  4.8141416e+002
  2.4775811e+002  4.8158880e+002
  2.4880295e+002  4.8245678e+002
  2.4962088e+002  4.8271287e+002
  2.5062219e+002  4.8372211e+002
  2.5163726e+002  4.8480060e+002
  2.5266360e+002  4.8587317e+002
  2.5368095e+002  4.8680098e+002
  2.5480926e+002  4.8757581e+002
  2.5599327e+002  4.8830660e+002
  2.5687659e+002  4.8851153e+002
  2.5798890e+002  4.8941943e+002
  2.5879826e+002  4.8971972e+002
  2.5974416e+002  4.9079923e+002
  2.6060637e+002  4.9192231e+002
  2.6155613e+002  4.9293485e+002
  2.6263110e+002  4.9379401e+002
  2.6380682e+002  4.9443967e+002
  2.6476349e+002  4.9448305e+002
  2.6570951e+002  4.9459267e+002
  2.6688343e+002  4.9540076e+002
  2.6780131e+002  4.9566460e+002
  2.6885454e+002  4.9659805e+002
  2.6985536e+002  4.9746376e+002
  2.7076321e+002  4.9759154e+002
  2.7183612e+002  4.9830474e+002
  2.7278588e+002  4.9840915e+002
  2.7375409e+002  4.9855523e+002
  2.7487695e+002  4.9930959e+002
  2.7578259e+002  4.9956574e+002
  2.7672356e+002  5.0059742e+002
  2.7764360e+002  5.0170149e+002
  2.7860555e+002  5.0271302e+002
  2.7962156e+002  5.0357922e+002
  2.8064733e+002  5.0433621e+002
  2.8162775e+002  5.0426358e+002
  2.8263857e+002  5.0419516e+002
  2.8370084e+002  5.0418037e+002
  2.8477010e+002  5.0424911e+002
  2.8581905e+002  5.0441141e+002
  2.8683730e+002  5.0461061e+002
  2.8788539e+002  5.0541691e+002
  2.8885807e+002  5.0563051e+002
  2.8990005e+002  5.0646778e+002
  2.9081855e+002  5.0665357e+002
  2.9174643e+002  5.0758171e+002
  2.9270079e+002  5.0851284e+002
  2.9372474e+002  5.0939746e+002
  2.9459555e+002  5.0950040e+002
  2.9572585e+002  5.1024086e+002
  2.9669496e+002  5.1022453e+002
  2.9768756e+002  5.1022650e+002
  2.9867594e+002  5.1024093e+002
  2.9965030e+002  5.1035213e+002
  3.0059805e+002  5.1055268e+002
  3.0156266e+002  5.1159289e+002
  3.0252593e+002  5.1265460e+002
  3.0351767e+002  5.1361762e+002
  3.0457308e+002  5.1443542e+002
  3.0556177e+002  5.1441219e+002
  3.0660907e+002  5.1427579e+002
  3.0768004e+002  5.1416939e+002
  3.0874677e+002  5.1407624e+002
  3.0979180e+002  5.1411808e+002
  3.1079483e+002  5.1427384e+002
  3.1174554e+002  5.1453915e+002
  3.1271282e+002  5.1556874e+002
  3.1362070e+002  5.1657849e+002
  3.1460707e+002  5.1747100e+002
  3.1548040e+002  5.1715615e+002
  3.1647917e+002  5.1717101e+002
  3.1746908e+002  5.1715324e+002
  3.1911346e+002  5.1713029e+002
  3.2007713e+002  5.1710782e+002
  3.2100926e+002  5.1722748e+002
  3.2178976e+002  5.1731803e+002
  3.2296270e+002  5.1724032e+002
  3.2411077e+002  5.1709171e+002
  3.2518293e+002  5.1691853e+002
  3.2614570e+002  5.1683658e+002
  3.2704124e+002  5.1683049e+002
  3.2793648e+002  5.1689090e+002
  3.2886452e+002  5.1698176e+002
  3.2980482e+002  5.1707385e+002
  3.3073757e+002  5.1721716e+002
  3.3162221e+002  5.1740795e+002
  3.3245518e+002  5.1766933e+002
  3.3260338e+002  5.1843555e+002
  3.3342452e+002  5.1879313e+002
  3.3353455e+002  5.1957238e+002
  3.3439682e+002  5.2069861e+002
  3.3435955e+002  5.2152619e+002
  3.3434769e+002  5.2246040e+002
  3.3522626e+002  5.2351586e+002
  3.3535979e+002  5.2448252e+002
  3.3648628e+002  5.2525569e+002
  3.3838313e+002  5.2560747e+002
  3.3915765e+002  5.2526206e+002
  3.4002216e+002  5.2420913e+002
  3.4094015e+002  5.2329876e+002
  3.4188377e+002  5.2251095e+002
  3.4276874e+002  5.2260929e+002
  3.4365864e+002  5.2269233e+002
  3.4455206e+002  5.2266928e+002
  3.4546997e+002  5.2253107e+002
  3.4642251e+002  5.2234514e+002
  3.4649640e+002  5.2165912e+002
  3.4749546e+002  5.2153954e+002
  3.4908742e+002  5.2087008e+002
  3.5005407e+002  5.2089698e+002
  3.5100286e+002  5.2096585e+002
  3.5192084e+002  5.2110513e+002
  3.5282804e+002  5.2125424e+002
  3.5371942e+002  5.2143801e+002
  3.5460949e+002  5.2163911e+002
  3.5542539e+002  5.2255859e+002
  3.5541330e+002  5.2335204e+002
  3.5629000e+002  5.2339862e+002
  3.5823965e+002  5.2299984e+002
  3.5897531e+002  5.2264923e+002
  3.5974607e+002  5.2233428e+002
  3.6064511e+002  5.2129318e+002
  3.6170163e+002  5.2050275e+002
  3.6266190e+002  5.2049439e+002
  3.6377213e+002  5.1975295e+002
  3.6470331e+002  5.1979811e+002
  3.6563669e+002  5.1984216e+002
  3.6657763e+002  5.1991770e+002
  3.6755023e+002  5.1996284e+002
  3.6855851e+002  5.1997636e+002
  3.7039728e+002  5.1996848e+002
  3.7139809e+002  5.1993422e+002
  3.7236121e+002  5.2000957e+002
  3.7325453e+002  5.2012935e+002
  3.7412548e+002  5.2023852e+002
  3.7499032e+002  5.2028446e+002
  3.7589516e+002  5.2029537e+002
  3.7683770e+002  5.2031226e+002
  3.7780766e+002  5.2030137e+002
  3.7921826e+002  5.2025365e+002
  3.8014952e+002  5.2015558e+002
  3.8106696e+002  5.2003927e+002
  3.8197152e+002  5.1990273e+002
  3.8286324e+002  5.1979699e+002
  3.8375407e+002  5.1967253e+002
  3.8464702e+002  5.1959159e+002
  3.8554023e+002  5.1948901e+002
  3.8664525e+002  5.1857042e+002
  3.8757364e+002  5.1835003e+002
  3.8854660e+002  5.1732753e+002
  3.8948678e+002  5.1628792e+002
  3.8958952e+002  5.1547335e+002
  3.9065069e+002  5.1446758e+002
  3.9175815e+002  5.1356564e+002
  3.9279389e+002  5.1359808e+002
  3.9379012e+002  5.1375593e+002
  3.9473911e+002  5.1386443e+002
  3.9563222e+002  5.1383244e+002
  3.9646689e+002  5.1357373e+002
  3.9753471e+002  5.1254749e+002
  3.9851035e+002  5.1225874e+002
  3.9977364e+002  5.1146373e+002
  4.0094173e+002  5.1061552e+002
  4.0189045e+002  5.1042678e+002
  4.0286720e+002  5.0945207e+002
  4.0381018e+002  5.0836863e+002
  4.0469525e+002  5.0722853e+002
  4.0560407e+002  5.0611145e+002
  4.0659796e+002  5.0511904e+002
  4.0766806e+002  5.0428100e+002
  4.0886478e+002  5.0357574e+002
  4.0982375e+002  5.0365418e+002
  4.1078339e+002  5.0371554e+002
  4.1175149e+002  5.0366620e+002
  4.1269212e+002  5.0352636e+002
  4.1339229e+002  5.0323621e+002
  4.1347565e+002  5.0240666e+002
  4.1356195e+002  5.0154391e+002
  4.1444558e+002  5.0139043e+002
  4.1453240e+002  5.0053761e+002
  4.1541522e+002  5.0038467e+002
  4.1558095e+002  4.9953819e+002
  4.1683030e+002  4.9894033e+002
  4.1776263e+002  4.9786357e+002
  4.1870029e+002  4.9685958e+002
  4.1966177e+002  4.9592528e+002
  4.2057008e+002  4.9502931e+002
  4.2133426e+002  4.9403618e+002
  4.2135712e+002  4.9307133e+002
  4.2135230e+002  4.9209744e+002
  4.2138053e+002  4.9111090e+002
  4.2143514e+002  4.9015933e+002
  4.2156804e+002  4.8921628e+002
  4.2241553e+002  4.8814299e+002
  4.2256994e+002  4.8720329e+002
  4.2345274e+002  4.8615790e+002
  4.2365201e+002  4.8527251e+002
  4.2458701e+002  4.8432299e+002
  4.2553998e+002  4.8334698e+002
  4.2647168e+002  4.8227026e+002
  4.2665333e+002  4.8134057e+002
  4.2760066e+002  4.8024001e+002
  4.2850594e+002  4.7918542e+002
  4.2934442e+002  4.7811091e+002
  4.2941944e+002  4.7718407e+002
  4.2951731e+002  4.7625664e+002
  4.3038143e+002  4.7521142e+002
  4.3053539e+002  4.7427892e+002
  4.3143464e+002  4.7324436e+002
  4.3160201e+002  4.7230825e+002
  4.3244179e+002  4.7131420e+002
  4.3255365e+002  4.7039860e+002
  4.3332277e+002  4.6941095e+002
  4.3329472e+002  4.6845102e+002
  4.3326286e+002  4.6744198e+002
  4.3322288e+002  4.6636860e+002
  4.3324463e+002  4.6528674e+002
  4.3333138e+002  4.6425872e+002
  4.3347861e+002  4.6327596e+002
  4.3369101e+002  4.6233401e+002
  4.3454957e+002  4.6136181e+002
  4.3540153e+002  4.6041882e+002
  4.3551232e+002  4.5942675e+002
  4.3619597e+002  4.5838222e+002
  4.3624345e+002  4.5728519e+002
  4.3628153e+002  4.5622998e+002
  4.3637454e+002  4.5521005e+002
  4.3648061e+002  4.5421124e+002
  4.3662634e+002  4.5322888e+002
  4.3760392e+002  4.5217087e+002
  4.3872695e+002  4.5124992e+002
  4.3980211e+002  4.5032452e+002
  4.4064572e+002  4.4925855e+002
  4.4136737e+002  4.4815114e+002
  4.4134193e+002  4.4721044e+002
  4.4131896e+002  4.4624394e+002
  4.4128952e+002  4.4526337e+002
  4.4125941e+002  4.4424649e+002
  4.4115691e+002  4.4293808e+002
  4.4107029e+002  4.4204904e+002
  4.4093658e+002  4.4115224e+002
  4.4080927e+002  4.4022272e+002
  4.4070259e+002  4.3923973e+002
  4.4055608e+002  4.3831209e+002
  4.4065724e+002  4.3725610e+002
  4.4080502e+002  4.3590313e+002
  4.4091629e+002  4.3495176e+002
  4.4099862e+002  4.3399510e+002
  4.4105336e+002  4.3302195e+002
  4.4107905e+002  4.3205236e+002
  4.4110446e+002  4.3107114e+002
  4.4112777e+002  4.3009969e+002
  4.4115059e+002  4.2912418e+002
  4.4117935e+002  4.2813795e+002
  4.4121960e+002  4.2714587e+002
  4.4126024e+002  4.2614208e+002
  4.4129120e+002  4.2513687e+002
  4.4131773e+002  4.2411020e+002
  4.4131882e+002  4.2305283e+002
  4.4127046e+002  4.2202289e+002
  4.4121052e+002  4.2098136e+002
  4.4118909e+002  4.1999718e+002
  4.4117680e+002  4.1900655e+002
  4.4118222e+002  4.1799784e+002
  4.4118456e+002  4.1698820e+002
  4.4118635e+002  4.1593676e+002
  4.4119160e+002  4.1491456e+002
  4.4121268e+002  4.1390386e+002
  4.4122406e+002  4.1291906e+002
  4.4119732e+002  4.1195634e+002
  4.4112243e+002  4.1102581e+002
  4.4098163e+002  4.1010583e+002
  4.4078761e+002  4.0919090e+002
  4.4061570e+002  4.0826330e+002
  4.4047959e+002  4.0731225e+002
  4.3982236e+002  4.0620711e+002
  4.3982524e+002  4.0519525e+002
  4.3988717e+002  4.0415167e+002
  4.3999636e+002  4.0288762e+002
  4.4007661e+002  4.0190752e+002
  4.4017509e+002  4.0093988e+002
  4.4024737e+002  3.9998684e+002
  4.4026567e+002  3.9901094e+002
  4.4011099e+002  3.9779135e+002
  4.3990741e+002  3.9679813e+002
  4.3970393e+002  3.9581058e+002
  4.3955425e+002  3.9485234e+002
  4.3948400e+002  3.9390268e+002
  4.3890667e+002  3.9288847e+002
  4.3893978e+002  3.9194080e+002
  4.3898847e+002  3.9097274e+002
  4.3899629e+002  3.8999478e+002
  4.3898628e+002  3.8900005e+002
  4.3894760e+002  3.8800605e+002
  4.3886666e+002  3.8700922e+002
  4.3877997e+002  3.8601582e+002
  4.3870712e+002  3.8503027e+002
  4.3861653e+002  3.8405824e+002
  4.3853737e+002  3.8308000e+002
  4.3845584e+002  3.8211217e+002
  4.3781236e+002  3.8105445e+002
  4.3778576e+002  3.8005855e+002
  4.3776394e+002  3.7904122e+002
  4.3770068e+002  3.7803686e+002
  4.3761828e+002  3.7704740e+002
  4.3749226e+002  3.7608846e+002
  4.3676073e+002  3.7505779e+002
  4.3662578e+002  3.7410585e+002
  4.3650008e+002  3.7314100e+002
  4.3637644e+002  3.7215131e+002
  4.3571332e+002  3.7097062e+002
  4.3558831e+002  3.6997850e+002
  4.3544025e+002  3.6901720e+002
  4.3471473e+002  3.6794423e+002
  4.3460329e+002  3.6699639e+002
  4.3449525e+002  3.6606491e+002
  4.3386103e+002  3.6498234e+002
  4.3367766e+002  3.6402787e+002
  4.3349162e+002  3.6304931e+002
  4.3285893e+002  3.6190847e+002
  4.3278208e+002  3.6089171e+002
  4.3273559e+002  3.5990798e+002
  4.3267056e+002  3.5894175e+002
  4.3257710e+002  3.5799530e+002
  4.3243496e+002  3.5708641e+002
  4.3173116e+002  3.5603296e+002
  4.3158833e+002  3.5505859e+002
  4.3146756e+002  3.5406638e+002
  4.3081150e+002  3.5292859e+002
  4.3065547e+002  3.5194150e+002
  4.3049010e+002  3.5099064e+002
  4.2973965e+002  3.4990458e+002
  4.2953241e+002  3.4898518e+002
  4.2932510e+002  3.4808297e+002
  4.2858366e+002  3.4697868e+002
  4.2839541e+002  3.4607442e+002
  4.2764242e+002  3.4498159e+002
  4.2745094e+002  3.4407227e+002
  4.2669695e+002  3.4298832e+002
  4.2652125e+002  3.4208237e+002
  4.2636379e+002  3.4116672e+002
  4.2566323e+002  3.4008784e+002
  4.2552488e+002  3.3915095e+002
  4.2536527e+002  3.3821096e+002
  4.2465615e+002  3.3705057e+002
  4.2448700e+002  3.3611074e+002
  4.2369478e+002  3.3502716e+002
  4.2348975e+002  3.3415096e+002
  4.2267854e+002  3.3315999e+002
  4.2250910e+002  3.3229726e+002
  4.2232490e+002  3.3145258e+002
  4.2157065e+002  3.3035572e+002
  4.2130759e+002  3.2951860e+002
  4.2067312e+002  3.2924664e+002
  4.2032694e+002  3.2841079e+002
  4.1924663e+002  3.2735737e+002
  4.1820710e+002  3.2634796e+002
  4.1726001e+002  3.2529343e+002
  4.1636640e+002  3.2419372e+002
  4.1558089e+002  3.2302525e+002
  4.1552748e+002  3.2207654e+002
  4.1548730e+002  3.2114093e+002
  4.1480122e+002  3.1990783e+002
  4.1463640e+002  3.1902045e+002
  4.1437945e+002  3.1817966e+002
  4.1338859e+002  3.1710693e+002
  4.1220654e+002  3.1596788e+002
  4.1131880e+002  3.1508915e+002
  4.1042780e+002  3.1421149e+002
  4.0949461e+002  3.1330912e+002
  4.0827378e+002  3.1208372e+002
  4.0740719e+002  3.1101770e+002
  4.0662786e+002  3.0995300e+002
  4.0649774e+002  3.0911725e+002
  4.0577717e+002  3.0804779e+002
  4.0563731e+002  3.0718633e+002
  4.0529258e+002  3.0663892e+002
  4.0460033e+002  3.0629929e+002
  4.0442888e+002  3.0552930e+002
  4.0370357e+002  3.0522724e+002
  4.0350228e+002  3.0447494e+002
  4.0328154e+002  3.0372065e+002
  4.0253006e+002  3.0346689e+002
  4.0171727e+002  3.0219572e+002
  4.0075347e+002  3.0135566e+002
  3.9980818e+002  3.0046470e+002
  3.9881920e+002  2.9959999e+002
  3.9800829e+002  2.9950063e+002
  3.9716816e+002  2.9945065e+002
  3.9608853e+002  2.9876086e+002
  3.9522773e+002  2.9857772e+002
  3.9437870e+002  2.9833131e+002
  3.9331440e+002  2.9732942e+002
  3.9228107e+002  2.9628089e+002
  3.9096272e+002  2.9500633e+002
  3.9009360e+002  2.9409484e+002
  3.8922794e+002  2.9314886e+002
  3.8835981e+002  2.9219279e+002
  3.8752490e+002  2.9124429e+002
  3.8731728e+002  2.9045906e+002
  3.8648551e+002  2.8945701e+002
  3.8565205e+002  2.8841483e+002
  3.8549666e+002  2.8762992e+002
  3.8482312e+002  2.8732565e+002
  3.8465380e+002  2.8656505e+002
  3.8322312e+002  2.8527851e+002
  3.8204971e+002  2.8464823e+002
  3.8115969e+002  2.8463897e+002
  3.8029227e+002  2.8454634e+002
  3.7947610e+002  2.8436490e+002
  3.7839219e+002  2.8328863e+002
  3.7742128e+002  2.8215053e+002
  3.7637141e+002  2.8093849e+002
  3.7543254e+002  2.7998165e+002
  3.7447121e+002  2.7904639e+002
  3.7340239e+002  2.7810677e+002
  3.7237919e+002  2.7715178e+002
  3.7140318e+002  2.7616520e+002
  3.7041145e+002  2.7523411e+002
  3.6935708e+002  2.7432778e+002
  3.6828721e+002  2.7337131e+002
  3.6719711e+002  2.7240951e+002
  3.6613637e+002  2.7141135e+002
  3.6512308e+002  2.7041524e+002
  3.6411406e+002  2.6943477e+002
  3.6307545e+002  2.6852486e+002
  3.6226835e+002  2.6836228e+002
  3.6122329e+002  2.6745608e+002
  3.6017422e+002  2.6659530e+002
  3.5929990e+002  2.6645658e+002
  3.5810711e+002  2.6572308e+002
  3.5718375e+002  2.6557757e+002
  3.5628163e+002  2.6534018e+002
  3.5515093e+002  2.6435673e+002
  3.5407059e+002  2.6333790e+002
  3.5307914e+002  2.6239322e+002
  3.5207463e+002  2.6151467e+002
  3.5123781e+002  2.6126859e+002
  3.5015775e+002  2.6045106e+002
  3.4902114e+002  2.5975856e+002
  3.4807270e+002  2.5968006e+002
  3.4712748e+002  2.5959793e+002
  3.4620174e+002  2.5949799e+002
  3.4508121e+002  2.5875356e+002
  3.4417141e+002  2.5856324e+002
  3.4328121e+002  2.5833786e+002
  3.4219630e+002  2.5741528e+002
  3.4115796e+002  2.5642811e+002
  3.4010808e+002  2.5550367e+002
  3.3924443e+002  2.5525796e+002
  3.3812284e+002  2.5451703e+002
  3.3720838e+002  2.5435113e+002
  3.3604366e+002  2.5363723e+002
  3.3512222e+002  2.5345075e+002
  3.3402760e+002  2.5259271e+002
  3.3317393e+002  2.5238653e+002
  3.3220890e+002  2.5150366e+002
  3.3136219e+002  2.5136335e+002
  3.3025315e+002  2.5062452e+002
  3.2934236e+002  2.5050495e+002
  3.2841468e+002  2.5030462e+002
  3.2723366e+002  2.4940052e+002
  3.2615017e+002  2.4847470e+002
  3.2508884e+002  2.4766450e+002
  3.2411442e+002  2.4750973e+002
  3.2312494e+002  2.4739070e+002
  3.2196723e+002  2.4678516e+002
  3.2099373e+002  2.4670444e+002
  3.2003029e+002  2.4662117e+002
  3.1907325e+002  2.4648677e+002
  3.1797300e+002  2.4578541e+002
  3.1703976e+002  2.4559114e+002
  3.1611260e+002  2.4537583e+002
  3.1510428e+002  2.4461187e+002
  3.1418645e+002  2.4440049e+002
  3.1312212e+002  2.4370015e+002
  3.1211785e+002  2.4360371e+002
  3.1107550e+002  2.4352892e+002
  3.0999464e+002  2.4347610e+002
  3.0890774e+002  2.4290064e+002
  3.0789807e+002  2.4280504e+002
  3.0691506e+002  2.4271679e+002
  3.0595176e+002  2.4262824e+002
  3.0497953e+002  2.4255013e+002
  3.0399021e+002  2.4247303e+002
  3.0290801e+002  2.4201502e+002
  3.0191189e+002  2.4187897e+002
  3.0093619e+002  2.4175668e+002
  2.9997834e+002  2.4168329e+002
  2.9903324e+002  2.4163291e+002
  2.9809973e+002  2.4160533e+002
  2.9715612e+002  2.4155217e+002
  2.9622037e+002  2.4145105e+002
  2.9523422e+002  2.4082316e+002
  2.9426445e+002  2.4082238e+002
  2.9322205e+002  2.4093847e+002
  2.9168611e+002  2.4105867e+002
  2.9105097e+002  2.4116464e+002
  2.9006665e+002  2.4119071e+002
  2.8884941e+002  2.4115994e+002
  2.8785655e+002  2.4115679e+002
  2.8686491e+002  2.4114085e+002
  2.8588641e+002  2.4107391e+002
  2.8491091e+002  2.4098420e+002
  2.8395475e+002  2.4088305e+002
  2.8304871e+002  2.4079062e+002
  2.8215113e+002  2.4071701e+002
  2.8125547e+002  2.4059800e+002
  2.8029299e+002  2.4046932e+002
  2.7926289e+002  2.3999112e+002
  2.7819767e+002  2.3992930e+002
  2.7710540e+002  2.3996676e+002
  2.7565217e+002  2.4017064e+002
  2.7478884e+002  2.4043496e+002
  2.7390402e+002  2.4063462e+002
  2.7304662e+002  2.4118284e+002
  2.7206260e+002  2.4110247e+002
  2.7104834e+002  2.4097780e+002
  2.6970755e+002  2.4090334e+002
  2.6874524e+002  2.4091107e+002
  2.6779872e+002  2.4095326e+002
  2.6686287e+002  2.4095853e+002
  2.6590780e+002  2.4095954e+002
  2.6494889e+002  2.4097254e+002
  2.6383825e+002  2.4098800e+002
  2.6284981e+002  2.4106853e+002
  2.6184796e+002  2.4110579e+002
  2.6083995e+002  2.4112643e+002
  2.5983016e+002  2.4112491e+002
  2.5883043e+002  2.4112460e+002
  2.5788191e+002  2.4120873e+002
  2.5697443e+002  2.4141119e+002
  2.5611116e+002  2.4172207e+002
  2.5532073e+002  2.4267897e+002
  2.5447801e+002  2.4356680e+002
  2.5345239e+002  2.4417885e+002
  2.5225784e+002  2.4414211e+002
  2.5108144e+002  2.4407363e+002
  2.4994007e+002  2.4403857e+002
  2.4888846e+002  2.4412443e+002
  2.4791768e+002  2.4440622e+002
  2.4701623e+002  2.4485842e+002
  2.4602210e+002  2.4567243e+002
  2.4496463e+002  2.4636359e+002
  2.4401742e+002  2.4663644e+002
  2.4292849e+002  2.4729975e+002
  2.4198794e+002  2.4751719e+002
  2.4087192e+002  2.4818811e+002
  2.3994094e+002  2.4834073e+002
  2.3903530e+002  2.4846079e+002
  2.3815028e+002  2.4860064e+002
  2.3716253e+002  2.4933397e+002
  2.3626915e+002  2.4948965e+002
  2.3535006e+002  2.4968719e+002
  2.3423742e+002  2.5034564e+002
  2.3330162e+002  2.5060222e+002
  2.3217878e+002  2.5139398e+002
  2.3121043e+002  2.5164935e+002
  2.2998153e+002  2.5244429e+002
  2.2903124e+002  2.5268680e+002
  2.2797942e+002  2.5354269e+002
  2.2700170e+002  2.5428654e+002
  2.2614963e+002  2.5455662e+002
  2.2504363e+002  2.5528874e+002
  2.2415652e+002  2.5559972e+002
  2.2298832e+002  2.5643235e+002
  2.2215326e+002  2.5672244e+002
  2.2120887e+002  2.5765091e+002
  2.2031609e+002  2.5865905e+002
  2.1946732e+002  2.5980682e+002
  2.1848733e+002  2.6103122e+002
  2.1761017e+002  2.6198010e+002
  2.1726348e+002  2.6265799e+002
  2.1608829e+002  2.6354077e+002
  2.1493433e+002  2.6439669e+002
  2.1412572e+002  2.6464011e+002
  2.1327755e+002  2.6555034e+002
  2.1222268e+002  2.6637751e+002
  2.1143400e+002  2.6671443e+002
  2.1046064e+002  2.6771583e+002
  2.0928349e+002  2.6889538e+002
  2.0831688e+002  2.6980825e+002
  2.0733010e+002  2.7066623e+002
  2.0626321e+002  2.7147044e+002
  2.0547443e+002  2.7173822e+002
  2.0444917e+002  2.7290209e+002
  2.0357717e+002  2.7423742e+002
  2.0324210e+002  2.7501176e+002
  2.0240475e+002  2.7599746e+002
  2.0148523e+002  2.7694965e+002
  2.0030339e+002  2.7820803e+002
  1.9939896e+002  2.7931309e+002
  1.9855484e+002  2.8038821e+002
  1.9827957e+002  2.8113424e+002
  1.9750501e+002  2.8214428e+002
  1.9732452e+002  2.8291177e+002
  1.9669520e+002  2.8399714e+002
  1.9659874e+002  2.8487819e+002
  1.9656159e+002  2.8579397e+002
  1.9655417e+002  2.8672907e+002
  1.9657289e+002  2.8764248e+002
  1.9653091e+002  2.8849632e+002
  1.9623250e+002  2.8936464e+002
  1.9565049e+002  2.8959918e+002
  1.9484834e+002  2.9079522e+002
  1.9416611e+002  2.9158750e+002
  1.9344327e+002  2.9230416e+002
  1.9273593e+002  2.9230325e+002
  1.9258151e+002  2.9292414e+002
  1.9109772e+002  2.9469718e+002
  1.9071166e+002  2.9604226e+002
  1.9083548e+002  2.9716340e+002
  1.9094843e+002  2.9815963e+002
  1.9099743e+002  2.9904920e+002
  1.9096011e+002  2.9997835e+002
  1.9065283e+002  3.0120317e+002
  1.9018265e+002  3.0203007e+002
  1.8916268e+002  3.0303141e+002
  1.8828164e+002  3.0410350e+002
  1.8751341e+002  3.0515825e+002
  1.8729313e+002  3.0602383e+002
  1.8661150e+002  3.0700901e+002
  1.8644577e+002  3.0791579e+002
  1.8592564e+002  3.0907119e+002
  1.8585511e+002  3.1010427e+002
  1.8582069e+002  3.1115349e+002
  1.8575020e+002  3.1218285e+002
  1.8565237e+002  3.1315670e+002
  1.8546715e+002  3.1405740e+002
  1.8478529e+002  3.1502006e+002
  1.8457862e+002  3.1591344e+002
  1.8440091e+002  3.1684539e+002
  1.8387643e+002  3.1793745e+002
  1.8379237e+002  3.1893816e+002
  1.8377945e+002  3.1993446e+002
  1.8385084e+002  3.2093529e+002
  1.8395874e+002  3.2198830e+002
  1.8407080e+002  3.2334910e+002
  1.8415107e+002  3.2432498e+002
  1.8421871e+002  3.2529011e+002
  1.8420113e+002  3.2622828e+002
  1.8422662e+002  3.2682880e+002
  1.8407737e+002  3.2863931e+002
  1.8391568e+002  3.3026326e+002
  1.8382616e+002  3.3110975e+002
  1.8377445e+002  3.3200587e+002
  1.8372325e+002  3.3293299e+002
  1.8373472e+002  3.3389015e+002
  1.8373919e+002  3.3488406e+002
  1.8373646e+002  3.3591459e+002
  1.8378649e+002  3.3726201e+002
  1.8382286e+002  3.3820649e+002
  1.8380752e+002  3.3915518e+002
  1.8375253e+002  3.4011035e+002
  1.8366994e+002  3.4109447e+002
  1.8359369e+002  3.4209596e+002
  1.8355327e+002  3.4326099e+002
  1.8359163e+002  3.4415686e+002
  1.8366597e+002  3.4505995e+002
  1.8375402e+002  3.4601738e+002
  1.8383207e+002  3.4700775e+002
  1.8391355e+002  3.4818127e+002
  1.8396790e+002  3.4919110e+002
  1.8400408e+002  3.5016832e+002
  1.8404269e+002  3.5112763e+002
  1.8408110e+002  3.5209171e+002
  1.8413484e+002  3.5305685e+002
  1.8420030e+002  3.5403309e+002
  1.8427858e+002  3.5503632e+002
  1.8439180e+002  3.5601675e+002
  1.8454811e+002  3.5701608e+002
  1.8514967e+002  3.5799805e+002
  1.8532478e+002  3.5899654e+002
  1.8546627e+002  3.5998148e+002
  1.8554643e+002  3.6096623e+002
  1.8592374e+002  3.6204960e+002
  1.8588476e+002  3.6304606e+002
  1.8581519e+002  3.6402271e+002
  1.8578574e+002  3.6500737e+002
  1.8579444e+002  3.6624730e+002
  1.8588736e+002  3.6725704e+002
  1.8598292e+002  3.6823191e+002
  1.8608858e+002  3.6920895e+002
  1.8623512e+002  3.7017396e+002
  1.8637539e+002  3.7112876e+002
  1.8655000e+002  3.7207949e+002
  1.8724624e+002  3.7307361e+002
  1.8742481e+002  3.7398613e+002
  1.8761834e+002  3.7488788e+002
  1.8825314e+002  3.7590427e+002
  1.8836195e+002  3.7684774e+002
  1.8844109e+002  3.7782563e+002
  1.8849034e+002  3.7885084e+002
  1.8850131e+002  3.7991526e+002
  1.8892623e+002  3.8114138e+002
  1.8896600e+002  3.8217905e+002
  1.8907032e+002  3.8316704e+002
  1.8925305e+002  3.8410874e+002
  1.8946532e+002  3.8503388e+002
  1.8966898e+002  3.8595977e+002
  1.9029182e+002  3.8695557e+002
  1.9036604e+002  3.8793491e+002
  1.9044492e+002  3.8894695e+002
  1.9055199e+002  3.8993856e+002
  1.9129568e+002  3.9093602e+002
  1.9149793e+002  3.9187147e+002
  1.9166222e+002  3.9283038e+002
  1.9226776e+002  3.9389817e+002
  1.9230712e+002  3.9494014e+002
  1.9235022e+002  3.9594999e+002
  1.9245740e+002  3.9694503e+002
  1.9260177e+002  3.9792466e+002
  1.9321107e+002  3.9902722e+002
  1.9338686e+002  4.0000007e+002
  1.9352538e+002  4.0096807e+002
  1.9412952e+002  4.0204277e+002
  1.9422851e+002  4.0303119e+002
  1.9430927e+002  4.0401026e+002
  1.9437495e+002  4.0502081e+002
  1.9446948e+002  4.0603128e+002
  1.9458198e+002  4.0702554e+002
  1.9533065e+002  4.0805119e+002
