  1.9527574e+002  4.1014056e+002
  1.9550800e+002  4.1105506e+002
  1.9629503e+002  4.1214171e+002
  1.9653862e+002  4.1306436e+002
  1.9731316e+002  4.1412720e+002
  1.9757560e+002  4.1502575e+002
  1.9839596e+002  4.1606657e+002
  1.9865696e+002  4.1693284e+002
  1.9937741e+002  4.1799042e+002
  1.9952207e+002  4.1889841e+002
  2.0009978e+002  4.2000589e+002
  2.0019066e+002  4.2094284e+002
  2.0028733e+002  4.2187488e+002
  2.0037685e+002  4.2279383e+002
  2.0048632e+002  4.2370288e+002
  2.0061923e+002  4.2459885e+002
  2.0139111e+002  4.2562105e+002
  2.0152945e+002  4.2649522e+002
  2.0222517e+002  4.2660307e+002
  2.0236510e+002  4.2752110e+002
  2.0262794e+002  4.2844713e+002
  2.0335185e+002  4.2860269e+002
  2.0372103e+002  4.2955615e+002
  2.0486420e+002  4.3075522e+002
  2.0587103e+002  4.3196912e+002
  2.0659876e+002  4.3318071e+002
  2.0711309e+002  4.3435849e+002
  2.0715808e+002  4.3536105e+002
  2.0722441e+002  4.3630491e+002
  2.0733289e+002  4.3723212e+002
  2.0747983e+002  4.3814906e+002
  2.0765244e+002  4.3905135e+002
  2.0836667e+002  4.4010005e+002
  2.0853574e+002  4.4100524e+002
  2.0927717e+002  4.4207157e+002
  2.0943139e+002  4.4295718e+002
  2.0958266e+002  4.4380380e+002
  2.1042070e+002  4.4479349e+002
  2.1061424e+002  4.4561524e+002
  2.1144711e+002  4.4665633e+002
  2.1167159e+002  4.4753686e+002
  2.1257222e+002  4.4868367e+002
  2.1353052e+002  4.4980085e+002
  2.1449376e+002  4.5084094e+002
  2.1478316e+002  4.5161594e+002
  2.1566887e+002  4.5262454e+002
  2.1653399e+002  4.5367299e+002
  2.1739064e+002  4.5477837e+002
  2.1748385e+002  4.5562483e+002
  2.1760993e+002  4.5645835e+002
  2.1842516e+002  4.5663848e+002
  2.1861015e+002  4.5742428e+002
  2.1939078e+002  4.5761525e+002
  2.1964695e+002  4.5837696e+002
  2.2038812e+002  4.5864283e+002
  2.2065633e+002  4.5949027e+002
  2.2135543e+002  4.5981270e+002
  2.2158731e+002  4.6073965e+002
  2.2245465e+002  4.6197798e+002
  2.2260162e+002  4.6287365e+002
  2.2357210e+002  4.6357841e+002
  2.2459676e+002  4.6453788e+002
  2.2570081e+002  4.6551421e+002
  2.2682135e+002  4.6651125e+002
  2.2797748e+002  4.6750949e+002
  2.2891785e+002  4.6837441e+002
  2.2968723e+002  4.6860509e+002
  2.3064963e+002  4.6960305e+002
  2.3155966e+002  4.7066291e+002
  2.3246340e+002  4.7177104e+002
  2.3263333e+002  4.7256379e+002
  2.3368941e+002  4.7360253e+002
  2.3470417e+002  4.7465002e+002
  2.3553716e+002  4.7570840e+002
  2.3631210e+002  4.7677550e+002
  2.3646024e+002  4.7765670e+002
  2.3665574e+002  4.7853190e+002
  2.3759130e+002  4.7955850e+002
  2.3845834e+002  4.8057907e+002
  2.3858754e+002  4.8137935e+002
  2.3931020e+002  4.8159825e+002
  2.3942995e+002  4.8237534e+002
  2.4083547e+002  4.8365094e+002
  2.4197172e+002  4.8429740e+002
  2.4291903e+002  4.8430925e+002
  2.4384088e+002  4.8436441e+002
  2.4477128e+002  4.8443305e+002
  2.4567896e+002  4.8453505e+002
  2.4680047e+002  4.8537789e+002
  2.4767834e+002  4.8559601e+002
  2.4866542e+002  4.8666759e+002
  2.4964667e+002  4.8772805e+002
  2.5070268e+002  4.8861995e+002
  2.5183177e+002  4.8936352e+002
  2.5279696e+002  4.8946985e+002
  2.5375142e+002  4.8961753e+002
  2.5490386e+002  4.9044586e+002
  2.5581039e+002  4.9064898e+002
  2.5685500e+002  4.9154899e+002
  2.5784823e+002  4.9243389e+002
  2.5871218e+002  4.9265085e+002
  2.5968767e+002  4.9355578e+002
  2.6067186e+002  4.9452794e+002
  2.6169636e+002  4.9547061e+002
  2.6263426e+002  4.9561415e+002
  2.6378213e+002  4.9631969e+002
  2.6475409e+002  4.9638298e+002
  2.6571609e+002  4.9654545e+002
  2.6675937e+002  4.9746261e+002
  2.6770366e+002  4.9775095e+002
  2.6876342e+002  4.9863482e+002
  2.6986355e+002  4.9938071e+002
  2.7085042e+002  4.9936343e+002
  2.7185266e+002  4.9931851e+002
  2.7284983e+002  4.9929120e+002
  2.7381852e+002  4.9937398e+002
  2.7474801e+002  4.9957292e+002
  2.7567871e+002  5.0055169e+002
  2.7663858e+002  5.0158249e+002
  2.7764416e+002  5.0258289e+002
  2.7861821e+002  5.0359815e+002
  2.7960957e+002  5.0468210e+002
  2.8066188e+002  5.0568727e+002
  2.8176959e+002  5.0646415e+002
  2.8277670e+002  5.0631766e+002
  2.8382441e+002  5.0609514e+002
  2.8489698e+002  5.0600496e+002
  2.8594945e+002  5.0601538e+002
  2.8697177e+002  5.0616339e+002
  2.8796592e+002  5.0638687e+002
  2.8893664e+002  5.0662116e+002
  2.8998095e+002  5.0746759e+002
  2.9088598e+002  5.0763992e+002
  2.9185288e+002  5.0842818e+002
  2.9276324e+002  5.0827704e+002
  2.9361162e+002  5.0843384e+002
  2.9448375e+002  5.0857403e+002
  2.9463698e+002  5.0923637e+002
  2.9557820e+002  5.0933305e+002
  2.9657222e+002  5.0939410e+002
  2.9760355e+002  5.0946011e+002
  2.9863193e+002  5.0953853e+002
  2.9977014e+002  5.1029839e+002
  3.0072730e+002  5.1047281e+002
  3.0167762e+002  5.1069716e+002
  3.0268569e+002  5.1152175e+002
  3.0371821e+002  5.1231083e+002
  3.0470438e+002  5.1238766e+002
  3.0569937e+002  5.1242352e+002
  3.0668443e+002  5.1244146e+002
  3.0767734e+002  5.1245136e+002
  3.0867423e+002  5.1247499e+002
  3.0968589e+002  5.1252726e+002
  3.1073741e+002  5.1320670e+002
  3.1170291e+002  5.1338380e+002
  3.1263254e+002  5.1362707e+002
  3.1362808e+002  5.1450742e+002
  3.1463132e+002  5.1539023e+002
  3.1554180e+002  5.1554713e+002
  3.1650408e+002  5.1635480e+002
  3.1747260e+002  5.1642376e+002
  3.1847970e+002  5.1647230e+002
  3.1954938e+002  5.1644741e+002
  3.2062696e+002  5.1641641e+002
  3.2172119e+002  5.1641233e+002
  3.2281001e+002  5.1643977e+002
  3.2390174e+002  5.1648005e+002
  3.2495999e+002  5.1648021e+002
  3.2600533e+002  5.1649090e+002
  3.2700845e+002  5.1647793e+002
  3.2795123e+002  5.1655156e+002
  3.2888419e+002  5.1721093e+002
  3.2980439e+002  5.1737188e+002
  3.3073163e+002  5.1752701e+002
  3.3174578e+002  5.1832849e+002
  3.3267350e+002  5.1849036e+002
  3.3359937e+002  5.1868271e+002
  3.3460787e+002  5.1945414e+002
  3.3559584e+002  5.1952426e+002
  3.3663554e+002  5.2022875e+002
  3.3766263e+002  5.2028808e+002
  3.3867887e+002  5.2035971e+002
  3.3970658e+002  5.2048288e+002
  3.4073356e+002  5.2061451e+002
  3.4174635e+002  5.2134620e+002
  3.4274940e+002  5.2142294e+002
  3.4376607e+002  5.2147042e+002
  3.4482637e+002  5.2140051e+002
  3.4591795e+002  5.2131573e+002
  3.4693799e+002  5.2115397e+002
  3.4784682e+002  5.2104398e+002
  3.4880284e+002  5.2101681e+002
  3.4998635e+002  5.2111015e+002
  3.5095314e+002  5.2120194e+002
  3.5193797e+002  5.2134646e+002
  3.5293138e+002  5.2146287e+002
  3.5388071e+002  5.2155972e+002
  3.5475627e+002  5.2233061e+002
  3.5563303e+002  5.2227647e+002
  3.5709413e+002  5.2212942e+002
  3.5804042e+002  5.2190793e+002
  3.5900828e+002  5.2176608e+002
  3.5993413e+002  5.2167869e+002
  3.6085943e+002  5.2162851e+002
  3.6176148e+002  5.2161616e+002
  3.6268426e+002  5.2163087e+002
  3.6363992e+002  5.2166650e+002
  3.6465413e+002  5.2178412e+002
  3.6573638e+002  5.2188402e+002
  3.6682855e+002  5.2191398e+002
  3.6786663e+002  5.2178214e+002
  3.6887671e+002  5.2159606e+002
  3.6986420e+002  5.2133441e+002
  3.7079042e+002  5.2046923e+002
  3.7177670e+002  5.1974637e+002
  3.7282418e+002  5.1983718e+002
  3.7389346e+002  5.1995917e+002
  3.7518868e+002  5.2007245e+002
  3.7610591e+002  5.2006240e+002
  3.7702560e+002  5.2003378e+002
  3.7794911e+002  5.1997981e+002
  3.7886242e+002  5.1998475e+002
  3.8010384e+002  5.1998190e+002
  3.8111468e+002  5.1997040e+002
  3.8210314e+002  5.1993906e+002
  3.8303434e+002  5.1987563e+002
  3.8392367e+002  5.1974288e+002
  3.8479205e+002  5.1954608e+002
  3.8564317e+002  5.1928228e+002
  3.8674043e+002  5.1843002e+002
  3.8782216e+002  5.1760074e+002
  3.8876411e+002  5.1747405e+002
  3.8971927e+002  5.1653973e+002
  3.9061027e+002  5.1637737e+002
  3.9154640e+002  5.1543157e+002
  3.9267714e+002  5.1465494e+002
  3.9370175e+002  5.1467313e+002
  3.9468689e+002  5.1464832e+002
  3.9563841e+002  5.1455825e+002
  3.9659205e+002  5.1441249e+002
  3.9778020e+002  5.1361172e+002
  3.9877561e+002  5.1344010e+002
  3.9996181e+002  5.1269022e+002
  4.0089880e+002  5.1245943e+002
  4.0194422e+002  5.1151383e+002
  4.0278286e+002  5.1124538e+002
  4.0370009e+002  5.1029965e+002
  4.0459597e+002  5.0950432e+002
  4.0549089e+002  5.0955956e+002
  4.0653628e+002  5.0883490e+002
  4.0746719e+002  5.0889466e+002
  4.0846877e+002  5.0784020e+002
  4.0939239e+002  5.0663753e+002
  4.1038383e+002  5.0558886e+002
  4.1162234e+002  5.0473315e+002
  4.1310417e+002  5.0409448e+002
  4.1388147e+002  5.0357791e+002
  4.1494999e+002  5.0325282e+002
  4.1587501e+002  5.0229757e+002
  4.1673815e+002  5.0124701e+002
  4.1754006e+002  5.0015055e+002
  4.1835498e+002  4.9907638e+002
  4.1845626e+002  4.9801383e+002
  4.1869166e+002  4.9717829e+002
  4.1963228e+002  4.9621312e+002
  4.2053840e+002  4.9519865e+002
  4.2145448e+002  4.9417609e+002
  4.2162130e+002  4.9325689e+002
  4.2252298e+002  4.9234856e+002
  4.2333436e+002  4.9135606e+002
  4.2337917e+002  4.9037909e+002
  4.2344013e+002  4.8943808e+002
  4.2357807e+002  4.8853693e+002
  4.2450857e+002  4.8837368e+002
  4.2577140e+002  4.8743537e+002
  4.2706944e+002  4.8650081e+002
  4.2777613e+002  4.8648285e+002
  4.2886582e+002  4.8521798e+002
  4.2960234e+002  4.8406034e+002
  4.3026902e+002  4.8295047e+002
  4.3031200e+002  4.8198293e+002
  4.3032791e+002  4.8099496e+002
  4.3035465e+002  4.8002738e+002
  4.3039871e+002  4.7908901e+002
  4.3048021e+002  4.7817080e+002
  4.3059661e+002  4.7725986e+002
  4.3145181e+002  4.7630443e+002
  4.3157273e+002  4.7535537e+002
  4.3242609e+002  4.7431935e+002
  4.3249558e+002  4.7333873e+002
  4.3253915e+002  4.7235147e+002
  4.3340059e+002  4.7137504e+002
  4.3346873e+002  4.7040893e+002
  4.3355614e+002  4.6942064e+002
  4.3434443e+002  4.6845052e+002
  4.3435537e+002  4.6737402e+002
  4.3431836e+002  4.6628979e+002
  4.3434670e+002  4.6523198e+002
  4.3443463e+002  4.6418262e+002
  4.3458354e+002  4.6315517e+002
  4.3552861e+002  4.6208889e+002
  4.3648291e+002  4.6115630e+002
  4.3650722e+002  4.6021831e+002
  4.3716452e+002  4.5915278e+002
  4.3701053e+002  4.5807957e+002
  4.3695753e+002  4.5700173e+002
  4.3696114e+002  4.5606417e+002
  4.3702711e+002  4.5511853e+002
  4.3712799e+002  4.5388040e+002
  4.3731960e+002  4.5300934e+002
  4.3754390e+002  4.5218712e+002
  4.3860465e+002  4.5127227e+002
  4.3953426e+002  4.5023756e+002
  4.4033028e+002  4.4915575e+002
  4.4036090e+002  4.4814988e+002
  4.4037393e+002  4.4714381e+002
  4.4035130e+002  4.4617884e+002
  4.4031547e+002  4.4527364e+002
  4.4028254e+002  4.4435343e+002
  4.4018959e+002  4.4335183e+002
  4.4010439e+002  4.4197014e+002
  4.4001287e+002  4.4099001e+002
  4.3992494e+002  4.4005180e+002
  4.3988650e+002  4.3911304e+002
  4.3980247e+002  4.3813402e+002
  4.3986244e+002  4.3715243e+002
  4.3993325e+002  4.3616503e+002
  4.3998867e+002  4.3516828e+002
  4.3998724e+002  4.3418274e+002
  4.3993473e+002  4.3320741e+002
  4.3990733e+002  4.3219139e+002
  4.3994297e+002  4.3106263e+002
  4.4005066e+002  4.3012021e+002
  4.4017148e+002  4.2913767e+002
  4.4024041e+002  4.2814791e+002
  4.4024384e+002  4.2715930e+002
  4.4019987e+002  4.2618058e+002
  4.4014428e+002  4.2502728e+002
  4.4007665e+002  4.2402883e+002
  4.4006949e+002  4.2303619e+002
  4.4006944e+002  4.2207804e+002
  4.4009892e+002  4.2115439e+002
  4.4012615e+002  4.2021905e+002
  4.4017276e+002  4.1924108e+002
  4.4017842e+002  4.1818191e+002
  4.4019191e+002  4.1725787e+002
  4.4020256e+002  4.1600916e+002
  4.4017758e+002  4.1498945e+002
  4.4009567e+002  4.1402897e+002
  4.3995357e+002  4.1310224e+002
  4.3978395e+002  4.1219079e+002
  4.3957965e+002  4.1129139e+002
  4.3933769e+002  4.1040453e+002
  4.3819890e+002  4.0951080e+002
  4.3739106e+002  4.0933320e+002
  4.3643885e+002  4.0815429e+002
  4.3559004e+002  4.0699676e+002
  4.3546829e+002  4.0606250e+002
  4.3487758e+002  4.0493467e+002
  4.3488809e+002  4.0393307e+002
  4.3493786e+002  4.0291845e+002
  4.3497010e+002  4.0189650e+002
  4.3500103e+002  4.0086925e+002
  4.3503358e+002  3.9983241e+002
  4.3505452e+002  3.9882150e+002
  4.3500548e+002  3.9783182e+002
  4.3492024e+002  3.9685217e+002
  4.3482080e+002  3.9589606e+002
  4.3472334e+002  3.9494455e+002
  4.3465141e+002  3.9398986e+002
  4.3461332e+002  3.9303427e+002
  4.3459443e+002  3.9205071e+002
  4.3459263e+002  3.9104906e+002
  4.3459248e+002  3.9001065e+002
  4.3459204e+002  3.8898242e+002
  4.3457938e+002  3.8796255e+002
  4.3450214e+002  3.8696408e+002
  4.3436137e+002  3.8599977e+002
  4.3357701e+002  3.8501235e+002
  4.3332060e+002  3.8410118e+002
  4.3256307e+002  3.8304499e+002
  4.3234794e+002  3.8208591e+002
  4.3167431e+002  3.8099286e+002
  4.3155963e+002  3.8001932e+002
  4.3149060e+002  3.7904891e+002
  4.3087372e+002  3.7801478e+002
  4.3084092e+002  3.7703932e+002
  4.3080355e+002  3.7605471e+002
  4.3076896e+002  3.7504198e+002
  4.3072899e+002  3.7400602e+002
  4.3067174e+002  3.7298131e+002
  4.3060793e+002  3.7195375e+002
  4.3051959e+002  3.7093978e+002
  4.3039912e+002  3.6994829e+002
  4.2969064e+002  3.6887736e+002
  4.2951118e+002  3.6793499e+002
  4.2933229e+002  3.6700181e+002
  4.2863981e+002  3.6594948e+002
  4.2855829e+002  3.6497905e+002
  4.2849843e+002  3.6402227e+002
  4.2788420e+002  3.6289600e+002
  4.2773649e+002  3.6195381e+002
  4.2757021e+002  3.6102718e+002
  4.2738572e+002  3.6011654e+002
  4.2665207e+002  3.5903926e+002
  4.2649998e+002  3.5813467e+002
  4.2579218e+002  3.5706703e+002
  4.2569050e+002  3.5611203e+002
  4.2563795e+002  3.5514279e+002
  4.2563175e+002  3.5415919e+002
  4.2563182e+002  3.5317674e+002
  4.2557707e+002  3.5218516e+002
  4.2542589e+002  3.5120264e+002
  4.2467589e+002  3.5014312e+002
  4.2443566e+002  3.4918892e+002
  4.2364836e+002  3.4814244e+002
  4.2345878e+002  3.4717118e+002
  4.2271693e+002  3.4606434e+002
  4.2262510e+002  3.4508879e+002
  4.2254326e+002  3.4412515e+002
  4.2244621e+002  3.4319164e+002
  4.2158564e+002  3.4220689e+002
  4.2137600e+002  3.4133713e+002
  4.2056750e+002  3.4030044e+002
  4.2040459e+002  3.3933629e+002
  4.1973887e+002  3.3814302e+002
  4.1957564e+002  3.3717264e+002
  4.1939359e+002  3.3621672e+002
  4.1861649e+002  3.3505359e+002
  4.1843928e+002  3.3411367e+002
  4.1767637e+002  3.3299309e+002
  4.1747638e+002  3.3211104e+002
  4.1661015e+002  3.3107009e+002
  4.1630989e+002  3.3020750e+002
  4.1538482e+002  3.2912341e+002
  4.1447513e+002  3.2804788e+002
  4.1360624e+002  3.2700070e+002
  4.1337586e+002  3.2610691e+002
  4.1263922e+002  3.2496118e+002
  4.1253018e+002  3.2399996e+002
  4.1246024e+002  3.2302835e+002
  4.1180182e+002  3.2187544e+002
  4.1166740e+002  3.2096350e+002
  4.1147091e+002  3.2007688e+002
  4.1066345e+002  3.1905327e+002
  4.1037539e+002  3.1814754e+002
  4.0955903e+002  3.1702711e+002
  4.0931027e+002  3.1608782e+002
  4.0850650e+002  3.1500147e+002
  4.0829331e+002  3.1412418e+002
  4.0749593e+002  3.1310692e+002
  4.0670411e+002  3.1205960e+002
  4.0653401e+002  3.1119048e+002
  4.0638458e+002  3.1030947e+002
  4.0565221e+002  3.0923083e+002
  4.0553017e+002  3.0833054e+002
  4.0536898e+002  3.0744950e+002
  4.0450817e+002  3.0641229e+002
  4.0426614e+002  3.0559298e+002
  4.0357605e+002  3.0539362e+002
  4.0326570e+002  3.0459515e+002
  4.0259974e+002  3.0436041e+002
  4.0183653e+002  3.0317583e+002
  4.0098665e+002  3.0225100e+002
  4.0012774e+002  3.0137144e+002
  3.9923046e+002  3.0048341e+002
  3.9819158e+002  2.9953605e+002
  3.9743601e+002  2.9930573e+002
  3.9631152e+002  2.9842042e+002
  3.9535762e+002  2.9735089e+002
  3.9441045e+002  2.9621331e+002
  3.9308145e+002  2.9490662e+002
  3.9204246e+002  2.9399976e+002
  3.9109822e+002  2.9306699e+002
  3.9017378e+002  2.9215160e+002
  3.8926418e+002  2.9122727e+002
  3.8840668e+002  2.9020679e+002
  3.8761953e+002  2.8911008e+002
  3.8743822e+002  2.8826470e+002
  3.8667862e+002  2.8722443e+002
  3.8648425e+002  2.8645379e+002
  3.8566238e+002  2.8542228e+002
  3.8545106e+002  2.8465477e+002
  3.8438512e+002  2.8398452e+002
  3.8330010e+002  2.8319450e+002
  3.8211742e+002  2.8244997e+002
  3.8097083e+002  2.8168087e+002
  3.8017180e+002  2.8147858e+002
  3.7915510e+002  2.8053987e+002
  3.7843503e+002  2.8023802e+002
  3.7736844e+002  2.7929621e+002
  3.7626770e+002  2.7835215e+002
  3.7517703e+002  2.7745888e+002
  3.7415569e+002  2.7653689e+002
  3.7338837e+002  2.7624203e+002
  3.7244114e+002  2.7518313e+002
  3.7149870e+002  2.7411084e+002
  3.7051003e+002  2.7313314e+002
  3.7021861e+002  2.7242423e+002
  3.6913537e+002  2.7154734e+002
  3.6836757e+002  2.7132722e+002
  3.6721939e+002  2.7030277e+002
  3.6630153e+002  2.6933871e+002
  3.6548245e+002  2.6831839e+002
  3.6463943e+002  2.6730872e+002
  3.6440476e+002  2.6659816e+002
  3.6332621e+002  2.6598745e+002
  3.6224678e+002  2.6518940e+002
  3.6111890e+002  2.6449081e+002
  3.5991038e+002  2.6386719e+002
  3.5901665e+002  2.6380355e+002
  3.5812629e+002  2.6365007e+002
  3.5727882e+002  2.6336756e+002
  3.5629341e+002  2.6227515e+002
  3.5532376e+002  2.6119638e+002
  3.5430914e+002  2.6019848e+002
  3.5331269e+002  2.5918342e+002
  3.5227043e+002  2.5826736e+002
  3.5116926e+002  2.5747079e+002
  3.5004854e+002  2.5678578e+002
  3.4916836e+002  2.5668929e+002
  3.4828579e+002  2.5658020e+002
  3.4741171e+002  2.5644543e+002
  3.4624037e+002  2.5556595e+002
  3.4533080e+002  2.5536995e+002
  3.4422196e+002  2.5446297e+002
  3.4316494e+002  2.5358128e+002
  3.4233551e+002  2.5336260e+002
  3.4118229e+002  2.5259561e+002
  3.4023111e+002  2.5243239e+002
  3.3900014e+002  2.5172789e+002
  3.3805388e+002  2.5154941e+002
  3.3712972e+002  2.5134416e+002
  3.3606387e+002  2.5043994e+002
  3.3504503e+002  2.4937808e+002
  3.3407454e+002  2.4830821e+002
  3.3302887e+002  2.4745857e+002
  3.3185715e+002  2.4676280e+002
  3.3092566e+002  2.4666409e+002
  3.3001044e+002  2.4656007e+002
  3.2910506e+002  2.4641085e+002
  3.2801731e+002  2.4564317e+002
  3.2710970e+002  2.4544878e+002
  3.2601284e+002  2.4473662e+002
  3.2503888e+002  2.4458815e+002
  3.2406372e+002  2.4445387e+002
  3.2294093e+002  2.4381336e+002
  3.2195321e+002  2.4372791e+002
  3.2096560e+002  2.4365748e+002
  3.1998704e+002  2.4354200e+002
  3.1903671e+002  2.4341567e+002
  3.1794012e+002  2.4270029e+002
  3.1704926e+002  2.4246547e+002
  3.1596589e+002  2.4170235e+002
  3.1504376e+002  2.4144539e+002
  3.1391151e+002  2.4069424e+002
  3.1297157e+002  2.4045434e+002
  3.1192765e+002  2.3975118e+002
  3.1098683e+002  2.3963981e+002
  3.1004236e+002  2.3958673e+002
  3.0909547e+002  2.3955592e+002
  3.0812181e+002  2.3952839e+002
  3.0711364e+002  2.3947784e+002
  3.0597613e+002  2.3903277e+002
  3.0494153e+002  2.3896102e+002
  3.0391639e+002  2.3889208e+002
  3.0291573e+002  2.3883102e+002
  3.0192725e+002  2.3877013e+002
  3.0102190e+002  2.3878022e+002
  3.0005945e+002  2.3871317e+002
  2.9910189e+002  2.3859217e+002
  2.9815614e+002  2.3842604e+002
  2.9711173e+002  2.3773919e+002
  2.9617400e+002  2.3753152e+002
  2.9519886e+002  2.3736259e+002
  2.9416740e+002  2.3683711e+002
  2.9314871e+002  2.3681970e+002
  2.9213444e+002  2.3683274e+002
  2.9111748e+002  2.3687367e+002
  2.8984519e+002  2.3697229e+002
  2.8888603e+002  2.3699650e+002
  2.8788635e+002  2.3692632e+002
  2.8677398e+002  2.3679211e+002
  2.8576852e+002  2.3673078e+002
  2.8482461e+002  2.3666593e+002
  2.8390999e+002  2.3662504e+002
  2.8297773e+002  2.3658108e+002
  2.8204828e+002  2.3656298e+002
  2.8110564e+002  2.3654011e+002
  2.8012606e+002  2.3653901e+002
  2.7870278e+002  2.3659862e+002
  2.7771656e+002  2.3674412e+002
  2.7673311e+002  2.3687659e+002
  2.7578528e+002  2.3699883e+002
  2.7484475e+002  2.3713053e+002
  2.7391893e+002  2.3725649e+002
  2.7299730e+002  2.3740417e+002
  2.7204576e+002  2.3754180e+002
  2.7101127e+002  2.3812599e+002
  2.7003132e+002  2.3821353e+002
  2.6902410e+002  2.3824503e+002
  2.6799889e+002  2.3826027e+002
  2.6696295e+002  2.3823095e+002
  2.6592831e+002  2.3823040e+002
  2.6491743e+002  2.3830251e+002
  2.6396378e+002  2.3844551e+002
  2.6301099e+002  2.3869069e+002
  2.6196690e+002  2.3937545e+002
  2.6097251e+002  2.3960389e+002
  2.5990833e+002  2.4020992e+002
  2.5896461e+002  2.4034572e+002
  2.5804863e+002  2.4044603e+002
  2.5716725e+002  2.4059343e+002
  2.5619177e+002  2.4131334e+002
  2.5527687e+002  2.4151756e+002
  2.5421088e+002  2.4221811e+002
  2.5321653e+002  2.4238272e+002
  2.5220170e+002  2.4250402e+002
  2.5113463e+002  2.4305134e+002
  2.5008837e+002  2.4306236e+002
  2.4903466e+002  2.4309017e+002
  2.4800370e+002  2.4319940e+002
  2.4702314e+002  2.4344701e+002
  2.4609440e+002  2.4382094e+002
  2.4507974e+002  2.4467201e+002
  2.4404983e+002  2.4552859e+002
  2.4301769e+002  2.4635149e+002
  2.4205815e+002  2.4663018e+002
  2.4093263e+002  2.4733653e+002
  2.3997318e+002  2.4752286e+002
  2.3893239e+002  2.4817465e+002
  2.3800854e+002  2.4831436e+002
  2.3710183e+002  2.4840623e+002
  2.3619228e+002  2.4850555e+002
  2.3509446e+002  2.4912242e+002
  2.3416890e+002  2.4935335e+002
  2.3325142e+002  2.4963938e+002
  2.3219640e+002  2.5050724e+002
  2.3113547e+002  2.5137141e+002
  2.3018846e+002  2.5159726e+002
  2.2906507e+002  2.5242019e+002
  2.2817903e+002  2.5269107e+002
  2.2712561e+002  2.5354125e+002
  2.2604891e+002  2.5439222e+002
  2.2521280e+002  2.5470284e+002
  2.2412695e+002  2.5562792e+002
  2.2305251e+002  2.5658032e+002
  2.2201391e+002  2.5752761e+002
  2.2101342e+002  2.5850267e+002
  2.2007472e+002  2.5954606e+002
  2.1911578e+002  2.6057029e+002
  2.1806223e+002  2.6152780e+002
  2.1699632e+002  2.6240131e+002
  2.1628860e+002  2.6258112e+002
  2.1527231e+002  2.6346255e+002
  2.1450654e+002  2.6373842e+002
  2.1426515e+002  2.6460686e+002
  2.1318545e+002  2.6537620e+002
  2.1241781e+002  2.6556091e+002
  2.1140181e+002  2.6653334e+002
  2.1022977e+002  2.6794531e+002
  2.0949535e+002  2.6901487e+002
  2.0868321e+002  2.7002960e+002
  2.0850594e+002  2.7072664e+002
  2.0824548e+002  2.7135193e+002
  2.0750062e+002  2.7156520e+002
  2.0713518e+002  2.7214657e+002
  2.0637295e+002  2.7241302e+002
  2.0535079e+002  2.7308844e+002
  2.0452010e+002  2.7409672e+002
  2.0434820e+002  2.7478571e+002
  2.0350526e+002  2.7571750e+002
  2.0326118e+002  2.7639011e+002
  2.0249551e+002  2.7662706e+002
  2.0138644e+002  2.7759824e+002
  2.0011349e+002  2.7907700e+002
  1.9941560e+002  2.8017514e+002
  1.9873224e+002  2.8121127e+002
  1.9853350e+002  2.8200159e+002
  1.9830723e+002  2.8283379e+002
  1.9758211e+002  2.8392942e+002
  1.9745011e+002  2.8480093e+002
  1.9677460e+002  2.8590250e+002
  1.9671694e+002  2.8681583e+002
  1.9667630e+002  2.8773104e+002
  1.9656552e+002  2.8863670e+002
  1.9638459e+002  2.8954431e+002
  1.9548121e+002  2.9071654e+002
  1.9442327e+002  2.9182571e+002
  1.9335615e+002  2.9292254e+002
  1.9242142e+002  2.9400439e+002
  1.9171416e+002  2.9513912e+002
  1.9155195e+002  2.9609791e+002
  1.9144707e+002  2.9706065e+002
  1.9090725e+002  2.9826226e+002
  1.9081947e+002  2.9921261e+002
  1.9072099e+002  3.0018149e+002
  1.9056455e+002  3.0113880e+002
  1.9037235e+002  3.0207892e+002
  1.8963116e+002  3.0319461e+002
  1.8937967e+002  3.0408137e+002
  1.8857706e+002  3.0510673e+002
  1.8835553e+002  3.0597244e+002
  1.8771419e+002  3.0695932e+002
  1.8762037e+002  3.0787955e+002
  1.8756088e+002  3.0884321e+002
  1.8750331e+002  3.0984724e+002
  1.8744995e+002  3.1088978e+002
  1.8691830e+002  3.1208493e+002
  1.8679306e+002  3.1310678e+002
  1.8663291e+002  3.1407695e+002
  1.8645330e+002  3.1501049e+002
  1.8574713e+002  3.1595741e+002
  1.8554870e+002  3.1681717e+002
  1.8536093e+002  3.1769855e+002
  1.8476844e+002  3.1868257e+002
  1.8475300e+002  3.1969573e+002
  1.8483803e+002  3.2080358e+002
  1.8499524e+002  3.2230641e+002
  1.8514245e+002  3.2321124e+002
  1.8529268e+002  3.2412988e+002
  1.8541394e+002  3.2509498e+002
  1.8546802e+002  3.2612032e+002
  1.8542627e+002  3.2717324e+002
  1.8526832e+002  3.2857412e+002
  1.8500484e+002  3.3021979e+002
  1.8496776e+002  3.3107010e+002
  1.8495591e+002  3.3198534e+002
  1.8497355e+002  3.3294224e+002
  1.8499048e+002  3.3394815e+002
  1.8500731e+002  3.3522609e+002
  1.8504892e+002  3.3620165e+002
  1.8502967e+002  3.3716317e+002
  1.8496686e+002  3.3811184e+002
  1.8486677e+002  3.3905938e+002
  1.8482033e+002  3.4008923e+002
  1.8482666e+002  3.4109901e+002
  1.8482823e+002  3.4207069e+002
  1.8483112e+002  3.4303549e+002
  1.8484520e+002  3.4397972e+002
  1.8485670e+002  3.4496147e+002
  1.8490572e+002  3.4627751e+002
  1.8500462e+002  3.4725251e+002
  1.8512041e+002  3.4818235e+002
  1.8525752e+002  3.4908854e+002
  1.8537809e+002  3.5002715e+002
  1.8545278e+002  3.5101072e+002
  1.8544807e+002  3.5202752e+002
  1.8537108e+002  3.5308445e+002
  1.8528011e+002  3.5411310e+002
  1.8527810e+002  3.5510686e+002
  1.8540012e+002  3.5607078e+002
  1.8559995e+002  3.5706302e+002
  1.8611412e+002  3.5810464e+002
  1.8626757e+002  3.5916630e+002
  1.8636041e+002  3.6020529e+002
  1.8637998e+002  3.6122077e+002
  1.8637350e+002  3.6221961e+002
  1.8635070e+002  3.6320854e+002
  1.8635490e+002  3.6417774e+002
  1.8638921e+002  3.6514825e+002
  1.8643788e+002  3.6613212e+002
  1.8652804e+002  3.6713648e+002
  1.8710056e+002  3.6812543e+002
  1.8725109e+002  3.6909395e+002
  1.8736613e+002  3.7003432e+002
  1.8747784e+002  3.7094213e+002
  1.8758664e+002  3.7186843e+002
  1.8813030e+002  3.7291825e+002
  1.8825457e+002  3.7388714e+002
  1.8838045e+002  3.7489279e+002
  1.8843539e+002  3.7589820e+002
  1.8844980e+002  3.7692403e+002
  1.8846287e+002  3.7795693e+002
  1.8847348e+002  3.7901219e+002
  1.8851879e+002  3.8021469e+002
  1.8895610e+002  3.8118328e+002
  1.8894635e+002  3.8213817e+002
  1.8892621e+002  3.8309011e+002
  1.8893793e+002  3.8429670e+002
  1.8904565e+002  3.8524583e+002
  1.8921843e+002  3.8616830e+002
  1.8940594e+002  3.8709039e+002
  1.8958072e+002  3.8801222e+002
  1.9015671e+002  3.8900791e+002
  1.9027767e+002  3.8996515e+002
  1.9038975e+002  3.9092051e+002
  1.9049209e+002  3.9187837e+002
  1.9059029e+002  3.9284814e+002
  1.9115631e+002  3.9388007e+002
  1.9120545e+002  3.9487786e+002
  1.9128068e+002  3.9589170e+002
  1.9139687e+002  3.9691781e+002
  1.9153458e+002  3.9793565e+002
  1.9210580e+002  3.9900654e+002
  1.9227125e+002  4.0002095e+002
  1.9240753e+002  4.0102743e+002
  1.9253066e+002  4.0203894e+002
  1.9315328e+002  4.0312107e+002
  1.9321786e+002  4.0414789e+002
  1.9329853e+002  4.0515036e+002
  1.9341706e+002  4.0614130e+002
  1.9359535e+002  4.0708417e+002
  1.9431169e+002  4.0812945e+002
