  2.1636271e+002  4.5552469e+002
  2.1641866e+002  4.5636796e+002
  2.1733851e+002  4.5728493e+002
  2.1847462e+002  4.5812062e+002
  2.2013645e+002  4.5957911e+002
  2.2096208e+002  4.6068864e+002
  2.2167151e+002  4.6171030e+002
  2.2252473e+002  4.6290505e+002
  2.2343887e+002  4.6394454e+002
  2.2371500e+002  4.6471582e+002
  2.2479802e+002  4.6564215e+002
  2.2596142e+002  4.6649634e+002
  2.2702161e+002  4.6674819e+002
  2.2799492e+002  4.6750913e+002
  2.2900932e+002  4.6838614e+002
  2.2970529e+002  4.6865806e+002
  2.3066120e+002  4.6969161e+002
  2.3165813e+002  4.7079507e+002
  2.3268465e+002  4.7178015e+002
  2.3384307e+002  4.7268514e+002
  2.3491144e+002  4.7348608e+002
  2.3570781e+002  4.7370675e+002
  2.3661953e+002  4.7482623e+002
  2.3739156e+002  4.7595977e+002
  2.3758160e+002  4.7683334e+002
  2.3842909e+002  4.7794337e+002
  2.3856554e+002  4.7881670e+002
  2.3933664e+002  4.7981809e+002
  2.3940617e+002  4.8060476e+002
  2.3950195e+002  4.8133154e+002
  2.4034253e+002  4.8142455e+002
  2.4187226e+002  4.8258523e+002
  2.4293178e+002  4.8331398e+002
  2.4384076e+002  4.8338534e+002
  2.4479135e+002  4.8341646e+002
  2.4575842e+002  4.8346962e+002
  2.4666592e+002  4.8353292e+002
  2.4770464e+002  4.8435847e+002
  2.4854474e+002  4.8456862e+002
  2.4956033e+002  4.8555593e+002
  2.5062526e+002  4.8651083e+002
  2.5176736e+002  4.8743627e+002
  2.5264558e+002  4.8764677e+002
  2.5373130e+002  4.8857067e+002
  2.5482928e+002  4.8941395e+002
  2.5574961e+002  4.8955923e+002
  2.5694491e+002  4.9034188e+002
  2.5781074e+002  4.9051887e+002
  2.5887912e+002  4.9138916e+002
  2.5964344e+002  4.9161534e+002
  2.6061357e+002  4.9258698e+002
  2.6155965e+002  4.9353783e+002
  2.6259021e+002  4.9444649e+002
  2.6342845e+002  4.9460615e+002
  2.6367392e+002  4.9526289e+002
  2.6455391e+002  4.9541856e+002
  2.6549143e+002  4.9554689e+002
  2.6575382e+002  4.9622280e+002
  2.6669338e+002  4.9633962e+002
  2.6765338e+002  4.9647332e+002
  2.6858318e+002  4.9659147e+002
  2.6966382e+002  4.9746655e+002
  2.7052582e+002  4.9760879e+002
  2.7162080e+002  4.9840378e+002
  2.7248832e+002  4.9846074e+002
  2.7363393e+002  4.9920820e+002
  2.7451447e+002  4.9933632e+002
  2.7541631e+002  4.9950263e+002
  2.7562724e+002  5.0029583e+002
  2.7648810e+002  5.0055873e+002
  2.7668865e+002  5.0140037e+002
  2.7780969e+002  5.0201906e+002
  2.7856143e+002  5.0293443e+002
  2.7938521e+002  5.0379536e+002
  2.7945464e+002  5.0449801e+002
  2.8040823e+002  5.0529272e+002
  2.8176603e+002  5.0668345e+002
  2.8272808e+002  5.0740199e+002
  2.8365681e+002  5.0746506e+002
  2.8460379e+002  5.0748161e+002
  2.8556541e+002  5.0754163e+002
  2.8663857e+002  5.0824034e+002
  2.8763232e+002  5.0831768e+002
  2.8861276e+002  5.0841536e+002
  2.8954468e+002  5.0853667e+002
  2.9053905e+002  5.0934559e+002
  2.9142624e+002  5.0953088e+002
  2.9155164e+002  5.1018100e+002
  2.9245969e+002  5.1034140e+002
  2.9343710e+002  5.1046611e+002
  2.9442670e+002  5.1055841e+002
  2.9462427e+002  5.1117702e+002
  2.9564529e+002  5.1125693e+002
  2.9666064e+002  5.1136018e+002
  2.9763461e+002  5.1148175e+002
  2.9855765e+002  5.1162918e+002
  2.9948566e+002  5.1251411e+002
  2.9953115e+002  5.1320473e+002
  3.0041092e+002  5.1336986e+002
  3.0132427e+002  5.1352173e+002
  3.0143332e+002  5.1420514e+002
  3.0239773e+002  5.1435061e+002
  3.0354586e+002  5.1510950e+002
  3.0457266e+002  5.1516309e+002
  3.0564560e+002  5.1516904e+002
  3.0673166e+002  5.1521703e+002
  3.0781990e+002  5.1528753e+002
  3.0879810e+002  5.1537412e+002
  3.0970888e+002  5.1542410e+002
  3.1058578e+002  5.1548801e+002
  3.1145334e+002  5.1556097e+002
  3.1152173e+002  5.1629700e+002
  3.1240663e+002  5.1640205e+002
  3.1336986e+002  5.1622140e+002
  3.1424473e+002  5.1639045e+002
  3.1510366e+002  5.1662021e+002
  3.1529492e+002  5.1737628e+002
  3.1618151e+002  5.1760614e+002
  3.1635929e+002  5.1835919e+002
  3.1725641e+002  5.1859064e+002
  3.1732534e+002  5.1931022e+002
  3.1818262e+002  5.2020198e+002
  3.1901167e+002  5.2109184e+002
  3.1988768e+002  5.2204854e+002
  3.2071183e+002  5.2295171e+002
  3.2160598e+002  5.2343190e+002
  3.2580615e+002  5.2282328e+002
  3.2624272e+002  5.2214012e+002
  3.2616579e+002  5.2135189e+002
  3.2611751e+002  5.2048124e+002
  3.2615074e+002  5.1958540e+002
  3.2707524e+002  5.1960434e+002
  3.2798845e+002  5.1966751e+002
  3.2981954e+002  5.1963833e+002
  3.3078416e+002  5.1963650e+002
  3.3174624e+002  5.1968082e+002
  3.3262320e+002  5.1982420e+002
  3.3344921e+002  5.2005773e+002
  3.3355857e+002  5.1886863e+002
  3.3445365e+002  5.1920581e+002
  3.3536670e+002  5.1960166e+002
  3.3632868e+002  5.1999482e+002
  3.3733789e+002  5.2023483e+002
  3.3890578e+002  5.2020901e+002
  3.3906278e+002  5.2090402e+002
  3.3849278e+002  5.2157318e+002
  3.3753830e+002  5.2235161e+002
  3.3903955e+002  5.2313353e+002
  3.3997465e+002  5.2376128e+002
  3.4085490e+002  5.2426254e+002
  3.4161067e+002  5.2457231e+002
  3.4318867e+002  5.2437669e+002
  3.4666377e+002  5.2585371e+002
  3.4710572e+002  5.2362311e+002
  3.4654868e+002  5.2296244e+002
  3.4657691e+002  5.2241973e+002
  3.4660775e+002  5.2175567e+002
  3.4765266e+002  5.2165275e+002
  3.4893711e+002  5.2157115e+002
  3.4990311e+002  5.2151515e+002
  3.5083814e+002  5.2150450e+002
  3.5174818e+002  5.2154487e+002
  3.5267051e+002  5.2172960e+002
  3.5358054e+002  5.2199263e+002
  3.5509741e+002  5.2144736e+002
  3.5599504e+002  5.2136194e+002
  3.5689555e+002  5.2125655e+002
  3.5780368e+002  5.2114387e+002
  3.5875275e+002  5.2107094e+002
  3.5970932e+002  5.2098243e+002
  3.6064499e+002  5.2090997e+002
  3.6156017e+002  5.2083938e+002
  3.6249277e+002  5.2085964e+002
  3.6348759e+002  5.2087032e+002
  3.6449932e+002  5.2085728e+002
  3.6555118e+002  5.2079944e+002
  3.6656008e+002  5.2074556e+002
  3.6756223e+002  5.2073590e+002
  3.6850811e+002  5.2070636e+002
  3.6948577e+002  5.2071950e+002
  3.7047608e+002  5.2072060e+002
  3.7151367e+002  5.2075110e+002
  3.7255835e+002  5.2074780e+002
  3.7392879e+002  5.2073037e+002
  3.7489217e+002  5.2070702e+002
  3.7584373e+002  5.2066621e+002
  3.7674528e+002  5.2067812e+002
  3.7765740e+002  5.2075245e+002
  3.7855231e+002  5.2084384e+002
  3.7939768e+002  5.2096828e+002
  3.8115963e+002  5.2097919e+002
  3.8214310e+002  5.2089768e+002
  3.8301176e+002  5.2083883e+002
  3.8389733e+002  5.2075038e+002
  3.8474158e+002  5.2065715e+002
  3.8561064e+002  5.2048389e+002
  3.8572909e+002  5.1977477e+002
  3.8664814e+002  5.1964320e+002
  3.8764065e+002  5.1951726e+002
  3.8861426e+002  5.1936564e+002
  3.8873813e+002  5.1867301e+002
  3.8969762e+002  5.1851436e+002
  3.9062928e+002  5.1837132e+002
  3.9074509e+002  5.1770291e+002
  3.9166261e+002  5.1762020e+002
  3.9273366e+002  5.1691396e+002
  3.9387941e+002  5.1617607e+002
  3.9498142e+002  5.1530160e+002
  3.9603485e+002  5.1436213e+002
  3.9700984e+002  5.1346220e+002
  3.9804199e+002  5.1263276e+002
  3.9911099e+002  5.1180038e+002
  4.0032448e+002  5.1104183e+002
  4.0162491e+002  5.1034807e+002
  4.0221021e+002  5.1065912e+002
  4.0200190e+002  5.1129521e+002
  4.0294158e+002  5.1121867e+002
  4.0404773e+002  5.1043387e+002
  4.0515075e+002  5.0964055e+002
  4.0635071e+002  5.0861245e+002
  4.0730149e+002  5.0768896e+002
  4.0832003e+002  5.0662110e+002
  4.0953615e+002  5.0557756e+002
  4.1010784e+002  5.0628407e+002
  4.1130167e+002  5.0538414e+002
  4.1242367e+002  5.0447881e+002
  4.1344516e+002  5.0358703e+002
  4.1448572e+002  5.0265807e+002
  4.1573121e+002  5.0106821e+002
  4.1639636e+002  5.0082550e+002
  4.1715400e+002  4.9986236e+002
  4.1800352e+002  4.9883900e+002
  4.1889868e+002  4.9781709e+002
  4.1983448e+002  4.9691000e+002
  4.2071955e+002  4.9596496e+002
  4.2150204e+002  4.9492196e+002
  4.2233646e+002  4.9380935e+002
  4.2329140e+002  4.9271541e+002
  4.2420767e+002  4.9159838e+002
  4.2503089e+002  4.9041688e+002
  4.2452668e+002  4.8977331e+002
  4.2550213e+002  4.8873722e+002
  4.2667703e+002  4.8774949e+002
  4.2782751e+002  4.8673723e+002
  4.2882160e+002  4.8563551e+002
  4.2972219e+002  4.8460350e+002
  4.3046670e+002  4.8356425e+002
  4.3117774e+002  4.8260767e+002
  4.3186050e+002  4.8176303e+002
  4.3240090e+002  4.8015854e+002
  4.3121100e+002  4.7943079e+002
  4.3061572e+002  4.7856323e+002
  4.3160095e+002  4.7761433e+002
  4.3256815e+002  4.7674328e+002
  4.3341648e+002  4.7582501e+002
  4.3413995e+002  4.7478897e+002
  4.3482519e+002  4.7367097e+002
  4.3544115e+002  4.7247754e+002
  4.3421129e+002  4.7183921e+002
  4.3354784e+002  4.7188716e+002
  4.3356304e+002  4.7087571e+002
  4.3361795e+002  4.6984587e+002
  4.3366514e+002  4.6882438e+002
  4.3370477e+002  4.6779446e+002
  4.3370244e+002  4.6677092e+002
  4.3367432e+002  4.6574009e+002
  4.3357510e+002  4.6480457e+002
  4.3357573e+002  4.6375658e+002
  4.3358478e+002  4.6271493e+002
  4.3357903e+002  4.6166938e+002
  4.3359542e+002  4.6066788e+002
  4.3362633e+002  4.5967075e+002
  4.3370283e+002  4.5870374e+002
  4.3378904e+002  4.5774263e+002
  4.3384578e+002  4.5678016e+002
  4.3391810e+002  4.5581830e+002
  4.3397364e+002  4.5485709e+002
  4.3401295e+002  4.5390510e+002
  4.3405987e+002  4.5297134e+002
  4.3418714e+002  4.5209874e+002
  4.3434114e+002  4.5121389e+002
  4.3453029e+002  4.5028338e+002
  4.3510095e+002  4.5012497e+002
  4.3520046e+002  4.4910493e+002
  4.3537152e+002  4.4804786e+002
  4.3552418e+002  4.4691276e+002
  4.3620664e+002  4.4686775e+002
  4.3628795e+002  4.4574430e+002
  4.3628555e+002  4.4467341e+002
  4.3630929e+002  4.4367140e+002
  4.3631782e+002  4.4273364e+002
  4.3636862e+002  4.4181509e+002
  4.3643549e+002  4.4087401e+002
  4.3650637e+002  4.3989258e+002
  4.3712899e+002  4.3980528e+002
  4.3720200e+002  4.3879682e+002
  4.3727837e+002  4.3779243e+002
  4.3733309e+002  4.3681302e+002
  4.3735203e+002  4.3587109e+002
  4.3741364e+002  4.3493831e+002
  4.3747581e+002  4.3387212e+002
  4.3757677e+002  4.3291223e+002
  4.3807391e+002  4.3290175e+002
  4.3824302e+002  4.3189042e+002
  4.3839798e+002  4.3087955e+002
  4.3852943e+002  4.2991322e+002
  4.3914699e+002  4.2990286e+002
  4.3917385e+002  4.2891598e+002
  4.3921691e+002  4.2792064e+002
  4.3925583e+002  4.2687070e+002
  4.3929074e+002  4.2581257e+002
  4.3933983e+002  4.2473831e+002
  4.3937322e+002  4.2368653e+002
  4.3936979e+002  4.2267453e+002
  4.3933559e+002  4.2165997e+002
  4.3926199e+002  4.2064031e+002
  4.3924131e+002  4.1963474e+002
  4.3924518e+002  4.1871652e+002
  4.3928162e+002  4.1773770e+002
  4.3931665e+002  4.1674523e+002
  4.3936362e+002  4.1578004e+002
  4.3941816e+002  4.1482970e+002
  4.3944722e+002  4.1365106e+002
  4.3942407e+002  4.1265180e+002
  4.3936073e+002  4.1165091e+002
  4.3926485e+002  4.1065086e+002
  4.3916892e+002  4.0967339e+002
  4.3905476e+002  4.0869427e+002
  4.3893118e+002  4.0772088e+002
  4.3882184e+002  4.0672522e+002
  4.3872456e+002  4.0571251e+002
  4.3866622e+002  4.0466992e+002
  4.3864344e+002  4.0361757e+002
  4.3864177e+002  4.0259730e+002
  4.3865846e+002  4.0160474e+002
  4.3864436e+002  4.0063209e+002
  4.3864132e+002  3.9964013e+002
  4.3863858e+002  3.9864296e+002
  4.3864890e+002  3.9762360e+002
  4.3863533e+002  3.9657759e+002
  4.3857718e+002  3.9552852e+002
  4.3846489e+002  3.9449236e+002
  4.3773506e+002  3.9357232e+002
  4.3765373e+002  3.9260302e+002
  4.3762123e+002  3.9164828e+002
  4.3760363e+002  3.9067204e+002
  4.3757707e+002  3.8968207e+002
  4.3754145e+002  3.8869316e+002
  4.3752736e+002  3.8767196e+002
  4.3750906e+002  3.8665091e+002
  4.3747427e+002  3.8562937e+002
  4.3684104e+002  3.8553190e+002
  4.3672566e+002  3.8453745e+002
  4.3656926e+002  3.8356871e+002
  4.3639464e+002  3.8259008e+002
  4.3579179e+002  3.8262401e+002
  4.3570078e+002  3.8166198e+002
  4.3567066e+002  3.8068522e+002
  4.3565872e+002  3.7968554e+002
  4.3563048e+002  3.7868946e+002
  4.3557370e+002  3.7766826e+002
  4.3550173e+002  3.7664382e+002
  4.3540723e+002  3.7561874e+002
  4.3483372e+002  3.7555016e+002
  4.3473592e+002  3.7454433e+002
  4.3462879e+002  3.7354656e+002
  4.3453791e+002  3.7256245e+002
  4.3445220e+002  3.7158785e+002
  4.3386259e+002  3.7147521e+002
  4.3376617e+002  3.7048349e+002
  4.3364846e+002  3.6950757e+002
  4.3351599e+002  3.6851995e+002
  4.3336818e+002  3.6754971e+002
  4.3274489e+002  3.6746442e+002
  4.3259863e+002  3.6652442e+002
  4.3245640e+002  3.6559765e+002
  4.3185829e+002  3.6545152e+002
  4.3170902e+002  3.6455237e+002
  4.3159168e+002  3.6365168e+002
  4.3151337e+002  3.6272918e+002
  4.3143018e+002  3.6176412e+002
  4.3084518e+002  3.6165490e+002
  4.3073051e+002  3.6069877e+002
  4.3058519e+002  3.5972931e+002
  4.3043587e+002  3.5877943e+002
  4.2983524e+002  3.5867595e+002
  4.2970113e+002  3.5769286e+002
  4.2959775e+002  3.5669226e+002
  4.2948599e+002  3.5566581e+002
  4.2889824e+002  3.5558246e+002
  4.2881190e+002  3.5457041e+002
  4.2877459e+002  3.5351699e+002
  4.2872663e+002  3.5247206e+002
  4.2863992e+002  3.5144871e+002
  4.2849346e+002  3.5045957e+002
  4.2764931e+002  3.4938785e+002
  4.2740367e+002  3.4844666e+002
  4.2649050e+002  3.4739395e+002
  4.2565847e+002  3.4631827e+002
  4.2548014e+002  3.4543975e+002
  4.2474070e+002  3.4434188e+002
  4.2457673e+002  3.4344175e+002
  4.2441304e+002  3.4253272e+002
  4.2380332e+002  3.4235010e+002
  4.2362254e+002  3.4142888e+002
  4.2345810e+002  3.4051272e+002
  4.2284174e+002  3.4029161e+002
  4.2268738e+002  3.3938317e+002
  4.2257375e+002  3.3849349e+002
  4.2247813e+002  3.3763269e+002
  4.2183323e+002  3.3738444e+002
  4.2167732e+002  3.3653576e+002
  4.2082028e+002  3.3542192e+002
  4.2061666e+002  3.3452604e+002
  4.1973897e+002  3.3341503e+002
  4.1953418e+002  3.3253031e+002
  4.1862499e+002  3.3143886e+002
  4.1837435e+002  3.3058795e+002
  4.1764552e+002  3.3030758e+002
  4.1734845e+002  3.2948364e+002
  4.1626064e+002  3.2838522e+002
  4.1523100e+002  3.2733911e+002
  4.1436902e+002  3.2630310e+002
  4.1365541e+002  3.2524793e+002
  4.1352244e+002  3.2436589e+002
  4.1340387e+002  3.2347498e+002
  4.1275545e+002  3.2231258e+002
  4.1268399e+002  3.2136725e+002
  4.1263462e+002  3.2038826e+002
  4.1256542e+002  3.1939247e+002
  4.1245241e+002  3.1843859e+002
  4.1155370e+002  3.1737000e+002
  4.1129191e+002  3.1649481e+002
  4.1028501e+002  3.1548724e+002
  4.0932784e+002  3.1451477e+002
  4.0868767e+002  3.1430593e+002
  4.0843828e+002  3.1347965e+002
  4.0761768e+002  3.1236035e+002
  4.0744785e+002  3.1148281e+002
  4.0665572e+002  3.1029768e+002
  4.0647044e+002  3.0942623e+002
  4.0561349e+002  3.0833842e+002
  4.0544692e+002  3.0750486e+002
  4.0480879e+002  3.0721206e+002
  4.0462864e+002  3.0639878e+002
  4.0448781e+002  3.0558807e+002
  4.0377881e+002  3.0525381e+002
  4.0352881e+002  3.0448385e+002
  4.0326998e+002  3.0372094e+002
  4.0248287e+002  3.0339687e+002
  4.0148032e+002  3.0233027e+002
  4.0018190e+002  3.0103059e+002
  3.9923904e+002  3.0015833e+002
  3.9829215e+002  2.9929884e+002
  3.9728959e+002  2.9846610e+002
  3.9625688e+002  2.9757988e+002
  3.9552367e+002  2.9738997e+002
  3.9511106e+002  2.9633238e+002
  3.9412674e+002  2.9520221e+002
  3.9314234e+002  2.9418747e+002
  3.9215217e+002  2.9325376e+002
  3.9118244e+002  2.9229899e+002
  3.9023673e+002  2.9124286e+002
  3.8924879e+002  2.9002559e+002
  3.8842465e+002  2.8898672e+002
  3.8758916e+002  2.8801465e+002
  3.8736869e+002  2.8722265e+002
  3.8653773e+002  2.8625700e+002
  3.8634493e+002  2.8546501e+002
  3.8546178e+002  2.8450288e+002
  3.8473139e+002  2.8433380e+002
  3.8446088e+002  2.8360644e+002
  3.8330612e+002  2.8308185e+002
  3.8219896e+002  2.8219607e+002
  3.8112270e+002  2.8133048e+002
  3.8006833e+002  2.8048254e+002
  3.7905586e+002  2.7963260e+002
  3.7828995e+002  2.7942579e+002
  3.7719646e+002  2.7852051e+002
  3.7640101e+002  2.7829615e+002
  3.7529631e+002  2.7740733e+002
  3.7420658e+002  2.7648893e+002
  3.7315428e+002  2.7554745e+002
  3.7241573e+002  2.7531709e+002
  3.7138652e+002  2.7440547e+002
  3.7034157e+002  2.7345562e+002
  3.6929281e+002  2.7249380e+002
  3.6816344e+002  2.7154004e+002
  3.6732533e+002  2.7128491e+002
  3.6626660e+002  2.7031959e+002
  3.6517856e+002  2.6928525e+002
  3.6414215e+002  2.6819049e+002
  3.6319238e+002  2.6711868e+002
  3.6224404e+002  2.6617518e+002
  3.6117930e+002  2.6542171e+002
  3.6003318e+002  2.6474031e+002
  3.5916031e+002  2.6462150e+002
  3.5828854e+002  2.6448516e+002
  3.5720199e+002  2.6362235e+002
  3.5639654e+002  2.6339105e+002
  3.5539228e+002  2.6243279e+002
  3.5437008e+002  2.6150344e+002
  3.5358061e+002  2.6127201e+002
  3.5331752e+002  2.6060106e+002
  3.5250135e+002  2.6036349e+002
  3.5221618e+002  2.5970985e+002
  3.5138660e+002  2.5947963e+002
  3.5027807e+002  2.5862080e+002
  3.4940920e+002  2.5842954e+002
  3.4827521e+002  2.5769093e+002
  3.4742225e+002  2.5754432e+002
  3.4659227e+002  2.5740668e+002
  3.4627155e+002  2.5675255e+002
  3.4548694e+002  2.5657144e+002
  3.4467394e+002  2.5639142e+002
  3.4438210e+002  2.5571527e+002
  3.4359703e+002  2.5550096e+002
  3.4251902e+002  2.5459733e+002
  3.4133456e+002  2.5372393e+002
  3.4039667e+002  2.5347913e+002
  3.3914031e+002  2.5267905e+002
  3.3826153e+002  2.5249439e+002
  3.3718693e+002  2.5168025e+002
  3.3634612e+002  2.5148774e+002
  3.3525222e+002  2.5066717e+002
  3.3434198e+002  2.5049161e+002
  3.3320973e+002  2.4972073e+002
  3.3234839e+002  2.4953467e+002
  3.3150939e+002  2.4933170e+002
  3.3128809e+002  2.4865403e+002
  3.3046728e+002  2.4842131e+002
  3.2938857e+002  2.4753755e+002
  3.2849723e+002  2.4733101e+002
  3.2739926e+002  2.4648102e+002
  3.2636876e+002  2.4563052e+002
  3.2553119e+002  2.4544568e+002
  3.2529271e+002  2.4492130e+002
  3.2442954e+002  2.4477885e+002
  3.2350232e+002  2.4468992e+002
  3.2234025e+002  2.4402492e+002
  3.2136914e+002  2.4385895e+002
  3.2039327e+002  2.4367685e+002
  3.1942550e+002  2.4347914e+002
  3.1831472e+002  2.4273159e+002
  3.1737938e+002  2.4261820e+002
  3.1646376e+002  2.4251442e+002
  3.1555168e+002  2.4238890e+002
  3.1540812e+002  2.4173978e+002
  3.1450149e+002  2.4153748e+002
  3.1359339e+002  2.4128833e+002
  3.1341815e+002  2.4065823e+002
  3.1251961e+002  2.4040413e+002
  3.1231161e+002  2.3983985e+002
  3.1142433e+002  2.3958675e+002
  3.1051649e+002  2.3937524e+002
  3.1036168e+002  2.3889309e+002
  3.0945914e+002  2.3871641e+002
  3.0853095e+002  2.3860355e+002
  3.0739378e+002  2.3804806e+002
  3.0644615e+002  2.3796464e+002
  3.0549121e+002  2.3790028e+002
  3.0453965e+002  2.3780990e+002
  3.0358358e+002  2.3773529e+002
  3.0260348e+002  2.3762987e+002
  3.0161218e+002  2.3756189e+002
  3.0063955e+002  2.3745791e+002
  3.0058597e+002  2.3695863e+002
  2.9962689e+002  2.3682663e+002
  2.9866836e+002  2.3663741e+002
  2.9771883e+002  2.3643726e+002
  2.9762092e+002  2.3594575e+002
  2.9668430e+002  2.3576250e+002
  2.9574964e+002  2.3564677e+002
  2.9479493e+002  2.3559407e+002
  2.9381069e+002  2.3556135e+002
  2.9278227e+002  2.3555283e+002
  2.9158387e+002  2.3554398e+002
  2.9070186e+002  2.3559465e+002
  2.8979540e+002  2.3568408e+002
  2.8885253e+002  2.3575520e+002
  2.8766428e+002  2.3569898e+002
  2.8665759e+002  2.3570709e+002
  2.8562514e+002  2.3563926e+002
  2.8458525e+002  2.3555709e+002
  2.8360393e+002  2.3546695e+002
  2.8360038e+002  2.3503308e+002
  2.8268470e+002  2.3489223e+002
  2.8182693e+002  2.3475518e+002
  2.8093503e+002  2.3466660e+002
  2.7998885e+002  2.3468632e+002
  2.7840223e+002  2.3483020e+002
  2.7748473e+002  2.3500147e+002
  2.7656464e+002  2.3513981e+002
  2.7564634e+002  2.3525394e+002
  2.7475253e+002  2.3534429e+002
  2.7385235e+002  2.3547629e+002
  2.7297490e+002  2.3564607e+002
  2.7289167e+002  2.3607305e+002
  2.7198119e+002  2.3620508e+002
  2.7104141e+002  2.3634908e+002
  2.7003305e+002  2.3645542e+002
  2.6896038e+002  2.3653216e+002
  2.6889845e+002  2.3690125e+002
  2.6781454e+002  2.3694193e+002
  2.6672388e+002  2.3696279e+002
  2.6565030e+002  2.3701758e+002
  2.6461069e+002  2.3708302e+002
  2.6360579e+002  2.3717284e+002
  2.6261845e+002  2.3728477e+002
  2.6165576e+002  2.3738868e+002
  2.6070887e+002  2.3754180e+002
  2.6069423e+002  2.3789871e+002
  2.5971782e+002  2.3801702e+002
  2.5876065e+002  2.3812301e+002
  2.5782299e+002  2.3825086e+002
  2.5690310e+002  2.3839410e+002
  2.5596919e+002  2.3857914e+002
  2.5585346e+002  2.3899369e+002
  2.5488927e+002  2.3914433e+002
  2.5389493e+002  2.3928203e+002
  2.5290087e+002  2.3941284e+002
  2.5192965e+002  2.3954586e+002
  2.5182111e+002  2.3993246e+002
  2.5078677e+002  2.3997473e+002
  2.4973409e+002  2.4005133e+002
  2.4868397e+002  2.4016155e+002
  2.4767710e+002  2.4033789e+002
  2.4672736e+002  2.4064240e+002
  2.4658123e+002  2.4103859e+002
  2.4567943e+002  2.4141881e+002
  2.4486172e+002  2.4186280e+002
  2.4473741e+002  2.4232249e+002
  2.4391386e+002  2.4268972e+002
  2.4380983e+002  2.4324027e+002
  2.4297996e+002  2.4358761e+002
  2.4289401e+002  2.4415605e+002
  2.4184395e+002  2.4500030e+002
  2.4068406e+002  2.4567353e+002
  2.3954490e+002  2.4636171e+002
  2.3900723e+002  2.4703366e+002
  2.3799454e+002  2.4742966e+002
  2.3696940e+002  2.4775159e+002
  2.3604948e+002  2.4771667e+002
  2.3531309e+002  2.4631309e+002
  2.3319406e+002  2.4586166e+002
  2.2975737e+002  2.4869045e+002
  2.3048073e+002  2.4948756e+002
  2.2969220e+002  2.4977355e+002
  2.2897628e+002  2.5016003e+002
  2.2853753e+002  2.5075714e+002
  2.2866223e+002  2.4847319e+002
  2.2774487e+002  2.4850879e+002
  2.2458640e+002  2.4649137e+002
  2.2427674e+002  2.4534961e+002
  2.2397695e+002  2.4508743e+002
  2.2319125e+002  2.4529586e+002
  2.2241353e+002  2.4552836e+002
  2.2208085e+002  2.4610922e+002
  2.2131151e+002  2.4634192e+002
  2.2135115e+002  2.4623857e+002
  2.1990695e+002  2.4214587e+002
  2.1853129e+002  2.3984192e+002
  2.1959155e+002  2.3929643e+002
  2.2055573e+002  2.3862473e+002
  2.2093052e+002  2.3835579e+002
  2.2126442e+002  2.3772799e+002
  2.2117885e+002  2.3728279e+002
  2.2146810e+002  2.3653878e+002
  2.2147129e+002  2.3670619e+002
  2.2376644e+002  2.3765435e+002
  2.2107508e+002  2.3507983e+002
  2.2321699e+002  2.3414752e+002
  2.1889209e+002  2.2731307e+002
  2.1995571e+002  2.2705460e+002
  2.2090011e+002  2.2713199e+002
  2.2174979e+002  2.2720111e+002
  2.2228767e+002  2.2726506e+002
  2.2319142e+002  2.2648850e+002
  2.2358863e+002  2.2572333e+002
  2.2386600e+002  2.2589963e+002
  2.2378770e+002  2.2507623e+002
  2.2469099e+002  2.2362065e+002
  2.2559422e+002  2.2364526e+002
  2.2611272e+002  2.2400924e+002
  2.2615799e+002  2.2293590e+002
  2.2616677e+002  2.2243047e+002
  2.2746956e+002  2.2131430e+002
  2.2855791e+002  2.2028617e+002
  2.3140600e+002  2.1662857e+002
  2.3609764e+002  2.1471627e+002
  2.3515766e+002  2.1672221e+002
  2.3508849e+002  2.2017458e+002
  2.3960698e+002  2.1090629e+002
  2.4217379e+002  2.1158408e+002
  2.4264535e+002  2.1229977e+002
  2.4325908e+002  2.1215267e+002
  2.4397595e+002  2.1154425e+002
  2.4587064e+002  2.1010367e+002
  2.4665793e+002  2.1013189e+002
  2.4756152e+002  2.1015150e+002
  2.4854913e+002  2.1011336e+002
  2.4966432e+002  2.1029215e+002
  2.5053022e+002  2.1050027e+002
  2.5164125e+002  2.1044881e+002
  2.5195787e+002  2.0978551e+002
  2.5201147e+002  2.0967492e+002
  2.5337189e+002  2.0875169e+002
  2.5439098e+002  2.0888070e+002
  2.5580531e+002  2.0926974e+002
  2.5787800e+002  2.0905642e+002
  2.5849611e+002  2.0904335e+002
  2.5904990e+002  2.0901474e+002
  2.5939902e+002  2.0907465e+002
  2.5897704e+002  2.0930943e+002
  2.5965510e+002  2.1249791e+002
  2.6627655e+002  2.0850376e+002
  2.6589873e+002  2.0907954e+002
  2.6576473e+002  2.0957864e+002
  2.6876177e+002  2.1047387e+002
  2.7080250e+002  2.1034219e+002
  2.7147667e+002  2.1006825e+002
  2.7177333e+002  2.1185465e+002
  2.7232615e+002  2.1241698e+002
  2.7294538e+002  2.1291376e+002
  2.7406791e+002  2.1367925e+002
  2.7517998e+002  2.1300625e+002
  2.7661435e+002  2.1240446e+002
  2.7839474e+002  2.1200305e+002
  2.7932932e+002  2.1195119e+002
  2.8024076e+002  2.1207143e+002
  2.8093731e+002  2.1180685e+002
  2.8162188e+002  2.1178697e+002
  2.8323223e+002  2.1112598e+002
  2.8373241e+002  2.1155924e+002
  2.8451145e+002  2.1205399e+002
  2.8507253e+002  2.1263592e+002
  2.8461845e+002  2.1338292e+002
  2.8487640e+002  2.1418140e+002
  2.8977012e+002  2.1275350e+002
  2.9029814e+002  2.1290952e+002
  2.9068785e+002  2.1303695e+002
  2.9212088e+002  2.1173740e+002
  2.9226612e+002  2.1180808e+002
  2.9314796e+002  2.1161455e+002
  2.9536550e+002  2.1205132e+002
  2.9587133e+002  2.1214450e+002
  2.9641750e+002  2.1385359e+002
  2.9456263e+002  2.1177437e+002
  2.9720321e+002  2.0860030e+002
  2.9748213e+002  2.0833197e+002
  2.9800467e+002  2.0806471e+002
  2.9862531e+002  2.0790027e+002
  2.9926885e+002  2.0805486e+002
  3.0000094e+002  2.0825148e+002
  3.0006031e+002  2.1011766e+002
  3.0396500e+002  2.0553062e+002
  3.0500178e+002  2.0618960e+002
  3.0528740e+002  2.0637343e+002
  3.0607264e+002  2.0585220e+002
  3.0919290e+002  2.0466799e+002
  3.0966274e+002  2.0517632e+002
  3.1029752e+002  2.0528536e+002
  3.1088857e+002  2.0554344e+002
  3.1127110e+002  2.0644507e+002
  3.1300111e+002  2.0760806e+002
  3.1449281e+002  2.0819670e+002
  3.1535471e+002  2.0819172e+002
  3.1605370e+002  2.0816211e+002
  3.1663183e+002  2.0797098e+002
  3.1763033e+002  2.0721291e+002
  3.1890875e+002  2.0658701e+002
  3.1908251e+002  2.0702851e+002
  3.1932585e+002  2.0779180e+002
  3.1955360e+002  2.0773042e+002
  3.2216677e+002  2.0515544e+002
  3.2096050e+002  2.0454853e+002
  3.1912484e+002  2.0602680e+002
  3.1907239e+002  2.0625802e+002
  3.1908251e+002  2.0702851e+002
  3.1841500e+002  2.0773969e+002
  3.1810584e+002  2.0738546e+002
  3.1890875e+002  2.0658701e+002
  3.1908251e+002  2.0702851e+002
  3.1907239e+002  2.0625802e+002
  3.1908743e+002  2.0544756e+002
  3.1904401e+002  2.0458344e+002
  3.1874037e+002  2.0458822e+002
  3.1860494e+002  2.0464659e+002
  3.1883016e+002  2.0386004e+002
  3.1864971e+002  2.0237696e+002
  3.1903730e+002  2.0255078e+002
  3.1901951e+002  2.0358459e+002
  3.1904401e+002  2.0458344e+002
  3.1908743e+002  2.0544756e+002
  3.1907239e+002  2.0625802e+002
  3.1908251e+002  2.0702851e+002
  3.1841500e+002  2.0773969e+002
  3.1810584e+002  2.0738546e+002
  3.1890875e+002  2.0658701e+002
  3.1908251e+002  2.0702851e+002
  3.1841500e+002  2.0773969e+002
  3.1810584e+002  2.0738546e+002
  3.1890875e+002  2.0658701e+002
  3.1908251e+002  2.0702851e+002
  3.1841500e+002  2.0773969e+002
  3.1810584e+002  2.0738546e+002
  3.1890875e+002  2.0658701e+002
  3.1908251e+002  2.0702851e+002
  3.1926326e+002  2.0676863e+002
  3.1945776e+002  2.0681363e+002
  3.2216677e+002  2.0515544e+002
  3.2624744e+002  2.0733463e+002
  3.2634421e+002  2.0690526e+002
  3.2813361e+002  2.0762095e+002
  3.2918064e+002  2.0779165e+002
  3.2982895e+002  2.0762209e+002
  3.3067464e+002  2.0742635e+002
  3.3269077e+002  2.0594297e+002
  3.3437529e+002  2.0592053e+002
  3.3497134e+002  2.0603513e+002
  3.3604705e+002  2.0626007e+002
  3.3694945e+002  2.0660932e+002
  3.3844797e+002  2.0726438e+002
  3.3933039e+002  2.0738429e+002
  3.4008471e+002  2.0735302e+002
  3.4087204e+002  2.0721974e+002
  3.4121397e+002  2.0747007e+002
  3.4250434e+002  2.0684193e+002
  3.4335373e+002  2.0680382e+002
  3.4410175e+002  2.0703838e+002
  3.4599902e+002  2.0800925e+002
  3.4712165e+002  2.0891288e+002
  3.4772805e+002  2.0974674e+002
  3.4881583e+002  2.1049351e+002
  3.4986542e+002  2.1033081e+002
  3.5101201e+002  2.0998183e+002
  3.5218318e+002  2.0956862e+002
  3.5314395e+002  2.0895339e+002
  3.5432125e+002  2.0832118e+002
  3.5557875e+002  2.0789278e+002
  3.5688648e+002  2.0867330e+002
  3.5736453e+002  2.0939352e+002
  3.5791469e+002  2.0961311e+002
  3.5794146e+002  2.1036912e+002
  3.5841637e+002  2.1089114e+002
  3.5882544e+002  2.1155476e+002
  3.6137855e+002  2.0677085e+002
  3.6285331e+002  2.0591629e+002
  3.6347991e+002  2.0631034e+002
  3.6407835e+002  2.0653987e+002
  3.6436010e+002  2.0722557e+002
  3.6487152e+002  2.0745761e+002
  3.6693116e+002  2.0860928e+002
  3.6826606e+002  2.0941628e+002
  3.6909305e+002  2.0929092e+002
  3.6984859e+002  2.0888693e+002
  3.7101478e+002  2.0832972e+002
  3.7133597e+002  2.0775364e+002
  3.7206302e+002  2.0710598e+002
  3.7199738e+002  2.0669675e+002
  3.7363532e+002  2.0585891e+002
  3.7497461e+002  2.0589455e+002
  3.7596711e+002  2.0561100e+002
  3.7748626e+002  2.0554815e+002
  3.7815532e+002  2.0531795e+002
  3.7910546e+002  2.0468105e+002
  3.8006106e+002  2.0443770e+002
  3.8107542e+002  2.0365967e+002
  3.8222508e+002  2.0341211e+002
  3.8412075e+002  1.9777230e+002
  3.8440801e+002  1.9753271e+002
  3.8619528e+002  1.9679060e+002
  3.8670575e+002  1.9699865e+002
  3.8727578e+002  1.9712234e+002
  3.8864547e+002  1.9761169e+002
  3.8982447e+002  1.9822886e+002
  3.9169181e+002  1.9785323e+002
  3.9240529e+002  1.9811373e+002
  3.9401457e+002  1.9665834e+002
  3.9488063e+002  1.9658289e+002
  3.9584944e+002  1.9668414e+002
  3.9736317e+002  1.9705470e+002
  3.9815454e+002  1.9741270e+002
  3.9895059e+002  1.9773399e+002
  3.9976659e+002  1.9848052e+002
  4.0067145e+002  1.9839587e+002
  4.0162566e+002  1.9798572e+002
  4.0310134e+002  1.9709989e+002
  4.0425964e+002  1.9650031e+002
  4.0498537e+002  1.9673125e+002
  4.0544361e+002  1.9751299e+002
  4.0514774e+002  1.9831153e+002
  4.0565088e+002  1.9840786e+002
  4.0758971e+002  1.9815388e+002
  4.0893062e+002  1.9821751e+002
  4.1001329e+002  1.9837138e+002
  4.1098295e+002  1.9836724e+002
  4.1179504e+002  1.9832470e+002
  4.1248028e+002  1.9786580e+002
  4.1309348e+002  1.9784320e+002
  4.1353190e+002  1.9758543e+002
  4.1541818e+002  1.9444621e+002
  4.1405698e+002  1.9321170e+002
  4.1366830e+002  1.9246022e+002
  4.1392866e+002  1.9163875e+002
  4.1565702e+002  1.9133219e+002
  4.1656079e+002  1.9085216e+002
  4.1740319e+002  1.9065628e+002
  4.1822664e+002  1.8993966e+002
  4.2066214e+002  1.8901419e+002
  4.2189340e+002  1.8885156e+002
  4.2245187e+002  1.8922303e+002
  4.2296229e+002  1.8831616e+002
  4.2309714e+002  1.8662857e+002
  4.2461777e+002  1.8488783e+002
  4.2483184e+002  1.8461186e+002
  4.2569216e+002  1.8454202e+002
  4.2882354e+002  1.8223545e+002
  4.2967506e+002  1.8223067e+002
  4.2974289e+002  1.8399748e+002
  4.2811179e+002  1.8343363e+002
  4.2822830e+002  1.8419304e+002
  4.2915049e+002  1.8666626e+002
  4.1612609e+002  1.9887321e+002
  4.3545271e+002  1.8622194e+002
  4.3576955e+002  1.8631956e+002
  4.3629023e+002  1.8594821e+002
  4.3664902e+002  1.8576485e+002
  4.3688843e+002  1.8515031e+002
  4.3989572e+002  1.8715630e+002
