  1.9534864e+002  4.0990762e+002
  1.9559448e+002  4.1089891e+002
  1.9638673e+002  4.1206844e+002
  1.9665536e+002  4.1302001e+002
  1.9755511e+002  4.1412971e+002
  1.9844167e+002  4.1517592e+002
  1.9868819e+002  4.1597017e+002
  1.9944336e+002  4.1695764e+002
  1.9968193e+002  4.1775360e+002
  2.0037270e+002  4.1887456e+002
  2.0054620e+002  4.1977041e+002
  2.0123394e+002  4.2097958e+002
  2.0144459e+002  4.2187565e+002
  2.0168209e+002  4.2271831e+002
  2.0270707e+002  4.2368866e+002
  2.0380596e+002  4.2460306e+002
  2.0489640e+002  4.2559890e+002
  2.0589166e+002  4.2674030e+002
  2.0675000e+002  4.2796112e+002
  2.0751028e+002  4.2912036e+002
  2.0823866e+002  4.3023449e+002
  2.0846742e+002  4.3111350e+002
  2.0868755e+002  4.3201276e+002
  2.0934046e+002  4.3311501e+002
  2.0950454e+002  4.3402842e+002
  2.1025596e+002  4.3466690e+002
  2.1042520e+002  4.3557112e+002
  2.1059560e+002  4.3646832e+002
  2.1118435e+002  4.3672652e+002
  2.1135330e+002  4.3758909e+002
  2.1149588e+002  4.3843897e+002
  2.1235784e+002  4.3947200e+002
  2.1257106e+002  4.4027290e+002
  2.1330611e+002  4.4049345e+002
  2.1421022e+002  4.4159377e+002
  2.1438818e+002  4.4249867e+002
  2.1519743e+002  4.4376608e+002
  2.1533956e+002  4.4466936e+002
  2.1548880e+002  4.4555374e+002
  2.1565067e+002  4.4644385e+002
  2.1642562e+002  4.4668158e+002
  2.1665769e+002  4.4752961e+002
  2.1771590e+002  4.4853961e+002
  2.1894331e+002  4.4968370e+002
  2.1996721e+002  4.5059362e+002
  2.2093265e+002  4.5160098e+002
  2.2186418e+002  4.5260995e+002
  2.2274815e+002  4.5356260e+002
  2.2365056e+002  4.5459750e+002
  2.2466772e+002  4.5568968e+002
  2.2579054e+002  4.5678332e+002
  2.2697479e+002  4.5782057e+002
  2.2799607e+002  4.5876682e+002
  2.2879138e+002  4.5975659e+002
  2.2954146e+002  4.6080705e+002
  2.3038974e+002  4.6188075e+002
  2.3055667e+002  4.6271889e+002
  2.3147250e+002  4.6375116e+002
  2.3162699e+002  4.6452291e+002
  2.3252033e+002  4.6552055e+002
  2.3343810e+002  4.6650503e+002
  2.3365503e+002  4.6723141e+002
  2.3444863e+002  4.6747970e+002
  2.3598694e+002  4.6878606e+002
  2.3693657e+002  4.6948844e+002
  2.3771252e+002  4.6960315e+002
  2.3879366e+002  4.7037312e+002
  2.3965073e+002  4.7058696e+002
  2.4071854e+002  4.7150423e+002
  2.4165305e+002  4.7253947e+002
  2.4252005e+002  4.7361496e+002
  2.4343875e+002  4.7474400e+002
  2.4376297e+002  4.7568414e+002
  2.4487350e+002  4.7662351e+002
  2.4605990e+002  4.7748341e+002
  2.4690160e+002  4.7765727e+002
  2.4796044e+002  4.7851098e+002
  2.4904255e+002  4.7935907e+002
  2.4990018e+002  4.7956494e+002
  2.5096462e+002  4.8044749e+002
  2.5180037e+002  4.8065521e+002
  2.5278666e+002  4.8162230e+002
  2.5374085e+002  4.8256879e+002
  2.5474217e+002  4.8344361e+002
  2.5561990e+002  4.8364017e+002
  2.5670870e+002  4.8449760e+002
  2.5761453e+002  4.8473489e+002
  2.5870883e+002  4.8562946e+002
  2.5975788e+002  4.8655332e+002
  2.6066697e+002  4.8754617e+002
  2.6151779e+002  4.8855034e+002
  2.6237928e+002  4.8954414e+002
  2.6242788e+002  4.9040844e+002
  2.6342975e+002  4.9126858e+002
  2.6459278e+002  4.9197648e+002
  2.6567235e+002  4.9187348e+002
  2.6676525e+002  4.9183983e+002
  2.6780053e+002  4.9196431e+002
  2.6876256e+002  4.9221116e+002
  2.6964169e+002  4.9251002e+002
  2.7059670e+002  4.9366395e+002
  2.7154224e+002  4.9468776e+002
  2.7264008e+002  4.9552319e+002
  2.7375886e+002  4.9620911e+002
  2.7475723e+002  4.9628981e+002
  2.7569910e+002  4.9646127e+002
  2.7658246e+002  4.9670329e+002
  2.7749994e+002  4.9772384e+002
  2.7751464e+002  4.9857426e+002
  2.7837963e+002  4.9975664e+002
  2.7851682e+002  5.0077030e+002
  2.7931668e+002  5.0179765e+002
  2.7933335e+002  5.0259345e+002
  2.7970409e+002  5.0371225e+002
  2.8087774e+002  5.0451688e+002
  2.8203901e+002  5.0532339e+002
  2.8299333e+002  5.0533191e+002
  2.8393763e+002  5.0535035e+002
  2.8486548e+002  5.0536224e+002
  2.8577848e+002  5.0542184e+002
  2.8669245e+002  5.0552567e+002
  2.8775267e+002  5.0657836e+002
  2.8877247e+002  5.0763638e+002
  2.8981344e+002  5.0857671e+002
  2.9091071e+002  5.0944309e+002
  2.9181739e+002  5.0958035e+002
  2.9291220e+002  5.1034791e+002
  2.9382686e+002  5.1031085e+002
  2.9475142e+002  5.1024972e+002
  2.9570864e+002  5.1018500e+002
  2.9671182e+002  5.1017543e+002
  2.9772949e+002  5.1017300e+002
  2.9875054e+002  5.1022371e+002
  2.9974977e+002  5.1030098e+002
  3.0070076e+002  5.1045445e+002
  3.0165528e+002  5.1060754e+002
  3.0260013e+002  5.1149890e+002
  3.0356168e+002  5.1127925e+002
  3.0450010e+002  5.1141031e+002
  3.0546087e+002  5.1152273e+002
  3.0561890e+002  5.1223668e+002
  3.0654422e+002  5.1239956e+002
  3.0745888e+002  5.1258412e+002
  3.0756710e+002  5.1328971e+002
  3.0846388e+002  5.1344308e+002
  3.0938117e+002  5.1360569e+002
  3.0955212e+002  5.1431440e+002
  3.1047736e+002  5.1448521e+002
  3.1138963e+002  5.1469339e+002
  3.1154467e+002  5.1544858e+002
  3.1240588e+002  5.1569341e+002
  3.1257260e+002  5.1645137e+002
  3.1341883e+002  5.1664810e+002
  3.1359077e+002  5.1740488e+002
  3.1448199e+002  5.1755808e+002
  3.1466901e+002  5.1831967e+002
  3.1557139e+002  5.1843775e+002
  3.1645472e+002  5.1857194e+002
  3.1660148e+002  5.1927484e+002
  3.1744919e+002  5.1937856e+002
  3.1833637e+002  5.2016635e+002
  3.1927701e+002  5.2102335e+002
  3.2025846e+002  5.2185279e+002
  3.2129127e+002  5.2264183e+002
  3.2230342e+002  5.2332003e+002
  3.2327871e+002  5.2380575e+002
  3.2454614e+002  5.2526269e+002
  3.2513121e+002  5.2421492e+002
  3.2612635e+002  5.2222557e+002
  3.2655295e+002  5.2035749e+002
  3.2757938e+002  5.1895904e+002
  3.2928516e+002  5.1845694e+002
  3.3002062e+002  5.1788590e+002
  3.3093553e+002  5.1804360e+002
  3.3189106e+002  5.1821489e+002
  3.3283821e+002  5.1836666e+002
  3.3376112e+002  5.1850948e+002
  3.3466632e+002  5.1932590e+002
  3.3550742e+002  5.1944995e+002
  3.3639502e+002  5.1955815e+002
  3.3643828e+002  5.2033463e+002
  3.3747236e+002  5.2033510e+002
  3.3861879e+002  5.2032465e+002
  3.3976387e+002  5.2026241e+002
  3.4122550e+002  5.2020067e+002
  3.4216390e+002  5.2018042e+002
  3.4308513e+002  5.2015473e+002
  3.4400141e+002  5.2010606e+002
  3.4493261e+002  5.2002581e+002
  3.4587739e+002  5.1987357e+002
  3.4682782e+002  5.1980960e+002
  3.4779213e+002  5.1978150e+002
  3.4912647e+002  5.1988938e+002
  3.4992611e+002  5.2004466e+002
  3.5079949e+002  5.2021421e+002
  3.5177225e+002  5.2036601e+002
  3.5279841e+002  5.2046752e+002
  3.5384682e+002  5.2050523e+002
  3.5485207e+002  5.2126467e+002
  3.5622508e+002  5.2111439e+002
  3.5706714e+002  5.2093037e+002
  3.5792470e+002  5.2080333e+002
  3.5881496e+002  5.2071505e+002
  3.5977950e+002  5.2065571e+002
  3.6079741e+002  5.2064117e+002
  3.6185200e+002  5.2065924e+002
  3.6291326e+002  5.2071414e+002
  3.6395785e+002  5.2077516e+002
  3.6497364e+002  5.2083481e+002
  3.6595824e+002  5.2086825e+002
  3.6692830e+002  5.2083057e+002
  3.6786341e+002  5.2071981e+002
  3.6876095e+002  5.2057043e+002
  3.6966999e+002  5.2041600e+002
  3.7061304e+002  5.1952159e+002
  3.7156120e+002  5.1942319e+002
  3.7260748e+002  5.1866955e+002
  3.7368501e+002  5.1883682e+002
  3.7532390e+002  5.1908451e+002
  3.7606196e+002  5.1927000e+002
  3.7685940e+002  5.1939238e+002
  3.7775135e+002  5.1942199e+002
  3.7871781e+002  5.1940756e+002
  3.8018167e+002  5.1928127e+002
  3.8117438e+002  5.1908843e+002
  3.8211379e+002  5.1893789e+002
  3.8300513e+002  5.1882023e+002
  3.8385201e+002  5.1865423e+002
  3.8472836e+002  5.1850589e+002
  3.8561472e+002  5.1829504e+002
  3.8662418e+002  5.1745691e+002
  3.8760190e+002  5.1661089e+002
  3.8860672e+002  5.1653387e+002
  3.8961883e+002  5.1643218e+002
  3.9066229e+002  5.1552199e+002
  3.9160171e+002  5.1537861e+002
  3.9254195e+002  5.1422338e+002
  3.9343484e+002  5.1300541e+002
  3.9349562e+002  5.1214040e+002
  3.9363679e+002  5.1141042e+002
  3.9479015e+002  5.1067812e+002
  3.9580230e+002  5.1071693e+002
  3.9684938e+002  5.1081249e+002
  3.9790505e+002  5.1086406e+002
  3.9889237e+002  5.1080767e+002
  3.9957711e+002  5.1046130e+002
  4.0048685e+002  5.0947401e+002
  4.0053312e+002  5.0862968e+002
  4.0134339e+002  5.0841861e+002
  4.0149267e+002  5.0758844e+002
  4.0281556e+002  5.0614276e+002
  4.0361416e+002  5.0511492e+002
  4.0439842e+002  5.0409866e+002
  4.0456265e+002  5.0327059e+002
  4.0544020e+002  5.0225908e+002
  4.0574552e+002  5.0138601e+002
  4.0674926e+002  5.0048430e+002
  4.0786205e+002  4.9965960e+002
  4.0885026e+002  4.9949100e+002
  4.0992949e+002  4.9853010e+002
  4.1077059e+002  4.9841705e+002
  4.1177031e+002  4.9762308e+002
  4.1259879e+002  4.9762160e+002
  4.1347591e+002  4.9756770e+002
  4.1463578e+002  4.9660570e+002
  4.1566896e+002  4.9647643e+002
  4.1680673e+002  4.9555813e+002
  4.1766962e+002  4.9543153e+002
  4.1860072e+002  4.9444735e+002
  4.1955166e+002  4.9347411e+002
  4.2053532e+002  4.9249081e+002
  4.2177932e+002  4.9114844e+002
  4.2257139e+002  4.9008570e+002
  4.2334060e+002  4.8903015e+002
  4.2340483e+002  4.8808847e+002
  4.2348403e+002  4.8715985e+002
  4.2358263e+002  4.8624722e+002
  4.2437541e+002  4.8519663e+002
  4.2447765e+002  4.8427477e+002
  4.2458962e+002  4.8334569e+002
  4.2550303e+002  4.8224606e+002
  4.2651326e+002  4.8123099e+002
  4.2760265e+002  4.8025818e+002
  4.2869928e+002  4.7927796e+002
  4.2973337e+002  4.7820330e+002
  4.3064738e+002  4.7708574e+002
  4.3154035e+002  4.7601645e+002
  4.3245052e+002  4.7503001e+002
  4.3260502e+002  4.7413610e+002
  4.3347086e+002  4.7317392e+002
  4.3358504e+002  4.7227868e+002
  4.3432544e+002  4.7132426e+002
  4.3438206e+002  4.7037742e+002
  4.3438688e+002  4.6939371e+002
  4.3437446e+002  4.6837906e+002
  4.3432733e+002  4.6735391e+002
  4.3428538e+002  4.6633183e+002
  4.3426371e+002  4.6532874e+002
  4.3432580e+002  4.6435959e+002
  4.3447554e+002  4.6339217e+002
  4.3470886e+002  4.6242432e+002
  4.3584316e+002  4.6149513e+002
  4.3652993e+002  4.6027019e+002
  4.3738896e+002  4.5929349e+002
  4.3742291e+002  4.5827403e+002
  4.3744459e+002  4.5727722e+002
  4.3748792e+002  4.5625875e+002
  4.3752129e+002  4.5521088e+002
  4.3830121e+002  4.5390204e+002
  4.3838707e+002  4.5290657e+002
  4.3850283e+002  4.5195482e+002
  4.3940337e+002  4.5093713e+002
  4.3953239e+002  4.5007690e+002
  4.4031252e+002  4.4916475e+002
  4.4036350e+002  4.4825741e+002
  4.4040692e+002  4.4728569e+002
  4.4044241e+002  4.4626627e+002
  4.4048545e+002  4.4523180e+002
  4.4056564e+002  4.4419474e+002
  4.4131447e+002  4.4315201e+002
  4.4130982e+002  4.4196051e+002
  4.4124591e+002  4.4107226e+002
  4.4117134e+002  4.4017590e+002
  4.4110740e+002  4.3925054e+002
  4.4112839e+002  4.3798502e+002
  4.4117821e+002  4.3698053e+002
  4.4127170e+002  4.3600441e+002
  4.4139007e+002  4.3505343e+002
  4.4147561e+002  4.3410052e+002
  4.4155863e+002  4.3316918e+002
  4.4228238e+002  4.3218553e+002
  4.4227674e+002  4.3123170e+002
  4.4224910e+002  4.3024474e+002
  4.4220984e+002  4.2923032e+002
  4.4219334e+002  4.2819415e+002
  4.4224728e+002  4.2714996e+002
  4.4230448e+002  4.2589672e+002
  4.4231919e+002  4.2495804e+002
  4.4231071e+002  4.2401351e+002
  4.4223845e+002  4.2302894e+002
  4.4214557e+002  4.2205020e+002
  4.4208594e+002  4.2102558e+002
  4.4207875e+002  4.1998270e+002
  4.4210244e+002  4.1894655e+002
  4.4214817e+002  4.1793992e+002
  4.4218421e+002  4.1697436e+002
  4.4217521e+002  4.1600766e+002
  4.4215033e+002  4.1503974e+002
  4.4209278e+002  4.1402720e+002
  4.4204537e+002  4.1301300e+002
  4.4197781e+002  4.1202462e+002
  4.4190396e+002  4.1106523e+002
  4.4178376e+002  4.1011302e+002
  4.4161629e+002  4.0917925e+002
  4.4142220e+002  4.0823964e+002
  4.4059370e+002  4.0725380e+002
  4.4052116e+002  4.0630742e+002
  4.4053331e+002  4.0531149e+002
  4.4055913e+002  4.0428480e+002
  4.4056033e+002  4.0317414e+002
  4.4056612e+002  4.0205922e+002
  4.4054925e+002  4.0092827e+002
  4.4051891e+002  3.9986311e+002
  4.4047411e+002  3.9885486e+002
  4.3978842e+002  3.9781081e+002
  4.3964469e+002  3.9689105e+002
  4.3949562e+002  3.9597913e+002
  4.3885048e+002  3.9498199e+002
  4.3873856e+002  3.9400171e+002
  4.3868088e+002  3.9300747e+002
  4.3867413e+002  3.9201159e+002
  4.3871123e+002  3.9102041e+002
  4.3875347e+002  3.9004295e+002
  4.3876868e+002  3.8907250e+002
  4.3872137e+002  3.8808705e+002
  4.3863628e+002  3.8709797e+002
  4.3851040e+002  3.8610846e+002
  4.3838620e+002  3.8511881e+002
  4.3779135e+002  3.8409897e+002
  4.3768957e+002  3.8312847e+002
  4.3762880e+002  3.8214756e+002
  4.3761005e+002  3.8113178e+002
  4.3763387e+002  3.8008756e+002
  4.3766516e+002  3.7902785e+002
  4.3766867e+002  3.7796404e+002
  4.3764200e+002  3.7690889e+002
  4.3756941e+002  3.7589572e+002
  4.3749011e+002  3.7490282e+002
  4.3697835e+002  3.7387489e+002
  4.3694947e+002  3.7286716e+002
  4.3691613e+002  3.7188082e+002
  4.3684974e+002  3.7091471e+002
  4.3675850e+002  3.6996743e+002
  4.3663195e+002  3.6903131e+002
  4.3651721e+002  3.6807269e+002
  4.3637514e+002  3.6711587e+002
  4.3582125e+002  3.6607824e+002
  4.3574145e+002  3.6510511e+002
  4.3564097e+002  3.6413471e+002
  4.3550914e+002  3.6316057e+002
  4.3534239e+002  3.6214301e+002
  4.3481884e+002  3.6103070e+002
  4.3477150e+002  3.5994637e+002
  4.3476106e+002  3.5887994e+002
  4.3473025e+002  3.5786714e+002
  4.3464431e+002  3.5688919e+002
  4.3451380e+002  3.5593437e+002
  4.3434301e+002  3.5495798e+002
  4.3374652e+002  3.5386713e+002
  4.3360485e+002  3.5286894e+002
  4.3345653e+002  3.5190728e+002
  4.3285958e+002  3.5083876e+002
  4.3270933e+002  3.4990388e+002
  4.3256029e+002  3.4898783e+002
  4.3236611e+002  3.4809200e+002
  4.3161638e+002  3.4704516e+002
  4.3140281e+002  3.4612812e+002
  4.3066127e+002  3.4506964e+002
  4.3045495e+002  3.4412222e+002
  4.2973507e+002  3.4298552e+002
  4.2951736e+002  3.4205661e+002
  4.2929953e+002  3.4115251e+002
  4.2860065e+002  3.4001934e+002
  4.2839402e+002  3.3908309e+002
  4.2773435e+002  3.3791960e+002
  4.2753378e+002  3.3696810e+002
  4.2732490e+002  3.3606126e+002
  4.2656674e+002  3.3504271e+002
  4.2630611e+002  3.3417140e+002
  4.2554002e+002  3.3311888e+002
  4.2538481e+002  3.3224639e+002
  4.2468483e+002  3.3117089e+002
  4.2456360e+002  3.3032521e+002
  4.2438349e+002  3.2949494e+002
  4.2354416e+002  3.2845773e+002
  4.2326772e+002  3.2763011e+002
  4.2261833e+002  3.2741331e+002
  4.2227938e+002  3.2657560e+002
  4.2159225e+002  3.2634441e+002
  4.2120986e+002  3.2549619e+002
  4.2013063e+002  3.2432501e+002
  4.1915917e+002  3.2315633e+002
  4.1830227e+002  3.2201826e+002
  4.1759446e+002  3.2088846e+002
  4.1747388e+002  3.1999724e+002
  4.1684738e+002  3.1874829e+002
  4.1664147e+002  3.1786053e+002
  4.1637940e+002  3.1740027e+002
  4.1548026e+002  3.1631674e+002
  4.1450341e+002  3.1526498e+002
  4.1420066e+002  3.1452080e+002
  4.1323219e+002  3.1396509e+002
  4.1233913e+002  3.1315579e+002
  4.1146233e+002  3.1230064e+002
  4.1055485e+002  3.1135825e+002
  4.0999628e+002  3.1037040e+002
  4.0909759e+002  3.0936390e+002
  4.0827085e+002  3.0828159e+002
  4.0746452e+002  3.0715484e+002
  4.0667279e+002  3.0601933e+002
  4.0652467e+002  3.0520148e+002
  4.0636742e+002  3.0439939e+002
  4.0540942e+002  3.0334492e+002
  4.0434005e+002  3.0241453e+002
  4.0296595e+002  3.0124144e+002
  4.0198223e+002  3.0032093e+002
  4.0109963e+002  2.9926104e+002
  4.0024017e+002  2.9820386e+002
  3.9928913e+002  2.9722212e+002
  3.9820640e+002  2.9635334e+002
  3.9707963e+002  2.9557860e+002
  3.9623192e+002  2.9557314e+002
  3.9541480e+002  2.9549979e+002
  3.9434655e+002  2.9453532e+002
  3.9358272e+002  2.9420533e+002
  3.9321645e+002  2.9349454e+002
  3.9177147e+002  2.9208812e+002
  3.9081733e+002  2.9117696e+002
  3.8996044e+002  2.9027312e+002
  3.8913464e+002  2.8934079e+002
  3.8829580e+002  2.8836833e+002
  3.8741844e+002  2.8734376e+002
  3.8654992e+002  2.8634071e+002
  3.8637093e+002  2.8562682e+002
  3.8533582e+002  2.8508202e+002
  3.8433555e+002  2.8420464e+002
  3.8322285e+002  2.8338204e+002
  3.8206941e+002  2.8259208e+002
  3.8118354e+002  2.8244551e+002
  3.7998578e+002  2.8166429e+002
  3.7907634e+002  2.8151917e+002
  3.7821355e+002  2.8131456e+002
  3.7715501e+002  2.8038907e+002
  3.7616403e+002  2.7943440e+002
  3.7511566e+002  2.7853304e+002
  3.7428983e+002  2.7828192e+002
  3.7316748e+002  2.7742950e+002
  3.7211426e+002  2.7651948e+002
  3.7130507e+002  2.7625697e+002
  3.7027761e+002  2.7533704e+002
  3.6922432e+002  2.7441527e+002
  3.6814483e+002  2.7345852e+002
  3.6707441e+002  2.7247654e+002
  3.6601714e+002  2.7151128e+002
  3.6519311e+002  2.7132235e+002
  3.6410842e+002  2.7047039e+002
  3.6302270e+002  2.6963764e+002
  3.6219656e+002  2.6943747e+002
  3.6116936e+002  2.6856818e+002
  3.6034079e+002  2.6833228e+002
  3.5926686e+002  2.6749739e+002
  3.5811490e+002  2.6668207e+002
  3.5718919e+002  2.6648706e+002
  3.5601706e+002  2.6558240e+002
  3.5518010e+002  2.6528927e+002
  3.5419805e+002  2.6422919e+002
  3.5322719e+002  2.6318771e+002
  3.5218628e+002  2.6221688e+002
  3.5111897e+002  2.6136150e+002
  3.5002063e+002  2.6060437e+002
  3.4913945e+002  2.6049372e+002
  3.4797824e+002  2.5982124e+002
  3.4705703e+002  2.5970788e+002
  3.4615621e+002  2.5956321e+002
  3.4527027e+002  2.5935836e+002
  3.4422424e+002  2.5850097e+002
  3.4338599e+002  2.5826198e+002
  3.4232736e+002  2.5737414e+002
  3.4125406e+002  2.5653160e+002
  3.4035236e+002  2.5634185e+002
  3.3919996e+002  2.5555543e+002
  3.3827957e+002  2.5535034e+002
  3.3715983e+002  2.5451317e+002
  3.3628352e+002  2.5428997e+002
  3.3520503e+002  2.5345185e+002
  3.3413012e+002  2.5264116e+002
  3.3326759e+002  2.5249860e+002
  3.3224291e+002  2.5161248e+002
  3.3141934e+002  2.5134315e+002
  3.3040582e+002  2.5032803e+002
  3.2935087e+002  2.4939198e+002
  3.2818427e+002  2.4860527e+002
  3.2721636e+002  2.4849777e+002
  3.2606101e+002  2.4774766e+002
  3.2511398e+002  2.4759958e+002
  3.2415337e+002  2.4744954e+002
  3.2301226e+002  2.4677754e+002
  3.2200351e+002  2.4667309e+002
  3.2099901e+002  2.4656561e+002
  3.2001368e+002  2.4642940e+002
  3.1892554e+002  2.4565970e+002
  3.1805211e+002  2.4541285e+002
  3.1704835e+002  2.4461605e+002
  3.1617853e+002  2.4437429e+002
  3.1509663e+002  2.4369834e+002
  3.1412725e+002  2.4353534e+002
  3.1313816e+002  2.4340241e+002
  3.1195949e+002  2.4274587e+002
  3.1095225e+002  2.4263550e+002
  3.0993836e+002  2.4258441e+002
  3.0894679e+002  2.4255653e+002
  3.0796401e+002  2.4252673e+002
  3.0699365e+002  2.4243820e+002
  3.0595877e+002  2.4184842e+002
  3.0497310e+002  2.4163460e+002
  3.0398480e+002  2.4138302e+002
  3.0284036e+002  2.4078427e+002
  3.0185702e+002  2.4063274e+002
  3.0091094e+002  2.4053865e+002
  2.9999559e+002  2.4049748e+002
  2.9896901e+002  2.3992803e+002
  2.9807656e+002  2.3985775e+002
  2.9716805e+002  2.3976720e+002
  2.9622269e+002  2.3961997e+002
  2.9524907e+002  2.3953821e+002
  2.9425272e+002  2.3949212e+002
  2.9319394e+002  2.3898518e+002
  2.9218690e+002  2.3901137e+002
  2.9111067e+002  2.3908967e+002
  2.8978012e+002  2.3916637e+002
  2.8889307e+002  2.3922300e+002
  2.8797982e+002  2.3924702e+002
  2.8680445e+002  2.3928541e+002
  2.8584981e+002  2.3919529e+002
  2.8489423e+002  2.3909147e+002
  2.8394407e+002  2.3897374e+002
  2.8300431e+002  2.3887780e+002
  2.8207086e+002  2.3875496e+002
  2.8114119e+002  2.3863128e+002
  2.8017798e+002  2.3852879e+002
  2.7917873e+002  2.3851949e+002
  2.7750697e+002  2.3872853e+002
  2.7657122e+002  2.3905494e+002
  2.7565238e+002  2.3928997e+002
  2.7474069e+002  2.3946764e+002
  2.7384558e+002  2.3958117e+002
  2.7288104e+002  2.4008980e+002
  2.7192894e+002  2.4014669e+002
  2.7094831e+002  2.4018603e+002
  2.6994358e+002  2.4023415e+002
  2.6894581e+002  2.4027260e+002
  2.6794038e+002  2.4031350e+002
  2.6695680e+002  2.4038418e+002
  2.6597444e+002  2.4048603e+002
  2.6499873e+002  2.4061955e+002
  2.6395078e+002  2.4105739e+002
  2.6293063e+002  2.4111773e+002
  2.6191296e+002  2.4112744e+002
  2.6090890e+002  2.4114471e+002
  2.5991301e+002  2.4119245e+002
  2.5892084e+002  2.4128678e+002
  2.5795172e+002  2.4139398e+002
  2.5698896e+002  2.4153665e+002
  2.5606098e+002  2.4223482e+002
  2.5516787e+002  2.4247539e+002
  2.5427089e+002  2.4272863e+002
  2.5327754e+002  2.4339374e+002
  2.5222371e+002  2.4348153e+002
  2.5112522e+002  2.4354857e+002
  2.5001475e+002  2.4405448e+002
  2.4893722e+002  2.4425603e+002
  2.4790396e+002  2.4446883e+002
  2.4693007e+002  2.4473774e+002
  2.4596448e+002  2.4547718e+002
  2.4504609e+002  2.4576337e+002
  2.4399648e+002  2.4645845e+002
  2.4304123e+002  2.4673763e+002
  2.4190539e+002  2.4741544e+002
  2.4093764e+002  2.4758835e+002
  2.3985864e+002  2.4809611e+002
  2.3890293e+002  2.4817144e+002
  2.3796008e+002  2.4824234e+002
  2.3704550e+002  2.4834990e+002
  2.3614853e+002  2.4848922e+002
  2.3527955e+002  2.4869484e+002
  2.3433752e+002  2.4953284e+002
  2.3339401e+002  2.5033651e+002
  2.3245607e+002  2.5048785e+002
  2.3149432e+002  2.5059630e+002
  2.3035507e+002  2.5120932e+002
  2.2936099e+002  2.5142119e+002
  2.2837552e+002  2.5175595e+002
  2.2724823e+002  2.5269324e+002
  2.2616252e+002  2.5361563e+002
  2.2513045e+002  2.5446983e+002
  2.2429954e+002  2.5475677e+002
  2.2327864e+002  2.5567111e+002
  2.2219470e+002  2.5668364e+002
  2.2113387e+002  2.5765753e+002
  2.2007610e+002  2.5853374e+002
  2.1905984e+002  2.5944991e+002
  2.1837017e+002  2.5971049e+002
  2.1748107e+002  2.6084635e+002
  2.1656492e+002  2.6198214e+002
  2.1629076e+002  2.6271219e+002
  2.1514568e+002  2.6340593e+002
  2.1426057e+002  2.6355575e+002
  2.1311840e+002  2.6456267e+002
  2.1201176e+002  2.6530806e+002
  2.1128339e+002  2.6553971e+002
  2.1031882e+002  2.6659742e+002
  2.0920900e+002  2.6810931e+002
  2.0845559e+002  2.6921737e+002
  2.0761747e+002  2.7018806e+002
  2.0743846e+002  2.7089580e+002
  2.0652774e+002  2.7175264e+002
  2.0626137e+002  2.7241183e+002
  2.0564420e+002  2.7272899e+002
  2.0537457e+002  2.7345138e+002
  2.0475558e+002  2.7385555e+002
  2.0413168e+002  2.7489546e+002
  2.0323903e+002  2.7585584e+002
  2.0228050e+002  2.7675893e+002
  2.0138370e+002  2.7774546e+002
  2.0047064e+002  2.7876472e+002
  1.9951586e+002  2.7976106e+002
  1.9925984e+002  2.8042667e+002
  1.9828962e+002  2.8111325e+002
  1.9752687e+002  2.8217295e+002
  1.9729679e+002  2.8294382e+002
  1.9654252e+002  2.8401802e+002
  1.9639382e+002  2.8483509e+002
  1.9571817e+002  2.8598398e+002
  1.9564018e+002  2.8685576e+002
  1.9555106e+002  2.8770467e+002
  1.9536508e+002  2.8853457e+002
  1.9440105e+002  2.8953613e+002
  1.9339904e+002  2.9056313e+002
  1.9245972e+002  2.9164725e+002
  1.9163222e+002  2.9283854e+002
  1.9141725e+002  2.9382696e+002
  1.9080267e+002  2.9507994e+002
  1.9071047e+002  2.9611014e+002
  1.9064626e+002  2.9714178e+002
  1.9059574e+002  2.9816591e+002
  1.9050160e+002  2.9915554e+002
  1.9028033e+002  3.0006172e+002
  1.8939844e+002  3.0111280e+002
  1.8851683e+002  3.0212700e+002
  1.8817040e+002  3.0300022e+002
  1.8738798e+002  3.0408500e+002
  1.8664199e+002  3.0520253e+002
  1.8640892e+002  3.0611234e+002
  1.8573154e+002  3.0717537e+002
  1.8556360e+002  3.0810450e+002
  1.8541565e+002  3.0905654e+002
  1.8489393e+002  3.1018027e+002
  1.8476726e+002  3.1115734e+002
  1.8466503e+002  3.1213584e+002
  1.8454379e+002  3.1309215e+002
  1.8440532e+002  3.1402390e+002
  1.8376815e+002  3.1505757e+002
  1.8354860e+002  3.1595945e+002
  1.8335125e+002  3.1688120e+002
  1.8277887e+002  3.1797866e+002
  1.8268677e+002  3.1897236e+002
  1.8262553e+002  3.1995330e+002
  1.8257708e+002  3.2094748e+002
  1.8254787e+002  3.2193419e+002
  1.8253594e+002  3.2293804e+002
  1.8251162e+002  3.2393918e+002
  1.8245987e+002  3.2496812e+002
  1.8203478e+002  3.2600997e+002
  1.8195957e+002  3.2704035e+002
  1.8192893e+002  3.2808310e+002
  1.8190206e+002  3.2910474e+002
  1.8185185e+002  3.3004609e+002
  1.8178967e+002  3.3097984e+002
  1.8173093e+002  3.3195352e+002
  1.8168224e+002  3.3296822e+002
  1.8168347e+002  3.3402120e+002
  1.8171858e+002  3.3505552e+002
  1.8179288e+002  3.3620578e+002
  1.8185358e+002  3.3717558e+002
  1.8182578e+002  3.3813419e+002
  1.8173518e+002  3.3913362e+002
  1.8161865e+002  3.4015881e+002
  1.8155217e+002  3.4117802e+002
  1.8154628e+002  3.4219596e+002
  1.8165150e+002  3.4319571e+002
  1.8174814e+002  3.4420404e+002
  1.8184617e+002  3.4520157e+002
  1.8196651e+002  3.4618381e+002
  1.8211605e+002  3.4712566e+002
  1.8228385e+002  3.4802893e+002
  1.8241912e+002  3.4895070e+002
  1.8249722e+002  3.4991294e+002
  1.8250634e+002  3.5089775e+002
  1.8284233e+002  3.5188476e+002
  1.8270641e+002  3.5311194e+002
  1.8262202e+002  3.5403970e+002
  1.8253352e+002  3.5497692e+002
  1.8249021e+002  3.5591383e+002
  1.8204590e+002  3.5693934e+002
  1.8205525e+002  3.5797725e+002
  1.8211834e+002  3.5927659e+002
  1.8225485e+002  3.6034126e+002
  1.8240096e+002  3.6136101e+002
  1.8251177e+002  3.6234522e+002
  1.8299223e+002  3.6329089e+002
  1.8293298e+002  3.6424130e+002
  1.8288849e+002  3.6520213e+002
  1.8291731e+002  3.6619111e+002
  1.8301194e+002  3.6720217e+002
  1.8313122e+002  3.6818839e+002
  1.8326884e+002  3.6915358e+002
  1.8339094e+002  3.7010458e+002
  1.8352897e+002  3.7103943e+002
  1.8414831e+002  3.7198533e+002
  1.8431027e+002  3.7291746e+002
  1.8449530e+002  3.7384677e+002
  1.8467896e+002  3.7476011e+002
  1.8534687e+002  3.7580112e+002
  1.8549365e+002  3.7681882e+002
  1.8558569e+002  3.7790357e+002
  1.8614047e+002  3.7910102e+002
  1.8622727e+002  3.8015746e+002
  1.8633929e+002  3.8116258e+002
  1.8650114e+002  3.8212497e+002
  1.8709469e+002  3.8315798e+002
  1.8729922e+002  3.8410016e+002
  1.8752287e+002  3.8502900e+002
  1.8821568e+002  3.8610206e+002
  1.8844706e+002  3.8707227e+002
  1.8860380e+002  3.8803907e+002
  1.8926117e+002  3.8906865e+002
  1.8937303e+002  3.8998492e+002
  1.8946526e+002  3.9091512e+002
  1.8956571e+002  3.9183488e+002
  1.9020403e+002  3.9283750e+002
  1.9033195e+002  3.9378867e+002
  1.9050316e+002  3.9476636e+002
  1.9121215e+002  3.9588179e+002
  1.9141192e+002  3.9688665e+002
  1.9162689e+002  3.9788577e+002
  1.9224077e+002  3.9900777e+002
  1.9243713e+002  3.9995522e+002
  1.9261468e+002  4.0091191e+002
  1.9328174e+002  4.0200771e+002
  1.9334688e+002  4.0298521e+002
  1.9337850e+002  4.0400053e+002
  1.9339258e+002  4.0502928e+002
  1.9344008e+002  4.0602781e+002
  1.9356387e+002  4.0694955e+002
  1.9429841e+002  4.0792389e+002
