  2.2605861e+002  4.5986889e+002
  2.2692536e+002  4.6083733e+002
  2.2772604e+002  4.6177126e+002
  2.2861397e+002  4.6277320e+002
  2.2953531e+002  4.6382612e+002
  2.3047332e+002  4.6483865e+002
  2.3064496e+002  4.6557498e+002
  2.3159398e+002  4.6652186e+002
  2.3258164e+002  4.6752429e+002
  2.3400413e+002  4.6886766e+002
  2.3497773e+002  4.6967484e+002
  2.3595349e+002  4.7047101e+002
  2.3673113e+002  4.7063859e+002
  2.3772493e+002  4.7152980e+002
  2.3867196e+002  4.7250366e+002
  2.3957627e+002  4.7349851e+002
  2.4037797e+002  4.7363781e+002
  2.4051463e+002  4.7445383e+002
  2.4134239e+002  4.7454979e+002
  2.4153775e+002  4.7541401e+002
  2.4238351e+002  4.7558382e+002
  2.4260290e+002  4.7654171e+002
  2.4363637e+002  4.7770509e+002
  2.4468295e+002  4.7872438e+002
  2.4584318e+002  4.7953453e+002
  2.4703819e+002  4.8027325e+002
  2.4794166e+002  4.8047159e+002
  2.4881601e+002  4.8069081e+002
  2.4985325e+002  4.8167593e+002
  2.5078073e+002  4.8272310e+002
  2.5169537e+002  4.8377616e+002
  2.5266756e+002  4.8479912e+002
  2.5372296e+002  4.8572923e+002
  2.5483929e+002  4.8652957e+002
  2.5600671e+002  4.8724027e+002
  2.5689686e+002  4.8737799e+002
  2.5776402e+002  4.8756785e+002
  2.5879645e+002  4.8852472e+002
  2.5973439e+002  4.8957787e+002
  2.6067639e+002  4.9065848e+002
  2.6161548e+002  4.9168817e+002
  2.6262882e+002  4.9262028e+002
  2.6374651e+002  4.9342552e+002
  2.6471607e+002  4.9356435e+002
  2.6588480e+002  4.9436701e+002
  2.6682038e+002  4.9452302e+002
  2.6787120e+002  4.9541280e+002
  2.6877520e+002  4.9561095e+002
  2.6977172e+002  4.9651494e+002
  2.7081333e+002  4.9732756e+002
  2.7180119e+002  4.9740279e+002
  2.7281027e+002  4.9744107e+002
  2.7380906e+002  4.9755922e+002
  2.7488920e+002  4.9838756e+002
  2.7579084e+002  4.9865927e+002
  2.7671733e+002  4.9972034e+002
  2.7769923e+002  5.0082668e+002
  2.7859580e+002  5.0180396e+002
  2.7954727e+002  5.0277409e+002
  2.8058796e+002  5.0374239e+002
  2.8164779e+002  5.0468326e+002
  2.8264985e+002  5.0561975e+002
  2.8369576e+002  5.0646141e+002
  2.8465480e+002  5.0648158e+002
  2.8563767e+002  5.0655939e+002
  2.8680867e+002  5.0732098e+002
  2.8779230e+002  5.0743418e+002
  2.8879979e+002  5.0754697e+002
  2.8996022e+002  5.0825919e+002
  2.9088137e+002  5.0839605e+002
  2.9176375e+002  5.0858311e+002
  2.9274427e+002  5.0950481e+002
  2.9372313e+002  5.1039544e+002
  2.9464602e+002  5.1045693e+002
  2.9562430e+002  5.1045127e+002
  2.9662126e+002  5.1042672e+002
  2.9761483e+002  5.1040946e+002
  2.9857197e+002  5.1047728e+002
  2.9950826e+002  5.1065615e+002
  3.0047958e+002  5.1163186e+002
  3.0059695e+002  5.1233175e+002
  3.0151641e+002  5.1261673e+002
  3.0258214e+002  5.1355333e+002
  3.0371080e+002  5.1438624e+002
  3.0473523e+002  5.1446168e+002
  3.0578155e+002  5.1442696e+002
  3.0681147e+002  5.1433914e+002
  3.0781994e+002  5.1427498e+002
  3.0880284e+002  5.1429997e+002
  3.0977660e+002  5.1447505e+002
  3.1070811e+002  5.1472398e+002
  3.1167592e+002  5.1567492e+002
  3.1263864e+002  5.1665609e+002
  3.1362881e+002  5.1757643e+002
  3.1468188e+002  5.1843646e+002
  3.1555619e+002  5.1847365e+002
  3.1642585e+002  5.1851625e+002
  3.1657334e+002  5.1939424e+002
  3.1740219e+002  5.1951152e+002
  3.1755565e+002  5.2042230e+002
  3.1835179e+002  5.2058282e+002
  3.1847336e+002  5.2148426e+002
  3.1937947e+002  5.2251482e+002
  3.1946552e+002  5.2332146e+002
  3.2044646e+002  5.2424690e+002
  3.2142972e+002  5.2509153e+002
  3.2242762e+002  5.2580738e+002
  3.2304478e+002  5.2668256e+002
  3.2454893e+002  5.2780711e+002
  3.2510603e+002  5.2782110e+002
  3.2537064e+002  5.2864868e+002
  3.2490626e+002  5.3145442e+002
  3.2445918e+002  5.3083926e+002
  3.2405614e+002  5.3081111e+002
  3.2379425e+002  5.3184128e+002
  3.2413340e+002  5.3443227e+002
  3.2386585e+002  5.3526860e+002
  3.2400935e+002  5.3600454e+002
  3.2408441e+002  5.3681399e+002
  3.2469941e+002  5.3816548e+002
  3.2563449e+002  5.3891608e+002
  3.2661876e+002  5.3953995e+002
  3.2759032e+002  5.3995795e+002
  3.2939376e+002  5.3966497e+002
  3.3019543e+002  5.3932997e+002
  3.3106889e+002  5.3846723e+002
  3.3200729e+002  5.3766088e+002
  3.3293245e+002  5.3758927e+002
  3.3388519e+002  5.3766154e+002
  3.3516054e+002  5.3789554e+002
  3.3608867e+002  5.3800809e+002
  3.3699799e+002  5.3804911e+002
  3.3794585e+002  5.3797284e+002
  3.3892045e+002  5.3788549e+002
  3.3990405e+002  5.3771772e+002
  3.4087998e+002  5.3753949e+002
  3.4188657e+002  5.3744085e+002
  3.4288505e+002  5.3698907e+002
  3.4383758e+002  5.3707910e+002
  3.4474695e+002  5.3722223e+002
  3.4571460e+002  5.3736457e+002
  3.4669768e+002  5.3746987e+002
  3.4775306e+002  5.3755213e+002
  3.4899841e+002  5.3834059e+002
  3.4983350e+002  5.3832964e+002
  3.5072375e+002  5.3823450e+002
  3.5166450e+002  5.3826864e+002
  3.5282015e+002  5.3846590e+002
  3.5423181e+002  5.3842381e+002
  3.5507501e+002  5.3840485e+002
  3.5594350e+002  5.3847544e+002
  3.5685137e+002  5.3853282e+002
  3.5789861e+002  5.3924773e+002
  3.5887078e+002  5.3914663e+002
  3.6002396e+002  5.3912059e+002
  3.6105114e+002  5.3921936e+002
  3.6207887e+002  5.3945351e+002
  3.6309021e+002  5.3968972e+002
  3.6340312e+002  5.4054027e+002
  3.6328617e+002  5.4129632e+002
  3.6423195e+002  5.4132171e+002
  3.6616956e+002  5.4097530e+002
  3.6695301e+002  5.4040165e+002
  3.6752758e+002  5.3943286e+002
  3.6868841e+002  5.3811026e+002
  3.6959255e+002  5.3730975e+002
  3.7064576e+002  5.3679968e+002
  3.7232188e+002  5.3690366e+002
  3.7325623e+002  5.3700961e+002
  3.7412891e+002  5.3713399e+002
  3.7497226e+002  5.3723286e+002
  3.7578892e+002  5.3728711e+002
  3.7661356e+002  5.3729364e+002
  3.7800349e+002  5.3714906e+002
  3.7895870e+002  5.3695329e+002
  3.7994483e+002  5.3674177e+002
  3.8091242e+002  5.3657610e+002
  3.8186185e+002  5.3651510e+002
  3.8276179e+002  5.3647089e+002
  3.8381373e+002  5.3557622e+002
  3.8472883e+002  5.3552656e+002
  3.8564844e+002  5.3546419e+002
  3.8670495e+002  5.3466252e+002
  3.8780487e+002  5.3472119e+002
  3.8893562e+002  5.3485603e+002
  3.9003965e+002  5.3493601e+002
  3.9108712e+002  5.3495193e+002
  3.9206648e+002  5.3487287e+002
  3.9301560e+002  5.3463597e+002
  3.9390558e+002  5.3427273e+002
  3.9441547e+002  5.3343194e+002
  3.9445457e+002  5.3253762e+002
  3.9553604e+002  5.3205286e+002
  3.9652637e+002  5.3131840e+002
  3.9771429e+002  5.3083093e+002
  3.9884537e+002  5.3119822e+002
  3.9999852e+002  5.3147912e+002
  4.0089918e+002  5.3159040e+002
  4.0189021e+002  5.3220338e+002
  4.0285177e+002  5.3194255e+002
  4.0374810e+002  5.3158302e+002
  4.0466148e+002  5.3123053e+002
  4.0571060e+002  5.3026879e+002
  4.0661785e+002  5.2930819e+002
  4.0739311e+002  5.2825628e+002
  4.0737780e+002  5.2728569e+002
  4.0725643e+002  5.2660562e+002
  4.0849073e+002  5.2484371e+002
  4.0799876e+002  5.2445579e+002
  4.0912867e+002  5.2262335e+002
  4.1100887e+002  5.2210065e+002
  4.1146796e+002  5.2188023e+002
  4.1216558e+002  5.2113526e+002
  4.1437669e+002  5.2041063e+002
  4.1517530e+002  5.2024462e+002
  4.1601776e+002  5.2006668e+002
  4.1725435e+002  5.1930241e+002
  4.1779154e+002  5.1824962e+002
  4.1841882e+002  5.1724073e+002
  4.1849778e+002  5.1633804e+002
  4.1856194e+002  5.1549641e+002
  4.1946808e+002  5.1473864e+002
  4.2052939e+002  5.1413235e+002
  4.2146027e+002  5.1432274e+002
  4.2337545e+002  5.1260457e+002
  4.2374574e+002  5.1279598e+002
  4.2443980e+002  5.1297544e+002
  4.2553746e+002  5.1199067e+002
  4.2653161e+002  5.1175909e+002
  4.2778560e+002  5.1104619e+002
  4.2876886e+002  5.0980284e+002
  4.2970294e+002  5.0896232e+002
  4.3051746e+002  5.0830496e+002
  4.3148462e+002  5.0763129e+002
  4.3252838e+002  5.0683778e+002
  4.3339478e+002  5.0685599e+002
  4.3504288e+002  5.0508414e+002
  4.3550207e+002  5.0391864e+002
  4.3589512e+002  5.0270758e+002
  4.3575042e+002  5.0168899e+002
  4.3561113e+002  5.0069813e+002
  4.3561696e+002  4.9976467e+002
  4.3578515e+002  4.9883538e+002
  4.3604357e+002  4.9793285e+002
  4.3631659e+002  4.9703713e+002
  4.3655209e+002  4.9616536e+002
  4.3757878e+002  4.9528191e+002
  4.3859016e+002  4.9437049e+002
  4.3962960e+002  4.9334636e+002
  4.4062741e+002  4.9224430e+002
  4.4164360e+002  4.9117735e+002
  4.4252747e+002  4.9021302e+002
  4.4329155e+002  4.8919427e+002
  4.4326224e+002  4.8824487e+002
  4.4323420e+002  4.8723017e+002
  4.4321417e+002  4.8621535e+002
  4.4323937e+002  4.8518228e+002
  4.4326706e+002  4.8412628e+002
  4.4333509e+002  4.8306331e+002
  4.4341398e+002  4.8204217e+002
  4.4351769e+002  4.8107929e+002
  4.4433986e+002  4.8004028e+002
  4.4452678e+002  4.7917945e+002
  4.4514933e+002  4.7826204e+002
  4.4531329e+002  4.7738601e+002
  4.4545320e+002  4.7648296e+002
  4.4555217e+002  4.7556354e+002
  4.4617227e+002  4.7539210e+002
  4.4626439e+002  4.7439967e+002
  4.4638808e+002  4.7339915e+002
  4.4658820e+002  4.7240340e+002
  4.4737807e+002  4.7129803e+002
  4.4758070e+002  4.7034690e+002
  4.4828682e+002  4.6939932e+002
  4.4838861e+002  4.6844800e+002
  4.4853471e+002  4.6748887e+002
  4.4926109e+002  4.6641889e+002
  4.4937512e+002  4.6539360e+002
  4.4937336e+002  4.6390235e+002
  4.4919275e+002  4.6309271e+002
  4.4900176e+002  4.6228190e+002
  4.4887177e+002  4.6150131e+002
  4.4888135e+002  4.6071722e+002
  4.4922350e+002  4.5988564e+002
  4.4953129e+002  4.5744445e+002
  4.5024587e+002  4.5615592e+002
  4.5026269e+002  4.5552293e+002
  4.5034576e+002  4.5488716e+002
  4.5129286e+002  4.5337598e+002
  4.5178357e+002  4.5243855e+002
  4.5242245e+002  4.5142053e+002
  4.5241930e+002  4.5046771e+002
  4.5240176e+002  4.4860235e+002
  4.5218002e+002  4.4772518e+002
  4.5194802e+002  4.4687238e+002
  4.5173739e+002  4.4602036e+002
  4.5163455e+002  4.4516394e+002
  4.5169515e+002  4.4425571e+002
  4.5196011e+002  4.4326589e+002
  4.5225946e+002  4.4175511e+002
  4.5249451e+002  4.4090155e+002
  4.5266199e+002  4.4000208e+002
  4.5334020e+002  4.3913256e+002
  4.5337978e+002  4.3820926e+002
  4.5337308e+002  4.3729685e+002
  4.5338341e+002  4.3638381e+002
  4.5318802e+002  4.3474645e+002
  4.5300916e+002  4.3388441e+002
  4.5288473e+002  4.3302726e+002
  4.5277582e+002  4.3215022e+002
  4.5270861e+002  4.3126082e+002
  4.5254786e+002  4.3036435e+002
  4.5236564e+002  4.2945759e+002
  4.5148285e+002  4.2834250e+002
  4.5079954e+002  4.2716107e+002
  4.5066225e+002  4.2614206e+002
  4.5059125e+002  4.2511351e+002
  4.5053316e+002  4.2411261e+002
  4.5054321e+002  4.2311553e+002
  4.5055702e+002  4.2211500e+002
  4.5058787e+002  4.2074794e+002
  4.5062679e+002  4.1983922e+002
  4.5073186e+002  4.1888760e+002
  4.5081855e+002  4.1790620e+002
  4.5086052e+002  4.1689107e+002
  4.5085788e+002  4.1587828e+002
  4.5085297e+002  4.1489512e+002
  4.5086040e+002  4.1392981e+002
  4.5091219e+002  4.1297980e+002
  4.5097796e+002  4.1186563e+002
  4.5104024e+002  4.1110221e+002
  4.5109468e+002  4.1014611e+002
  4.5111193e+002  4.0917048e+002
  4.5109562e+002  4.0790436e+002
  4.5097081e+002  4.0690102e+002
  4.5080890e+002  4.0595547e+002
  4.5063147e+002  4.0502249e+002
  4.5042494e+002  4.0407198e+002
  4.4978504e+002  4.0310689e+002
  4.4984518e+002  4.0203613e+002
  4.4999039e+002  4.0094121e+002
  4.5018612e+002  3.9985578e+002
  4.5024377e+002  3.9872265e+002
  4.5020366e+002  3.9782340e+002
  4.5002413e+002  3.9683390e+002
  4.4986831e+002  3.9587282e+002
  4.4974334e+002  3.9492316e+002
  4.4966554e+002  3.9398095e+002
  4.4961739e+002  3.9302422e+002
  4.4954098e+002  3.9205461e+002
  4.4945617e+002  3.9109193e+002
  4.4871718e+002  3.9007885e+002
  4.4861081e+002  3.8916719e+002
  4.4853981e+002  3.8825918e+002
  4.4845635e+002  3.8732739e+002
  4.4786768e+002  3.8628175e+002
  4.4794416e+002  3.8521643e+002
  4.4800180e+002  3.8410262e+002
  4.4794391e+002  3.8305133e+002
  4.4777378e+002  3.8205736e+002
  4.4755161e+002  3.8110412e+002
  4.4731714e+002  3.8016128e+002
  4.4646552e+002  3.7917859e+002
  4.4578259e+002  3.7813823e+002
  4.4571351e+002  3.7719259e+002
  4.4566648e+002  3.7622756e+002
  4.4557659e+002  3.7528180e+002
  4.4552149e+002  3.7430710e+002
  4.4545014e+002  3.7329998e+002
  4.4477473e+002  3.7213008e+002
  4.4477680e+002  3.7107924e+002
  4.4475044e+002  3.7007706e+002
  4.4450895e+002  3.6912535e+002
  4.4409243e+002  3.6828239e+002
  4.4275274e+002  3.6740572e+002
  4.4166272e+002  3.6643179e+002
  4.4097012e+002  3.6529971e+002
  4.4052932e+002  3.6408488e+002
  4.4072111e+002  3.6306573e+002
  4.4079618e+002  3.6221533e+002
  4.4078521e+002  3.6137420e+002
  4.4059388e+002  3.6015022e+002
  4.4027884e+002  3.5929772e+002
  4.3911748e+002  3.5831204e+002
  4.3809037e+002  3.5729301e+002
  4.3717933e+002  3.5622660e+002
  4.3645420e+002  3.5509239e+002
  4.3581158e+002  3.5391724e+002
  4.3581881e+002  3.5297055e+002
  4.3585209e+002  3.5205373e+002
  4.3576116e+002  3.5117899e+002
  4.3552869e+002  3.5028959e+002
  4.3517626e+002  3.4932158e+002
  4.3433433e+002  3.4833419e+002
  4.3367763e+002  3.4715929e+002
  4.3356568e+002  3.4609514e+002
  4.3350101e+002  3.4507924e+002
  4.3339964e+002  3.4410005e+002
  4.3265556e+002  3.4293432e+002
  4.3249213e+002  3.4203597e+002
  4.3171678e+002  3.4108716e+002
  4.3164750e+002  3.4017775e+002
  4.3157910e+002  3.3924035e+002
  4.3153575e+002  3.3826668e+002
  4.3140911e+002  3.3729568e+002
  4.3073882e+002  3.3622656e+002
  4.3059995e+002  3.3522945e+002
  4.3048436e+002  3.3425172e+002
  4.2967015e+002  3.3311382e+002
  4.2953821e+002  3.3217288e+002
  4.2937834e+002  3.3127617e+002
  4.2835412e+002  3.3031298e+002
  4.2730693e+002  3.2936731e+002
  4.2639417e+002  3.2822538e+002
  4.2549193e+002  3.2702732e+002
  4.2458464e+002  3.2586734e+002
  4.2426890e+002  3.2499842e+002
  4.2341898e+002  3.2389009e+002
  4.2260380e+002  3.2287063e+002
  4.2239210e+002  3.2208122e+002
  4.2161952e+002  3.2112737e+002
  4.2145376e+002  3.2030028e+002
  4.2077517e+002  3.1919141e+002
  4.2070117e+002  3.1821193e+002
  4.2075820e+002  3.1717987e+002
  4.2090868e+002  3.1611597e+002
  4.2107272e+002  3.1505613e+002
  4.2116737e+002  3.1398084e+002
  4.2109953e+002  3.1293700e+002
  4.2090885e+002  3.1192427e+002
  4.2061331e+002  3.1099335e+002
  4.2025967e+002  3.1016405e+002
  4.1914474e+002  3.0934557e+002
  4.1804351e+002  3.0857219e+002
  4.1712588e+002  3.0834454e+002
  4.1615865e+002  3.0745090e+002
  4.1523888e+002  3.0657629e+002
  4.1453649e+002  3.0636489e+002
  4.1401801e+002  3.0542745e+002
  4.1308981e+002  3.0443594e+002
  4.1219326e+002  3.0346149e+002
  4.1111274e+002  3.0237208e+002
  4.1041084e+002  3.0128326e+002
  4.0972507e+002  3.0020826e+002
  4.0956727e+002  2.9957315e+002
  4.0859631e+002  2.9852630e+002
  4.0763818e+002  2.9736629e+002
  4.0740336e+002  2.9651624e+002
  4.0670691e+002  2.9617613e+002
  4.0644519e+002  2.9537142e+002
  4.0545985e+002  2.9422160e+002
  4.0447488e+002  2.9315054e+002
  4.0352391e+002  2.9211211e+002
  4.0326436e+002  2.9143508e+002
  4.0230137e+002  2.9039462e+002
  4.0126594e+002  2.8935483e+002
  4.0022053e+002  2.8822673e+002
  3.9918166e+002  2.8701491e+002
  3.9817247e+002  2.8594134e+002
  3.9720421e+002  2.8503739e+002
  3.9631946e+002  2.8408404e+002
  3.9552823e+002  2.8302999e+002
  3.9533600e+002  2.8227052e+002
  3.9457567e+002  2.8125814e+002
  3.9440056e+002  2.8050341e+002
  3.9385215e+002  2.8024025e+002
  3.9370623e+002  2.7946700e+002
  3.9363537e+002  2.7869452e+002
  3.9312154e+002  2.7759408e+002
  3.9153228e+002  2.7611054e+002
  3.9130334e+002  2.7551073e+002
  3.9031958e+002  2.7577567e+002
  3.8924887e+002  2.7587763e+002
  3.8823175e+002  2.7581395e+002
  3.8733376e+002  2.7553907e+002
  3.8656721e+002  2.7512648e+002
  3.8620266e+002  2.7454845e+002
  3.8552266e+002  2.7398767e+002
  3.8475328e+002  2.7297255e+002
  3.8402535e+002  2.7216090e+002
  3.8328957e+002  2.7117342e+002
  3.8253363e+002  2.7009380e+002
  3.8236748e+002  2.6930998e+002
  3.8153730e+002  2.6830773e+002
  3.8135817e+002  2.6763462e+002
  3.8069401e+002  2.6743171e+002
  3.7995724e+002  2.6631735e+002
  3.7893520e+002  2.6549107e+002
  3.7788656e+002  2.6454220e+002
  3.7716259e+002  2.6432099e+002
  3.7600163e+002  2.6341410e+002
  3.7493445e+002  2.6264075e+002
  3.7413989e+002  2.6237476e+002
  3.7304011e+002  2.6155029e+002
  3.7226399e+002  2.6120144e+002
  3.7117644e+002  2.6023447e+002
  3.7013589e+002  2.5918163e+002
  3.6915002e+002  2.5814789e+002
  3.6823648e+002  2.5720827e+002
  3.6721955e+002  2.5646451e+002
  3.6602528e+002  2.5583443e+002
  3.6511947e+002  2.5563589e+002
  3.6422936e+002  2.5536995e+002
  3.6312022e+002  2.5449257e+002
  3.6217872e+002  2.5348057e+002
  3.6130272e+002  2.5246481e+002
  3.6023577e+002  2.5157880e+002
  3.5933839e+002  2.5130641e+002
  3.5807032e+002  2.5058771e+002
  3.5716251e+002  2.5044376e+002
  3.5605312e+002  2.4972330e+002
  3.5525215e+002  2.4948655e+002
  3.5421062e+002  2.4863466e+002
  3.5342058e+002  2.4825354e+002
  3.5231065e+002  2.4737700e+002
  3.5121185e+002  2.4642501e+002
  3.5025360e+002  2.4542000e+002
  3.4932695e+002  2.4456710e+002
  3.4847677e+002  2.4434135e+002
  3.4729515e+002  2.4375546e+002
  3.4626596e+002  2.4363754e+002
  3.4530386e+002  2.4348507e+002
  3.4414497e+002  2.4246109e+002
  3.4307838e+002  2.4115224e+002
  3.4235743e+002  2.4034331e+002
  3.4151930e+002  2.3953994e+002
  3.3979267e+002  2.3816749e+002
  3.3870403e+002  2.3760929e+002
  3.3769365e+002  2.3768257e+002
  3.3699158e+002  2.3776619e+002
  3.3602746e+002  2.3774799e+002
  3.3476421e+002  2.3761622e+002
  3.3385557e+002  2.3733566e+002
  3.3279795e+002  2.3672033e+002
  3.3189034e+002  2.3646708e+002
  3.3080347e+002  2.3586964e+002
  3.2988831e+002  2.3566258e+002
  3.2899024e+002  2.3550278e+002
  3.2811486e+002  2.3535578e+002
  3.2707326e+002  2.3472458e+002
  3.2617452e+002  2.3453642e+002
  3.2527357e+002  2.3431991e+002
  3.2433929e+002  2.3362552e+002
  3.2336905e+002  2.3346216e+002
  3.2239153e+002  2.3281439e+002
  3.2132955e+002  2.3267237e+002
  3.2029798e+002  2.3253551e+002
  3.1928068e+002  2.3228481e+002
  3.1816730e+002  2.3181589e+002
  3.1708421e+002  2.3149106e+002
  3.1591492e+002  2.3098641e+002
  3.1488172e+002  2.3069489e+002
  3.1387396e+002  2.3052098e+002
  3.1287839e+002  2.3041667e+002
  3.1169857e+002  2.3000749e+002
  3.1074276e+002  2.2989406e+002
  3.0982320e+002  2.2976199e+002
  3.0892039e+002  2.2956600e+002
  3.0798475e+002  2.2935866e+002
  3.0704309e+002  2.2878306e+002
  3.0605752e+002  2.2860003e+002
  3.0504134e+002  2.2855703e+002
  3.0399966e+002  2.2857038e+002
  3.0297203e+002  2.2862095e+002
  3.0196048e+002  2.2867097e+002
  3.0096653e+002  2.2865872e+002
  2.9998764e+002  2.2860234e+002
  2.9898735e+002  2.2852945e+002
  2.9799627e+002  2.2846045e+002
  2.9692456e+002  2.2806199e+002
  2.9607653e+002  2.2798432e+002
  2.9512557e+002  2.2781425e+002
  2.9414669e+002  2.2764225e+002
  2.9315055e+002  2.2750844e+002
  2.9212022e+002  2.2740462e+002
  2.9100512e+002  2.2697768e+002
  2.8983577e+002  2.2712438e+002
  2.8893597e+002  2.2726861e+002
  2.8801493e+002  2.2729742e+002
  2.8702137e+002  2.2717893e+002
  2.8601384e+002  2.2692787e+002
  2.8474815e+002  2.2683115e+002
  2.8375790e+002  2.2690352e+002
  2.8279005e+002  2.2699836e+002
  2.8182585e+002  2.2706154e+002
  2.8089638e+002  2.2711615e+002
  2.7994570e+002  2.2699903e+002
  2.7899042e+002  2.2678444e+002
  2.7800970e+002  2.2657170e+002
  2.7702058e+002  2.2645484e+002
  2.7615883e+002  2.2603393e+002
  2.7456827e+002  2.2632885e+002
  2.7401607e+002  2.2654517e+002
  2.7273052e+002  2.2745531e+002
  2.7179639e+002  2.2777322e+002
  2.7072583e+002  2.2823643e+002
  2.6975648e+002  2.2837815e+002
  2.6879079e+002  2.2845759e+002
  2.6784148e+002  2.2851792e+002
  2.6679571e+002  2.2896893e+002
  2.6590932e+002  2.2900434e+002
  2.6500344e+002  2.2904313e+002
  2.6406990e+002  2.2909326e+002
  2.6306075e+002  2.2911136e+002
  2.6202199e+002  2.2909465e+002
  2.6097984e+002  2.2902918e+002
  2.5994201e+002  2.2898248e+002
  2.5915576e+002  2.2904741e+002
  2.5792130e+002  2.2912961e+002
  2.5694633e+002  2.2929118e+002
  2.5607122e+002  2.2954069e+002
  2.5512607e+002  2.3070743e+002
  2.5442450e+002  2.3157691e+002
  2.5345120e+002  2.3238268e+002
  2.5268572e+002  2.3253425e+002
  2.5207866e+002  2.3333996e+002
  2.5149038e+002  2.3324744e+002
  2.5069854e+002  2.3332675e+002
  2.4898886e+002  2.3460473e+002
  2.4784112e+002  2.3541220e+002
  2.4693358e+002  2.3565732e+002
  2.4579834e+002  2.3645183e+002
  2.4492122e+002  2.3661082e+002
  2.4368247e+002  2.3718340e+002
  2.4276810e+002  2.3728470e+002
  2.4189079e+002  2.3750243e+002
  2.4066309e+002  2.3819635e+002
  2.3979615e+002  2.3860353e+002
  2.3869831e+002  2.3940009e+002
  2.3789420e+002  2.3975263e+002
  2.3685976e+002  2.4053656e+002
  2.3579641e+002  2.4128131e+002
  2.3498866e+002  2.4145094e+002
  2.3416331e+002  2.4154769e+002
  2.3303746e+002  2.4212134e+002
  2.3223713e+002  2.4221918e+002
  2.3144291e+002  2.4238834e+002
  2.3069838e+002  2.4263799e+002
  2.3040555e+002  2.4329971e+002
  2.2963240e+002  2.4358140e+002
  2.2929241e+002  2.4428987e+002
  2.2852463e+002  2.4458955e+002
  2.2815143e+002  2.4529422e+002
  2.2739176e+002  2.4560158e+002
  2.2627622e+002  2.4658422e+002
  2.2507851e+002  2.4744258e+002
  2.2431612e+002  2.4766751e+002
  2.2301578e+002  2.4844787e+002
  2.2260466e+002  2.4873095e+002
  2.2222275e+002  2.4935148e+002
  2.2143237e+002  2.4953116e+002
  2.2016833e+002  2.5035659e+002
  2.1932455e+002  2.5056314e+002
  2.1823317e+002  2.5162899e+002
  2.1737395e+002  2.5278392e+002
  2.1625577e+002  2.5403973e+002
  2.1532650e+002  2.5485264e+002
  2.1431801e+002  2.5574053e+002
  2.1323151e+002  2.5678365e+002
  2.1217587e+002  2.5774109e+002
  2.1126168e+002  2.5859727e+002
  2.1022309e+002  2.5966293e+002
  2.0922324e+002  2.6063327e+002
  2.0818737e+002  2.6154962e+002
  2.0712881e+002  2.6247219e+002
  2.0648831e+002  2.6269078e+002
  2.0514997e+002  2.6401436e+002
  2.0432434e+002  2.6513091e+002
  2.0364283e+002  2.6627543e+002
  2.0348510e+002  2.6710331e+002
  2.0286584e+002  2.6823078e+002
  2.0261259e+002  2.6905826e+002
  2.0232994e+002  2.6984585e+002
  2.0149354e+002  2.7087894e+002
  2.0058725e+002  2.7188623e+002
  2.0021875e+002  2.7264676e+002
  1.9917228e+002  2.7363617e+002
  1.9811917e+002  2.7459497e+002
  1.9717170e+002  2.7555158e+002
  1.9634693e+002  2.7667979e+002
  1.9553419e+002  2.7795036e+002
  1.9527280e+002  2.7884357e+002
  1.9425542e+002  2.7985583e+002
  1.9331319e+002  2.8074327e+002
  1.9272652e+002  2.8176136e+002
  1.9268143e+002  2.8280091e+002
  1.9255935e+002  2.8386996e+002
  1.9231743e+002  2.8488935e+002
  1.9176557e+002  2.8612061e+002
  1.9146615e+002  2.8709028e+002
  1.9085899e+002  2.8822890e+002
  1.9063269e+002  2.8913691e+002
  1.9045501e+002  2.9004967e+002
  1.8988438e+002  2.9112723e+002
  1.8965138e+002  2.9200632e+002
  1.8934257e+002  2.9288957e+002
  1.8844332e+002  2.9399535e+002
  1.8738411e+002  2.9498912e+002
  1.8625561e+002  2.9587762e+002
  1.8523358e+002  2.9679456e+002
  1.8446165e+002  2.9788594e+002
  1.8386776e+002  2.9906546e+002
  1.8385124e+002  2.9997270e+002
  1.8380393e+002  3.0090197e+002
  1.8374419e+002  3.0184120e+002
  1.8366291e+002  3.0278851e+002
  1.8355029e+002  3.0374242e+002
  1.8341735e+002  3.0470485e+002
  1.8276976e+002  3.0570168e+002
  1.8247505e+002  3.0663679e+002
  1.8160352e+002  3.0754979e+002
  1.8119267e+002  3.0842875e+002
  1.8063374e+002  3.0845437e+002
  1.8028608e+002  3.0937879e+002
  1.7967059e+002  3.0948273e+002
  1.7872469e+002  3.1064888e+002
  1.7875604e+002  3.1163265e+002
  1.7899679e+002  3.1267393e+002
  1.7922074e+002  3.1427285e+002
  1.7919432e+002  3.1498703e+002
  1.7912844e+002  3.1580539e+002
  1.7890083e+002  3.1670615e+002
  1.7855147e+002  3.1787552e+002
  1.7817474e+002  3.1882070e+002
  1.7732071e+002  3.1981394e+002
  1.7655546e+002  3.2082449e+002
  1.7678044e+002  3.2185660e+002
  1.7671436e+002  3.2291898e+002
  1.7664584e+002  3.2395095e+002
  1.7665714e+002  3.2490102e+002
  1.7666209e+002  3.2581122e+002
  1.7664327e+002  3.2676703e+002
  1.7662169e+002  3.2776147e+002
  1.7657274e+002  3.2876385e+002
  1.7649544e+002  3.2980256e+002
  1.7595986e+002  3.3101607e+002
  1.7588702e+002  3.3208504e+002
  1.7582559e+002  3.3312117e+002
  1.7574651e+002  3.3406720e+002
  1.7564243e+002  3.3492875e+002
  1.7551094e+002  3.3577476e+002
  1.7538223e+002  3.3670327e+002
  1.7502017e+002  3.3773236e+002
  1.7491097e+002  3.3888532e+002
  1.7492772e+002  3.4015157e+002
  1.7500921e+002  3.4114366e+002
  1.7507731e+002  3.4210238e+002
  1.7505961e+002  3.4301282e+002
  1.7495366e+002  3.4401436e+002
  1.7485925e+002  3.4487161e+002
  1.7473146e+002  3.4586373e+002
  1.7466150e+002  3.4691904e+002
  1.7458298e+002  3.4799022e+002
  1.7456991e+002  3.4900264e+002
  1.7453524e+002  3.4994676e+002
  1.7451873e+002  3.5115046e+002
  1.7444227e+002  3.5175741e+002
  1.7399468e+002  3.5253671e+002
  1.7393940e+002  3.5352958e+002
  1.7398257e+002  3.5470165e+002
  1.7436410e+002  3.5606558e+002
  1.7482768e+002  3.5703121e+002
  1.7537040e+002  3.5792896e+002
  1.7539320e+002  3.5898637e+002
  1.7508274e+002  3.6015855e+002
  1.7470938e+002  3.6206372e+002
  1.7420169e+002  3.6351698e+002
  1.7377928e+002  3.6504358e+002
  1.7386617e+002  3.6591165e+002
  1.7394441e+002  3.6683710e+002
  1.7393313e+002  3.6780023e+002
  1.7388507e+002  3.6885848e+002
  1.7382768e+002  3.6996069e+002
  1.7388444e+002  3.7144082e+002
  1.7402906e+002  3.7235594e+002
  1.7416569e+002  3.7325139e+002
  1.7431073e+002  3.7415987e+002
  1.7432359e+002  3.7509986e+002
  1.7433999e+002  3.7607842e+002
  1.7432100e+002  3.7704037e+002
  1.7441486e+002  3.7797542e+002
  1.7455275e+002  3.7887386e+002
  1.7529331e+002  3.7997098e+002
  1.7547515e+002  3.8091765e+002
  1.7563344e+002  3.8186936e+002
  1.7646388e+002  3.8299724e+002
  1.7662760e+002  3.8393329e+002
  1.7731167e+002  3.8504446e+002
  1.7749437e+002  3.8600459e+002
  1.7774790e+002  3.8696792e+002
  1.7834608e+002  3.8807254e+002
  1.7855768e+002  3.8900569e+002
  1.7915720e+002  3.9011402e+002
  1.7927635e+002  3.9108204e+002
  1.7934510e+002  3.9206354e+002
  1.7935244e+002  3.9305592e+002
  1.7931131e+002  3.9419349e+002
  1.7926482e+002  3.9513948e+002
  1.7918081e+002  3.9605955e+002
  1.7910672e+002  3.9695076e+002
  1.7915935e+002  3.9809830e+002
  1.7929175e+002  3.9899678e+002
  1.7950561e+002  3.9988622e+002
  1.8041319e+002  4.0080463e+002
  1.8066190e+002  4.0166351e+002
  1.8156908e+002  4.0258693e+002
  1.8238184e+002  4.0363773e+002
  1.8260640e+002  4.0455779e+002
  1.8330738e+002  4.0582904e+002
  1.8343058e+002  4.0686231e+002
  1.8348123e+002  4.0790837e+002
  1.8343395e+002  4.0895553e+002
  1.8336054e+002  4.0995829e+002
  1.8337720e+002  4.1091555e+002
  1.8361107e+002  4.1189383e+002
  1.8427285e+002  4.1302435e+002
  1.8458784e+002  4.1403809e+002
  1.8534992e+002  4.1516169e+002
  1.8560765e+002  4.1612447e+002
  1.8646925e+002  4.1710554e+002
  1.8663921e+002  4.1795256e+002
  1.8742108e+002  4.1891446e+002
  1.8759477e+002  4.1976809e+002
  1.8840495e+002  4.2084741e+002
  1.8866491e+002  4.2174756e+002
  1.8951368e+002  4.2284210e+002
  1.9033055e+002  4.2384099e+002
  1.9055793e+002  4.2469033e+002
  1.9125661e+002  4.2568649e+002
  1.9131046e+002  4.2662100e+002
  1.9126799e+002  4.2762967e+002
  1.9115014e+002  4.2866924e+002
  1.9103816e+002  4.2977202e+002
  1.9093001e+002  4.3064237e+002
  1.9094332e+002  4.3158981e+002
  1.9108488e+002  4.3304028e+002
  1.9139124e+002  4.3399988e+002
  1.9174639e+002  4.3490444e+002
  1.9279977e+002  4.3582209e+002
  1.9398257e+002  4.3674050e+002
  1.9514359e+002  4.3760835e+002
  1.9608241e+002  4.3869517e+002
  1.9679183e+002  4.3991708e+002
  1.9763534e+002  4.4109005e+002
  1.9856244e+002  4.4214573e+002
  1.9936657e+002  4.4315433e+002
  1.9952160e+002  4.4398420e+002
  2.0012200e+002  4.4502939e+002
  2.0035609e+002  4.4553603e+002
  2.0048124e+002  4.4643173e+002
  2.0117910e+002  4.4764853e+002
  2.0135632e+002  4.4859493e+002
  2.0152466e+002  4.4952485e+002
  2.0240676e+002  4.5064188e+002
  2.0263275e+002  4.5145371e+002
  2.0336907e+002  4.5164642e+002
  2.0357201e+002  4.5240608e+002
  2.0430008e+002  4.5266587e+002
  2.0450021e+002  4.5344659e+002
  2.0522114e+002  4.5378391e+002
  2.0543455e+002  4.5454528e+002
  2.0567369e+002  4.5530720e+002
  2.0646904e+002  4.5563242e+002
  2.0672692e+002  4.5640313e+002
  2.0749986e+002  4.5672466e+002
  2.0775597e+002  4.5753498e+002
  2.0880711e+002  4.5861939e+002
  2.0973351e+002  4.5955862e+002
  2.1067234e+002  4.6047073e+002
  2.1139918e+002  4.6063468e+002
  2.1165933e+002  4.6152458e+002
  2.1273844e+002  4.6280745e+002
  2.1370361e+002  4.6399277e+002
  2.1461966e+002  4.6497056e+002
  2.1544793e+002  4.6597180e+002
  2.1558789e+002  4.6689067e+002
  2.1637065e+002  4.6798310e+002
  2.1651465e+002  4.6881107e+002
  2.1735253e+002  4.6971882e+002
  2.1741453e+002  4.7049987e+002
  2.1878376e+002  4.7173589e+002
  2.1985035e+002  4.7250609e+002
  2.2095808e+002  4.7328412e+002
  2.2188995e+002  4.7326859e+002
  2.2283028e+002  4.7325554e+002
  2.2376950e+002  4.7325691e+002
  2.2464584e+002  4.7336436e+002
  2.2545153e+002  4.7358059e+002
  2.2560861e+002  4.7415935e+002
  2.2636790e+002  4.7451231e+002
  2.2654513e+002  4.7519912e+002
  2.2728079e+002  4.7562501e+002
  2.2809863e+002  4.7686194e+002
  2.2887068e+002  4.7774575e+002
  2.2948025e+002  4.7866043e+002
  2.2949559e+002  4.7953379e+002
  2.2951370e+002  4.8041851e+002
  2.3010217e+002  4.8067308e+002
  2.3020748e+002  4.8153774e+002
  2.3030102e+002  4.8232927e+002
  2.3119961e+002  4.8336837e+002
  2.3295905e+002  4.8493991e+002
  2.3394230e+002  4.8554661e+002
  2.3494782e+002  4.8625186e+002
  2.3583630e+002  4.8633396e+002
  2.3672586e+002  4.8638248e+002
  2.3760138e+002  4.8645380e+002
  2.3842728e+002  4.8663334e+002
  2.3863944e+002  4.8734941e+002
  2.3937743e+002  4.8773769e+002
  2.3944661e+002  4.8857036e+002
  2.3947508e+002  4.8946198e+002
  2.4070437e+002  4.9085166e+002
  2.4152485e+002  4.9169816e+002
  2.4218255e+002  4.9272778e+002
  2.4206623e+002  4.9362650e+002
  2.4189966e+002  4.9452773e+002
  2.4183486e+002  4.9534021e+002
  2.4383000e+002  4.9660067e+002
  2.4529599e+002  4.9694935e+002
  2.4602713e+002  4.9666022e+002
  2.4680259e+002  4.9639879e+002
  2.4757171e+002  4.9573243e+002
  2.4918317e+002  4.9576979e+002
  2.5007185e+002  4.9615071e+002
  2.5089747e+002  4.9661232e+002
  2.5181813e+002  4.9784887e+002
  2.5253741e+002  4.9888164e+002
  2.5330032e+002  4.9994352e+002
  2.5341547e+002  5.0066663e+002
