  1.9344349e+002  4.1000791e+002
  1.9364997e+002  4.1091635e+002
  1.9445464e+002  4.1194881e+002
  1.9473573e+002  4.1283738e+002
  1.9562921e+002  4.1391550e+002
  1.9653256e+002  4.1501201e+002
  1.9738296e+002  4.1607712e+002
  1.9756667e+002  4.1693724e+002
  1.9829615e+002  4.1796243e+002
  1.9840636e+002  4.1881280e+002
  1.9850005e+002  4.1970050e+002
  1.9910313e+002  4.2088290e+002
  1.9918849e+002  4.2182657e+002
  1.9928273e+002  4.2276974e+002
  1.9939941e+002  4.2369716e+002
  1.9952482e+002  4.2461455e+002
  2.0028213e+002  4.2567692e+002
  2.0030533e+002  4.2654189e+002
  2.0032273e+002  4.2737500e+002
  2.0035214e+002  4.2820824e+002
  2.0054157e+002  4.2899118e+002
  2.0150440e+002  4.2904016e+002
  2.0291702e+002  4.2972464e+002
  2.0377377e+002  4.3057883e+002
  2.0470814e+002  4.3150547e+002
  2.0562986e+002  4.3247990e+002
  2.0645205e+002  4.3272870e+002
  2.0657760e+002  4.3349638e+002
  2.0760262e+002  4.3417239e+002
  2.0838471e+002  4.3524903e+002
  2.0857462e+002  4.3575117e+002
  2.0933264e+002  4.3685245e+002
  2.0945434e+002  4.3771060e+002
  2.0955082e+002  4.3856526e+002
  2.1035734e+002  4.3957990e+002
  2.1045505e+002  4.4043495e+002
  2.1127316e+002  4.4147385e+002
  2.1212277e+002  4.4259401e+002
  2.1226305e+002  4.4349063e+002
  2.1322412e+002  4.4460899e+002
  2.1338515e+002  4.4554076e+002
  2.1355730e+002  4.4647804e+002
  2.1435392e+002  4.4664489e+002
  2.1454952e+002  4.4754995e+002
  2.1557356e+002  4.4859337e+002
  2.1655586e+002  4.4955492e+002
  2.1750472e+002  4.5058689e+002
  2.1844435e+002  4.5166794e+002
  2.1862586e+002  4.5252173e+002
  2.1968050e+002  4.5354193e+002
  2.2074058e+002  4.5448005e+002
  2.2152090e+002  4.5469846e+002
  2.2250454e+002  4.5572601e+002
  2.2359100e+002  4.5679455e+002
  2.2471535e+002  4.5792183e+002
  2.2577621e+002  4.5902022e+002
  2.2669280e+002  4.6010536e+002
  2.2757164e+002  4.6104598e+002
  2.2846926e+002  4.6197968e+002
  2.2865918e+002  4.6279498e+002
  2.2956515e+002  4.6377724e+002
  2.3049372e+002  4.6477280e+002
  2.3067627e+002  4.6554774e+002
  2.3155825e+002  4.6653953e+002
  2.3241996e+002  4.6754657e+002
  2.3258261e+002  4.6835041e+002
  2.3333737e+002  4.6859285e+002
  2.3397919e+002  4.6976760e+002
  2.3500795e+002  4.7049466e+002
  2.3584470e+002  4.7059983e+002
  2.3689657e+002  4.7135889e+002
  2.3771272e+002  4.7145162e+002
  2.3851662e+002  4.7156423e+002
  2.3942101e+002  4.7251070e+002
  2.3940708e+002  4.7341643e+002
  2.4007049e+002  4.7466672e+002
  2.4049571e+002  4.7576864e+002
  2.4056646e+002  4.7651172e+002
  2.4141749e+002  4.7761303e+002
  2.4146528e+002  4.7844689e+002
  2.4302064e+002  4.7959854e+002
  2.4420116e+002  4.8017229e+002
  2.4518228e+002  4.8017382e+002
  2.4611393e+002  4.8026456e+002
  2.4700142e+002  4.8039060e+002
  2.4785551e+002  4.8056261e+002
  2.4887630e+002  4.8145602e+002
  2.4972749e+002  4.8169844e+002
  2.5069730e+002  4.8270847e+002
  2.5163983e+002  4.8380446e+002
  2.5259741e+002  4.8488550e+002
  2.5362922e+002  4.8582892e+002
  2.5471576e+002  4.8661212e+002
  2.5584660e+002  4.8735021e+002
  2.5673865e+002  4.8753867e+002
  2.5780974e+002  4.8845021e+002
  2.5863552e+002  4.8873128e+002
  2.5957541e+002  4.8984642e+002
  2.6040548e+002  4.9098849e+002
  2.6048949e+002  4.9176582e+002
  2.6059352e+002  4.9250990e+002
  2.6148673e+002  4.9345198e+002
  2.6275793e+002  4.9455746e+002
  2.6398812e+002  4.9536479e+002
  2.6487715e+002  4.9546460e+002
  2.6579497e+002  4.9554516e+002
  2.6687032e+002  4.9639308e+002
  2.6771999e+002  4.9651964e+002
  2.6866311e+002  4.9735448e+002
  2.6956696e+002  4.9742549e+002
  2.7053445e+002  4.9746851e+002
  2.7155159e+002  4.9748900e+002
  2.7262501e+002  4.9754426e+002
  2.7379094e+002  4.9826920e+002
  2.7475222e+002  4.9847456e+002
  2.7566443e+002  4.9870436e+002
  2.7648173e+002  4.9978387e+002
  2.7648622e+002  5.0061489e+002
  2.7651479e+002  5.0148541e+002
  2.7738879e+002  5.0170828e+002
  2.7774915e+002  5.0280618e+002
  2.7852022e+002  5.0372655e+002
  2.7922611e+002  5.0469080e+002
  2.7929058e+002  5.0545771e+002
  2.8078799e+002  5.0691437e+002
  2.8192216e+002  5.0761687e+002
  2.8307305e+002  5.0829387e+002
  2.8404349e+002  5.0825976e+002
  2.8501982e+002  5.0816666e+002
  2.8597284e+002  5.0808165e+002
  2.8692280e+002  5.0802660e+002
  2.8791428e+002  5.0801332e+002
  2.8889608e+002  5.0807984e+002
  2.8990083e+002  5.0819043e+002
  2.9085694e+002  5.0835562e+002
  2.9177144e+002  5.0854047e+002
  2.9275795e+002  5.0957126e+002
  2.9380229e+002  5.1011820e+002
  2.9466899e+002  5.1017016e+002
  2.9556417e+002  5.1024681e+002
  2.9647455e+002  5.1037820e+002
  2.9742677e+002  5.1047071e+002
  2.9838881e+002  5.1049873e+002
  2.9933323e+002  5.1058704e+002
  2.9947374e+002  5.1137469e+002
  3.0040317e+002  5.1157164e+002
  3.0058811e+002  5.1240967e+002
  3.0148205e+002  5.1269889e+002
  3.0162788e+002  5.1349066e+002
  3.0253806e+002  5.1371979e+002
  3.0355851e+002  5.1463735e+002
  3.0457227e+002  5.1544808e+002
  3.0551603e+002  5.1549342e+002
  3.0649396e+002  5.1548502e+002
  3.0770484e+002  5.1616432e+002
  3.0880129e+002  5.1612546e+002
  3.0989709e+002  5.1617657e+002
  3.1094465e+002  5.1628244e+002
  3.1187739e+002  5.1643814e+002
  3.1273310e+002  5.1658568e+002
  3.1368548e+002  5.1747881e+002
  3.1454430e+002  5.1761977e+002
  3.1556469e+002  5.1853986e+002
  3.1655166e+002  5.1941934e+002
  3.1746620e+002  5.1959721e+002
  3.1751901e+002  5.2025132e+002
  3.1845914e+002  5.2038461e+002
  3.1953509e+002  5.2123232e+002
  3.2051939e+002  5.2141217e+002
  3.2149069e+002  5.2156246e+002
  3.2153132e+002  5.2230819e+002
  3.2244830e+002  5.2238501e+002
  3.2434674e+002  5.2289087e+002
  3.2508199e+002  5.2232118e+002
  3.2546228e+002  5.2121939e+002
  3.2558518e+002  5.2020739e+002
  3.2648324e+002  5.1920856e+002
  3.2657978e+002  5.1846681e+002
  3.2761661e+002  5.1767214e+002
  3.2856538e+002  5.1765435e+002
  3.3033982e+002  5.1779759e+002
  3.3116496e+002  5.1796280e+002
  3.3194925e+002  5.1819353e+002
  3.3272868e+002  5.1849839e+002
  3.3350454e+002  5.1878121e+002
  3.3436977e+002  5.1982597e+002
  3.3447076e+002  5.2068371e+002
  3.3460984e+002  5.2154468e+002
  3.3560779e+002  5.2246181e+002
  3.3654683e+002  5.2243976e+002
  3.3750830e+002  5.2234142e+002
  3.3928278e+002  5.2229780e+002
  3.4024308e+002  5.2226059e+002
  3.4120764e+002  5.2230269e+002
  3.4213256e+002  5.2232585e+002
  3.4303538e+002  5.2227250e+002
  3.4395950e+002  5.2215393e+002
  3.4488326e+002  5.2201549e+002
  3.4581738e+002  5.2189020e+002
  3.4677241e+002  5.2188045e+002
  3.4775713e+002  5.2195021e+002
  3.4906929e+002  5.2204143e+002
  3.5001713e+002  5.2212910e+002
  3.5093122e+002  5.2222532e+002
  3.5184117e+002  5.2233680e+002
  3.5273806e+002  5.2244321e+002
  3.5362732e+002  5.2253072e+002
  3.5450719e+002  5.2341129e+002
  3.5625447e+002  5.2330285e+002
  3.5716320e+002  5.2300097e+002
  3.5804546e+002  5.2276454e+002
  3.5891175e+002  5.2257255e+002
  3.5975416e+002  5.2246082e+002
  3.6063033e+002  5.2155465e+002
  3.6152226e+002  5.2162741e+002
  3.6249323e+002  5.2173920e+002
  3.6353130e+002  5.2189082e+002
  3.6475271e+002  5.2196662e+002
  3.6564483e+002  5.2204490e+002
  3.6662999e+002  5.2213386e+002
  3.6769036e+002  5.2216444e+002
  3.6888237e+002  5.2204453e+002
  3.6988695e+002  5.2187710e+002
  3.7087180e+002  5.2172430e+002
  3.7183684e+002  5.2167432e+002
  3.7284199e+002  5.2173952e+002
  3.7389838e+002  5.2187019e+002
  3.7495853e+002  5.2194021e+002
  3.7615097e+002  5.2197728e+002
  3.7706266e+002  5.2197179e+002
  3.7796232e+002  5.2194206e+002
  3.7887603e+002  5.2190091e+002
  3.8012880e+002  5.2183495e+002
  3.8109766e+002  5.2170376e+002
  3.8199782e+002  5.2155710e+002
  3.8288137e+002  5.2140168e+002
  3.8389036e+002  5.2058584e+002
  3.8485633e+002  5.2051035e+002
  3.8578915e+002  5.2039083e+002
  3.8688793e+002  5.1958886e+002
  3.8777584e+002  5.1936006e+002
  3.8879378e+002  5.1844321e+002
  3.8976317e+002  5.1759566e+002
  3.9066736e+002  5.1756167e+002
  3.9159402e+002  5.1759630e+002
  3.9254354e+002  5.1769619e+002
  3.9348536e+002  5.1780274e+002
  3.9440061e+002  5.1779883e+002
  3.9532125e+002  5.1770680e+002
  3.9630147e+002  5.1748799e+002
  3.9641359e+002  5.1645033e+002
  3.9651877e+002  5.1542828e+002
  3.9745873e+002  5.1421556e+002
  3.9754617e+002  5.1345817e+002
  3.9876323e+002  5.1268918e+002
  3.9982529e+002  5.1265688e+002
  4.0085504e+002  5.1264079e+002
  4.0185488e+002  5.1260519e+002
  4.0279144e+002  5.1252058e+002
  4.0338789e+002  5.1232799e+002
  4.0353485e+002  5.1152989e+002
  4.0443054e+002  5.1136155e+002
  4.0450831e+002  5.1054508e+002
  4.0541912e+002  5.1039409e+002
  4.0548906e+002  5.0960137e+002
  4.0647549e+002  5.0948661e+002
  4.0660017e+002  5.0869199e+002
  4.0758781e+002  5.0852608e+002
  4.0865682e+002  5.0838103e+002
  4.0979995e+002  5.0739803e+002
  4.1090018e+002  5.0649069e+002
  4.1192800e+002  5.0563237e+002
  4.1277673e+002  5.0553663e+002
  4.1360448e+002  5.0545965e+002
  4.1458817e+002  5.0450692e+002
  4.1545898e+002  5.0434047e+002
  4.1561404e+002  5.0352777e+002
  4.1648869e+002  5.0328792e+002
  4.1664970e+002  5.0247481e+002
  4.1778094e+002  5.0106447e+002
  4.1859927e+002  4.9999139e+002
  4.1951656e+002  4.9905890e+002
  4.2053775e+002  4.9819629e+002
  4.2154733e+002  4.9727440e+002
  4.2245558e+002  4.9622256e+002
  4.2253836e+002  4.9529321e+002
  4.2332342e+002  4.9417263e+002
  4.2336677e+002  4.9320625e+002
  4.2340590e+002  4.9226384e+002
  4.2347189e+002  4.9134280e+002
  4.2355778e+002  4.9042819e+002
  4.2441311e+002  4.8937081e+002
  4.2456241e+002  4.8843208e+002
  4.2551523e+002  4.8735569e+002
  4.2657845e+002  4.8630487e+002
  4.2771828e+002  4.8532377e+002
  4.2892779e+002  4.8435372e+002
  4.2989238e+002  4.8329991e+002
  4.3060291e+002  4.8215383e+002
  4.3123575e+002  4.8099311e+002
  4.3121447e+002  4.7999624e+002
  4.3129651e+002  4.7900692e+002
  4.3140002e+002  4.7804718e+002
  4.3154266e+002  4.7710876e+002
  4.3239470e+002  4.7609407e+002
  4.3247943e+002  4.7512983e+002
  4.3255298e+002  4.7416808e+002
  4.3322352e+002  4.7314425e+002
  4.3327178e+002  4.7218235e+002
  4.3336156e+002  4.7123763e+002
  4.3348097e+002  4.7030389e+002
  4.3361680e+002  4.6937070e+002
  4.3443878e+002  4.6834375e+002
  4.3457138e+002  4.6740686e+002
  4.3544279e+002  4.6640108e+002
  4.3549720e+002  4.6545222e+002
  4.3545833e+002  4.6450701e+002
  4.3537660e+002  4.6354760e+002
  4.3532496e+002  4.6198264e+002
  4.3538081e+002  4.6106498e+002
  4.3549000e+002  4.6014480e+002
  4.3557588e+002  4.5922714e+002
  4.3621299e+002  4.5822205e+002
  4.3621472e+002  4.5724689e+002
  4.3623197e+002  4.5591166e+002
  4.3621182e+002  4.5507661e+002
  4.3633354e+002  4.5414180e+002
  4.3651917e+002  4.5316294e+002
  4.3739127e+002  4.5214387e+002
  4.3757950e+002  4.5123065e+002
  4.3847370e+002  4.5032499e+002
  4.3861856e+002  4.4945029e+002
  4.3953339e+002  4.4842454e+002
  4.4035703e+002  4.4736691e+002
  4.4030192e+002  4.4634812e+002
  4.4018997e+002  4.4496310e+002
  4.4013933e+002  4.4403959e+002
  4.4010400e+002  4.4314362e+002
  4.4005494e+002  4.4224237e+002
  4.3999796e+002  4.4128824e+002
  4.3994715e+002  4.4025444e+002
  4.3994919e+002  4.3920480e+002
  4.3998113e+002  4.3806665e+002
  4.4003006e+002  4.3706801e+002
  4.4005960e+002  4.3610948e+002
  4.4009438e+002  4.3516551e+002
  4.4008777e+002  4.3419328e+002
  4.4006363e+002  4.3324609e+002
  4.4001509e+002  4.3228000e+002
  4.3999254e+002  4.3129728e+002
  4.3995655e+002  4.3029106e+002
  4.3996135e+002  4.2911837e+002
  4.3995638e+002  4.2811853e+002
  4.4001231e+002  4.2713584e+002
  4.4010125e+002  4.2619012e+002
  4.4021665e+002  4.2528071e+002
  4.4035754e+002  4.2435901e+002
  4.4040471e+002  4.2338703e+002
  4.4022850e+002  4.2198311e+002
  4.3994974e+002  4.2103952e+002
  4.3971553e+002  4.2009227e+002
  4.3957582e+002  4.1913332e+002
  4.3954939e+002  4.1817844e+002
  4.3957087e+002  4.1723600e+002
  4.3963029e+002  4.1627802e+002
  4.3965134e+002  4.1526972e+002
  4.3966217e+002  4.1424128e+002
  4.3965650e+002  4.1322004e+002
  4.3960991e+002  4.1222596e+002
  4.3946463e+002  4.1129546e+002
  4.3820323e+002  4.1043945e+002
  4.3704968e+002  4.0948273e+002
  4.3624339e+002  4.0831684e+002
  4.3561235e+002  4.0706646e+002
  4.3556742e+002  4.0603178e+002
  4.3553027e+002  4.0498496e+002
  4.3555047e+002  4.0393285e+002
  4.3559691e+002  4.0290555e+002
  4.3563521e+002  4.0180111e+002
  4.3564826e+002  4.0089130e+002
  4.3564388e+002  3.9996058e+002
  4.3560434e+002  3.9901544e+002
  4.3557054e+002  3.9791482e+002
  4.3551113e+002  3.9693321e+002
  4.3543251e+002  3.9596026e+002
  4.3479279e+002  3.9494339e+002
  4.3471404e+002  3.9396199e+002
  4.3471829e+002  3.9298419e+002
  4.3472209e+002  3.9202943e+002
  4.3472989e+002  3.9106100e+002
  4.3467208e+002  3.9007923e+002
  4.3456775e+002  3.8907777e+002
  4.3442639e+002  3.8805888e+002
  4.3375631e+002  3.8688679e+002
  4.3357148e+002  3.8591480e+002
  4.3335077e+002  3.8499149e+002
  4.3255983e+002  3.8394528e+002
  4.3231656e+002  3.8305881e+002
  4.3154921e+002  3.8200363e+002
  4.3136451e+002  3.8107739e+002
  4.3074744e+002  3.8000760e+002
  4.3074173e+002  3.7902177e+002
  4.3077418e+002  3.7803477e+002
  4.3076554e+002  3.7705171e+002
  4.3068776e+002  3.7608394e+002
  4.3055719e+002  3.7511311e+002
  4.3040017e+002  3.7412856e+002
  4.2975067e+002  3.7296325e+002
  4.2958960e+002  3.7197232e+002
  4.2941168e+002  3.7099270e+002
  4.2864536e+002  3.6989464e+002
  4.2844517e+002  3.6895098e+002
  4.2771189e+002  3.6794690e+002
  4.2757870e+002  3.6701844e+002
  4.2747831e+002  3.6609066e+002
  4.2690630e+002  3.6503317e+002
  4.2687642e+002  3.6406350e+002
  4.2681413e+002  3.6304936e+002
  4.2673204e+002  3.6203614e+002
  4.2659779e+002  3.6103186e+002
  4.2641705e+002  3.6007083e+002
  4.2563328e+002  3.5901853e+002
  4.2543120e+002  3.5813391e+002
  4.2468536e+002  3.5714734e+002
  4.2453922e+002  3.5625340e+002
  4.2437443e+002  3.5531724e+002
  4.2368016e+002  3.5418935e+002
  4.2350612e+002  3.5320878e+002
  4.2332003e+002  3.5224630e+002
  4.2255180e+002  3.5109036e+002
  4.2239139e+002  3.5014412e+002
  4.2168680e+002  3.4905950e+002
  4.2154845e+002  3.4813678e+002
  4.2137125e+002  3.4721270e+002
  4.2063194e+002  3.4608740e+002
  4.2047315e+002  3.4511130e+002
  4.1977272e+002  3.4393322e+002
  4.1961179e+002  3.4296578e+002
  4.1943405e+002  3.4202277e+002
  4.1868322e+002  3.4097985e+002
  4.1850160e+002  3.4006614e+002
  4.1832022e+002  3.3914625e+002
  4.1768680e+002  3.3805598e+002
  4.1752418e+002  3.3710840e+002
  4.1735594e+002  3.3615469e+002
  4.1666252e+002  3.3498132e+002
  4.1644602e+002  3.3403398e+002
  4.1558117e+002  3.3297851e+002
  4.1530696e+002  3.3209955e+002
  4.1440080e+002  3.3113020e+002
  4.1356892e+002  3.3013104e+002
  4.1336160e+002  3.2924517e+002
  4.1258208e+002  3.2814575e+002
  4.1233849e+002  3.2721295e+002
  4.1155397e+002  3.2609290e+002
  4.1133319e+002  3.2513987e+002
  4.1066003e+002  3.2407715e+002
  4.1055970e+002  3.2312434e+002
  4.1048318e+002  3.2215554e+002
  4.0994521e+002  3.2102627e+002
  4.0989568e+002  3.2002576e+002
  4.0976704e+002  3.1901626e+002
  4.0953694e+002  3.1805157e+002
  4.0920130e+002  3.1713049e+002
  4.0830031e+002  3.1608412e+002
  4.0743359e+002  3.1509791e+002
  4.0661359e+002  3.1414403e+002
  4.0641669e+002  3.1324089e+002
  4.0564747e+002  3.1218028e+002
  4.0546414e+002  3.1124360e+002
  4.0463555e+002  3.1019279e+002
  4.0447539e+002  3.0928672e+002
  4.0368346e+002  3.0826952e+002
  4.0357631e+002  3.0736315e+002
  4.0344925e+002  3.0647526e+002
  4.0263443e+002  3.0547947e+002
  4.0235022e+002  3.0464969e+002
  4.0174749e+002  3.0442052e+002
  4.0142236e+002  3.0357504e+002
  4.0081940e+002  3.0331098e+002
  4.0047434e+002  3.0246775e+002
  3.9950723e+002  3.0132653e+002
  3.9917602e+002  3.0048171e+002
  3.9815688e+002  2.9942425e+002
  3.9703617e+002  2.9848678e+002
  3.9596638e+002  2.9751611e+002
  3.9526555e+002  2.9725201e+002
  3.9429429e+002  2.9614511e+002
  3.9311806e+002  2.9493040e+002
  3.9215559e+002  2.9401379e+002
  3.9130454e+002  2.9303866e+002
  3.9050296e+002  2.9202754e+002
  3.9032533e+002  2.9120927e+002
  3.8942629e+002  2.9018976e+002
  3.8845867e+002  2.8920090e+002
  3.8754460e+002  2.8819109e+002
  3.8732269e+002  2.8741131e+002
  3.8656565e+002  2.8636065e+002
  3.8641438e+002  2.8557051e+002
  3.8580012e+002  2.8528243e+002
  3.8559898e+002  2.8449620e+002
  3.8535937e+002  2.8371706e+002
  3.8464026e+002  2.8339141e+002
  3.8436713e+002  2.8266352e+002
  3.8318231e+002  2.8206588e+002
  3.8206192e+002  2.8129373e+002
  3.8099325e+002  2.8050724e+002
  3.8022979e+002  2.8033557e+002
  3.7919582e+002  2.7947883e+002
  3.7814251e+002  2.7859350e+002
  3.7737044e+002  2.7830752e+002
  3.7636163e+002  2.7724893e+002
  3.7537767e+002  2.7612474e+002
  3.7444731e+002  2.7501466e+002
  3.7350046e+002  2.7404031e+002
  3.7322646e+002  2.7334562e+002
  3.7213627e+002  2.7247144e+002
  3.7105064e+002  2.7159310e+002
  3.7027427e+002  2.7138435e+002
  3.6923815e+002  2.7045604e+002
  3.6818672e+002  2.6952557e+002
  3.6741510e+002  2.6924151e+002
  3.6640776e+002  2.6826092e+002
  3.6555018e+002  2.6722638e+002
  3.6536039e+002  2.6646182e+002
  3.6411989e+002  2.6523063e+002
  3.6301490e+002  2.6446274e+002
  3.6188522e+002  2.6375621e+002
  3.6104579e+002  2.6363015e+002
  3.6018367e+002  2.6352800e+002
  3.5932444e+002  2.6341236e+002
  3.5819301e+002  2.6254931e+002
  3.5739081e+002  2.6228569e+002
  3.5638025e+002  2.6125270e+002
  3.5524744e+002  2.6014452e+002
  3.5433932e+002  2.5922438e+002
  3.5343447e+002  2.5832235e+002
  3.5228497e+002  2.5726423e+002
  3.5121486e+002  2.5640612e+002
  3.5006210e+002  2.5559026e+002
  3.4920794e+002  2.5546317e+002
  3.4807329e+002  2.5470152e+002
  3.4723757e+002  2.5456382e+002
  3.4643318e+002  2.5436678e+002
  3.4532743e+002  2.5343313e+002
  3.4422359e+002  2.5245981e+002
  3.4314417e+002  2.5146848e+002
  3.4215323e+002  2.5052731e+002
  3.4128222e+002  2.5037693e+002
  3.4007736e+002  2.4973541e+002
  3.3910249e+002  2.4972269e+002
  3.3815312e+002  2.4965685e+002
  3.3723615e+002  2.4945937e+002
  3.3614253e+002  2.4840811e+002
  3.3513094e+002  2.4732942e+002
  3.3405259e+002  2.4640916e+002
  3.3289396e+002  2.4563487e+002
  3.3196413e+002  2.4550743e+002
  3.3103681e+002  2.4539457e+002
  3.2993887e+002  2.4474202e+002
  3.2906987e+002  2.4456338e+002
  3.2819828e+002  2.4436280e+002
  3.2709471e+002  2.4369866e+002
  3.2612918e+002  2.4355908e+002
  3.2515590e+002  2.4345948e+002
  3.2402557e+002  2.4278582e+002
  3.2307403e+002  2.4266523e+002
  3.2212305e+002  2.4255706e+002
  3.2116305e+002  2.4244995e+002
  3.2003111e+002  2.4192338e+002
  3.1902319e+002  2.4189460e+002
  3.1800998e+002  2.4180249e+002
  3.1700049e+002  2.4165393e+002
  3.1601616e+002  2.4144939e+002
  3.1487536e+002  2.4068495e+002
  3.1395117e+002  2.4035517e+002
  3.1291028e+002  2.3951492e+002
  3.1207196e+002  2.3920523e+002
  3.1111168e+002  2.3844428e+002
  3.1005200e+002  2.3790689e+002
  3.0904550e+002  2.3794714e+002
  3.0798873e+002  2.3799994e+002
  3.0692903e+002  2.3806885e+002
  3.0563525e+002  2.3807057e+002
  3.0471983e+002  2.3805756e+002
  3.0375354e+002  2.3801877e+002
  3.0274296e+002  2.3795335e+002
  3.0176519e+002  2.3781802e+002
  3.0078836e+002  2.3764916e+002
  2.9978881e+002  2.3760054e+002
  2.9890823e+002  2.3742731e+002
  2.9803724e+002  2.3683885e+002
  2.9716781e+002  2.3667198e+002
  2.9625371e+002  2.3650311e+002
  2.9531624e+002  2.3639204e+002
  2.9425427e+002  2.3591124e+002
  2.9265096e+002  2.3595063e+002
  2.9176307e+002  2.3615184e+002
  2.9085407e+002  2.3633814e+002
  2.8994347e+002  2.3647404e+002
  2.8903169e+002  2.3654657e+002
  2.8814147e+002  2.3705544e+002
  2.8721037e+002  2.3693792e+002
  2.8553841e+002  2.3668081e+002
  2.8464856e+002  2.3653643e+002
  2.8377029e+002  2.3639843e+002
  2.8286341e+002  2.3581988e+002
  2.8198353e+002  2.3570349e+002
  2.8110372e+002  2.3563508e+002
  2.8020495e+002  2.3558839e+002
  2.7925704e+002  2.3564410e+002
  2.7748636e+002  2.3586601e+002
  2.7579726e+002  2.3631274e+002
  2.7496539e+002  2.3647940e+002
  2.7411229e+002  2.3665143e+002
  2.7318916e+002  2.3730498e+002
  2.7223881e+002  2.3741070e+002
  2.7125490e+002  2.3745949e+002
  2.7023208e+002  2.3744472e+002
  2.6918698e+002  2.3743436e+002
  2.6809275e+002  2.3742984e+002
  2.6697850e+002  2.3745280e+002
  2.6585572e+002  2.3747458e+002
  2.6493667e+002  2.3749595e+002
  2.6399891e+002  2.3753215e+002
  2.6293090e+002  2.3806403e+002
  2.6195656e+002  2.3822135e+002
  2.6097098e+002  2.3840193e+002
  2.5997869e+002  2.3850688e+002
  2.5891236e+002  2.3906022e+002
  2.5792561e+002  2.3912674e+002
  2.5696593e+002  2.3923869e+002
  2.5604056e+002  2.3939588e+002
  2.5514827e+002  2.3965187e+002
  2.5422608e+002  2.4041668e+002
  2.5331481e+002  2.4067448e+002
  2.5218863e+002  2.4125742e+002
  2.5116305e+002  2.4138644e+002
  2.5014862e+002  2.4152923e+002
  2.4893011e+002  2.4223294e+002
  2.4797813e+002  2.4254172e+002
  2.4695786e+002  2.4351302e+002
  2.4599690e+002  2.4451351e+002
  2.4497029e+002  2.4546244e+002
  2.4412258e+002  2.4582567e+002
  2.4301486e+002  2.4673532e+002
  2.4192542e+002  2.4759657e+002
  2.4086451e+002  2.4836209e+002
  2.4000804e+002  2.4860813e+002
  2.3891718e+002  2.4932613e+002
  2.3803772e+002  2.4949696e+002
  2.3715631e+002  2.4963899e+002
  2.3605971e+002  2.5031552e+002
  2.3523318e+002  2.5050570e+002
  2.3427421e+002  2.5134177e+002
  2.3347002e+002  2.5157614e+002
  2.3241634e+002  2.5245038e+002
  2.3155956e+002  2.5276753e+002
  2.3131061e+002  2.5343486e+002
  2.3048146e+002  2.5383276e+002
  2.2942086e+002  2.5487065e+002
  2.2839628e+002  2.5576265e+002
  2.2726396e+002  2.5649383e+002
  2.2639120e+002  2.5671061e+002
  2.2519684e+002  2.5756056e+002
  2.2406887e+002  2.5850785e+002
  2.2310023e+002  2.5959942e+002
  2.2212249e+002  2.6080077e+002
  2.2121412e+002  2.6186497e+002
  2.2024604e+002  2.6284827e+002
  2.1910163e+002  2.6374187e+002
  2.1805592e+002  2.6457892e+002
  2.1703410e+002  2.6550837e+002
  2.1605718e+002  2.6644220e+002
  2.1531369e+002  2.6669079e+002
  2.1428151e+002  2.6766817e+002
  2.1327441e+002  2.6852657e+002
  2.1227360e+002  2.6948268e+002
  2.1136864e+002  2.7001731e+002
  2.1048648e+002  2.7104529e+002
  2.0964530e+002  2.7210305e+002
  2.0941985e+002  2.7283335e+002
  2.0855807e+002  2.7392042e+002
  2.0830820e+002  2.7464236e+002
  2.0738917e+002  2.7569906e+002
  2.0642699e+002  2.7679375e+002
  2.0533345e+002  2.7782480e+002
  2.0417234e+002  2.7879669e+002
  2.0312884e+002  2.7988075e+002
  2.0227630e+002  2.8106674e+002
  2.0150406e+002  2.8222905e+002
  2.0129227e+002  2.8306223e+002
  2.0055407e+002  2.8408103e+002
  2.0037339e+002  2.8494426e+002
  1.9971424e+002  2.8602098e+002
  1.9965434e+002  2.8698378e+002
  1.9962234e+002  2.8801424e+002
  1.9955000e+002  2.8904591e+002
  1.9944873e+002  2.9007331e+002
  1.9880792e+002  2.9124050e+002
  1.9857082e+002  2.9215052e+002
  1.9825500e+002  2.9301110e+002
  1.9738404e+002  2.9406921e+002
  1.9654289e+002  2.9509568e+002
  1.9629597e+002  2.9597760e+002
  1.9562727e+002  2.9706330e+002
  1.9553253e+002  2.9803473e+002
  1.9550701e+002  2.9902270e+002
  1.9551862e+002  3.0001144e+002
  1.9547871e+002  3.0096323e+002
  1.9471305e+002  3.0203499e+002
  1.9446062e+002  3.0286433e+002
  1.9353600e+002  3.0384842e+002
  1.9325761e+002  3.0470190e+002
  1.9244106e+002  3.0582408e+002
  1.9167983e+002  3.0694947e+002
  1.9155172e+002  3.0789682e+002
  1.9145716e+002  3.0884587e+002
  1.9079491e+002  3.0991373e+002
  1.9075064e+002  3.1087741e+002
  1.9069664e+002  3.1184389e+002
  1.9060572e+002  3.1282870e+002
  1.9047740e+002  3.1383266e+002
  1.8980401e+002  3.1502180e+002
  1.8960598e+002  3.1600561e+002
  1.8937377e+002  3.1697585e+002
  1.8860073e+002  3.1797901e+002
  1.8843177e+002  3.1889888e+002
  1.8785643e+002  3.1986819e+002
  1.8781483e+002  3.2087511e+002
  1.8782505e+002  3.2192028e+002
  1.8783708e+002  3.2299273e+002
  1.8786288e+002  3.2408241e+002
  1.8786414e+002  3.2499399e+002
  1.8786371e+002  3.2625956e+002
  1.8777246e+002  3.2725658e+002
  1.8758869e+002  3.2820637e+002
  1.8731507e+002  3.2908189e+002
  1.8646871e+002  3.3006686e+002
  1.8598277e+002  3.3094794e+002
  1.8577892e+002  3.3188827e+002
  1.8563991e+002  3.3285676e+002
  1.8555725e+002  3.3384372e+002
  1.8551595e+002  3.3482585e+002
  1.8556382e+002  3.3619499e+002
  1.8559552e+002  3.3710244e+002
  1.8555144e+002  3.3801557e+002
  1.8543611e+002  3.3895061e+002
  1.8490279e+002  3.4003113e+002
  1.8486309e+002  3.4105402e+002
  1.8479501e+002  3.4207563e+002
  1.8470292e+002  3.4305907e+002
  1.8461085e+002  3.4401570e+002
  1.8453374e+002  3.4495660e+002
  1.8449634e+002  3.4591473e+002
  1.8411119e+002  3.4698345e+002
  1.8414732e+002  3.4801500e+002
  1.8413605e+002  3.4902757e+002
  1.8409555e+002  3.5002015e+002
  1.8399433e+002  3.5098241e+002
  1.8388372e+002  3.5193413e+002
  1.8375460e+002  3.5287867e+002
  1.8365526e+002  3.5384820e+002
  1.8365054e+002  3.5486723e+002
  1.8375197e+002  3.5622107e+002
  1.8395188e+002  3.5720736e+002
  1.8415154e+002  3.5816514e+002
  1.8425895e+002  3.5913884e+002
  1.8431232e+002  3.6011274e+002
  1.8428448e+002  3.6111210e+002
  1.8423947e+002  3.6210705e+002
  1.8421439e+002  3.6309361e+002
  1.8423440e+002  3.6407695e+002
  1.8427861e+002  3.6509185e+002
  1.8431891e+002  3.6613293e+002
  1.8433298e+002  3.6719167e+002
  1.8430267e+002  3.6824841e+002
  1.8431162e+002  3.6926663e+002
  1.8439293e+002  3.7022607e+002
  1.8457275e+002  3.7115311e+002
  1.8527816e+002  3.7214213e+002
  1.8552885e+002  3.7305913e+002
  1.8626147e+002  3.7405107e+002
  1.8641908e+002  3.7498277e+002
  1.8652250e+002  3.7591389e+002
  1.8714714e+002  3.7690803e+002
  1.8718733e+002  3.7790217e+002
  1.8718586e+002  3.7894425e+002
  1.8717377e+002  3.8000598e+002
  1.8717258e+002  3.8105765e+002
  1.8720745e+002  3.8200497e+002
  1.8730865e+002  3.8317210e+002
  1.8747794e+002  3.8415950e+002
  1.8766477e+002  3.8512243e+002
  1.8840875e+002  3.8612613e+002
  1.8858144e+002  3.8704425e+002
  1.8918814e+002  3.8807321e+002
  1.8924120e+002  3.8906017e+002
  1.8930485e+002  3.9005573e+002
  1.8937976e+002  3.9102919e+002
  1.8952782e+002  3.9197768e+002
  1.9023695e+002  3.9302548e+002
  1.9040289e+002  3.9397918e+002
  1.9054861e+002  3.9494240e+002
  1.9112628e+002  3.9603032e+002
  1.9121439e+002  3.9700287e+002
  1.9134835e+002  3.9796350e+002
  1.9148953e+002  3.9892267e+002
  1.9164221e+002  3.9987598e+002
  1.9225987e+002  4.0095059e+002
  1.9229626e+002  4.0193603e+002
  1.9229998e+002  4.0293542e+002
  1.9233429e+002  4.0393364e+002
  1.9238184e+002  4.0495053e+002
  1.9247575e+002  4.0597470e+002
  1.9258100e+002  4.0697758e+002
  1.9320726e+002  4.0808407e+002
