  2.0043496e+002  4.0891647e+002
  2.0055538e+002  4.0989293e+002
  2.0112714e+002  4.1107418e+002
  2.0121384e+002  4.1207440e+002
  2.0130343e+002  4.1306665e+002
  2.0142489e+002  4.1402672e+002
  2.0153146e+002  4.1497464e+002
  2.0220648e+002  4.1603848e+002
  2.0236875e+002  4.1693018e+002
  2.0258652e+002  4.1779160e+002
  2.0342074e+002  4.1881462e+002
  2.0366631e+002  4.1967640e+002
  2.0456567e+002  4.2075988e+002
  2.0551710e+002  4.2185708e+002
  2.0651316e+002  4.2297361e+002
  2.0753346e+002  4.2408655e+002
  2.0848096e+002  4.2519894e+002
  2.0871188e+002  4.2605487e+002
  2.0947546e+002  4.2717494e+002
  2.0965304e+002  4.2802252e+002
  2.1036871e+002  4.2909258e+002
  2.1052840e+002  4.2995825e+002
  2.1119650e+002  4.3105348e+002
  2.1132270e+002  4.3194933e+002
  2.1145302e+002  4.3285520e+002
  2.1156933e+002  4.3375534e+002
  2.1232434e+002  4.3482807e+002
  2.1247743e+002  4.3570101e+002
  2.1263907e+002  4.3654849e+002
  2.1351537e+002  4.3751615e+002
  2.1441034e+002  4.3851794e+002
  2.1458803e+002  4.3936339e+002
  2.1528450e+002  4.3956703e+002
  2.1544558e+002  4.4045286e+002
  2.1632161e+002  4.4159087e+002
  2.1644149e+002  4.4253694e+002
  2.1657817e+002  4.4347924e+002
  2.1726456e+002  4.4370542e+002
  2.1742434e+002  4.4462633e+002
  2.1766209e+002  4.4552614e+002
  2.1865306e+002  4.4660387e+002
  2.1972912e+002  4.4765164e+002
  2.2076474e+002  4.4871684e+002
  2.2176830e+002  4.4979849e+002
  2.2272027e+002  4.5085321e+002
  2.2353265e+002  4.5192002e+002
  2.2427023e+002  4.5300016e+002
  2.2443732e+002  4.5387532e+002
  2.2462590e+002  4.5471523e+002
  2.2560255e+002  4.5577891e+002
  2.2665323e+002  4.5681941e+002
  2.2764940e+002  4.5782226e+002
  2.2846859e+002  4.5882342e+002
  2.2855158e+002  4.5964652e+002
  2.2939346e+002  4.6080447e+002
  2.2959408e+002  4.6165760e+002
  2.3050119e+002  4.6288146e+002
  2.3142641e+002  4.6398962e+002
  2.3165249e+002  4.6477304e+002
  2.3254729e+002  4.6576440e+002
  2.3347186e+002  4.6674809e+002
  2.3378753e+002  4.6756646e+002
  2.3484327e+002  4.6861978e+002
  2.3576369e+002  4.6947104e+002
  2.3656346e+002  4.6962139e+002
  2.3765490e+002  4.7042127e+002
  2.3846613e+002  4.7060552e+002
  2.3877932e+002  4.7131790e+002
  2.3974280e+002  4.7140281e+002
  2.4055374e+002  4.7153725e+002
  2.4142269e+002  4.7249954e+002
  2.4211226e+002  4.7361581e+002
  2.4243564e+002  4.7483787e+002
  2.4255035e+002  4.7561023e+002
  2.4346562e+002  4.7673109e+002
  2.4356422e+002  4.7751743e+002
  2.4501368e+002  4.7874669e+002
  2.4614653e+002  4.7943957e+002
  2.4698486e+002  4.7953210e+002
  2.4807091e+002  4.8032350e+002
  2.4890443e+002  4.8052885e+002
  2.4991970e+002  4.8148041e+002
  2.5071511e+002  4.8176973e+002
  2.5167666e+002  4.8282532e+002
  2.5270331e+002  4.8384868e+002
  2.5376847e+002  4.8477849e+002
  2.5486762e+002  4.8562337e+002
  2.5596303e+002  4.8642167e+002
  2.5682314e+002  4.8657569e+002
  2.5791283e+002  4.8738127e+002
  2.5874415e+002  4.8758734e+002
  2.5976395e+002  4.8855735e+002
  2.6068985e+002  4.8963083e+002
  2.6155335e+002  4.9078137e+002
  2.6247771e+002  4.9184958e+002
  2.6262828e+002  4.9264135e+002
  2.6376460e+002  4.9350681e+002
  2.6492257e+002  4.9428063e+002
  2.6585162e+002  4.9432617e+002
  2.6677774e+002  4.9438978e+002
  2.6770015e+002  4.9449549e+002
  2.6860282e+002  4.9467115e+002
  2.6965619e+002  4.9556284e+002
  2.7074420e+002  4.9638405e+002
  2.7172854e+002  4.9653056e+002
  2.7285437e+002  4.9732620e+002
  2.7383305e+002  4.9748025e+002
  2.7479172e+002  4.9762185e+002
  2.7570916e+002  4.9854244e+002
  2.7662471e+002  4.9953138e+002
  2.7769622e+002  5.0075455e+002
  2.7852508e+002  5.0170014e+002
  2.7946683e+002  5.0292601e+002
  2.7964535e+002  5.0368565e+002
  2.8077534e+002  5.0446462e+002
  2.8177340e+002  5.0435802e+002
  2.8280280e+002  5.0422642e+002
  2.8387196e+002  5.0411722e+002
  2.8490019e+002  5.0414559e+002
  2.8590403e+002  5.0433465e+002
  2.8683767e+002  5.0463340e+002
  2.8783707e+002  5.0560961e+002
  2.8887764e+002  5.0649030e+002
  2.8987301e+002  5.0665330e+002
  2.9095794e+002  5.0743444e+002
  2.9188290e+002  5.0760657e+002
  2.9284269e+002  5.0850798e+002
  2.9382668e+002  5.0934978e+002
  2.9475644e+002  5.0936630e+002
  2.9573046e+002  5.0929366e+002
  2.9674575e+002  5.0924571e+002
  2.9775534e+002  5.0927953e+002
  2.9876376e+002  5.0942022e+002
  2.9974301e+002  5.0965009e+002
  3.0073285e+002  5.1058189e+002
  3.0170785e+002  5.1153944e+002
  3.0273941e+002  5.1244364e+002
  3.0368637e+002  5.1255944e+002
  3.0477085e+002  5.1335114e+002
  3.0570102e+002  5.1329716e+002
  3.0663338e+002  5.1322082e+002
  3.0758531e+002  5.1316908e+002
  3.0857833e+002  5.1328834e+002
  3.0962465e+002  5.1343934e+002
  3.1067281e+002  5.1362246e+002
  3.1169010e+002  5.1441854e+002
  3.1267894e+002  5.1455416e+002
  3.1358755e+002  5.1547966e+002
  3.1447895e+002  5.1565376e+002
  3.1453659e+002  5.1644567e+002
  3.1544910e+002  5.1647190e+002
  3.1641776e+002  5.1643847e+002
  3.1746836e+002  5.1636955e+002
  3.1855564e+002  5.1633450e+002
  3.1965739e+002  5.1634814e+002
  3.2072377e+002  5.1639828e+002
  3.2179875e+002  5.1645623e+002
  3.2285346e+002  5.1652585e+002
  3.2380564e+002  5.1714839e+002
  3.2484742e+002  5.1708552e+002
  3.2599801e+002  5.1697038e+002
  3.2704079e+002  5.1695878e+002
  3.2806370e+002  5.1698695e+002
  3.2905551e+002  5.1706197e+002
  3.2998377e+002  5.1721257e+002
  3.3088605e+002  5.1739383e+002
  3.3176401e+002  5.1760472e+002
  3.3268083e+002  5.1848883e+002
  3.3357320e+002  5.1874440e+002
  3.3454175e+002  5.1957814e+002
  3.3557109e+002  5.2036294e+002
  3.3657236e+002  5.2034709e+002
  3.3758925e+002  5.2028072e+002
  3.3919578e+002  5.2015419e+002
  3.4014982e+002  5.2007815e+002
  3.4116067e+002  5.2016324e+002
  3.4215450e+002  5.2028664e+002
  3.4312334e+002  5.2041677e+002
  3.4404021e+002  5.2046298e+002
  3.4494260e+002  5.2038284e+002
  3.4586363e+002  5.2022038e+002
  3.4684132e+002  5.2009841e+002
  3.4784809e+002  5.2011205e+002
  3.4916838e+002  5.2022803e+002
  3.5008585e+002  5.2031501e+002
  3.5102378e+002  5.2035991e+002
  3.5196886e+002  5.2040118e+002
  3.5290827e+002  5.2045694e+002
  3.5385208e+002  5.2055053e+002
  3.5476430e+002  5.2129319e+002
  3.5570662e+002  5.2132617e+002
  3.5720385e+002  5.2121179e+002
  3.5810776e+002  5.2105940e+002
  3.5900966e+002  5.2094886e+002
  3.5989501e+002  5.2086398e+002
  3.6078466e+002  5.2080395e+002
  3.6171061e+002  5.2070385e+002
  3.6266585e+002  5.2059916e+002
  3.6364692e+002  5.2054052e+002
  3.6465220e+002  5.2053198e+002
  3.6567585e+002  5.2053712e+002
  3.6670539e+002  5.2053426e+002
  3.6772171e+002  5.2049379e+002
  3.6874067e+002  5.1966735e+002
  3.6969247e+002  5.1948118e+002
  3.7062457e+002  5.1866020e+002
  3.7159393e+002  5.1859829e+002
  3.7259902e+002  5.1863982e+002
  3.7367278e+002  5.1872958e+002
  3.7472958e+002  5.1881690e+002
  3.7593081e+002  5.1885869e+002
  3.7691986e+002  5.1887445e+002
  3.7789641e+002  5.1888169e+002
  3.7893877e+002  5.1885387e+002
  3.7998095e+002  5.1880905e+002
  3.8099103e+002  5.1880663e+002
  3.8198588e+002  5.1877190e+002
  3.8294503e+002  5.1876585e+002
  3.8388380e+002  5.1870954e+002
  3.8481944e+002  5.1858278e+002
  3.8576741e+002  5.1845301e+002
  3.8686268e+002  5.1776208e+002
  3.8784879e+002  5.1760742e+002
  3.8876656e+002  5.1745374e+002
  3.8973393e+002  5.1649161e+002
  3.9065534e+002  5.1539110e+002
  3.9155747e+002  5.1427938e+002
  3.9251830e+002  5.1326124e+002
  3.9353853e+002  5.1240599e+002
  3.9463614e+002  5.1157588e+002
  3.9561366e+002  5.1151937e+002
  3.9666030e+002  5.1151820e+002
  3.9776241e+002  5.1157885e+002
  3.9884729e+002  5.1165604e+002
  3.9990064e+002  5.1165525e+002
  4.0089873e+002  5.1152573e+002
  4.0180299e+002  5.1124520e+002
  4.0269410e+002  5.1013659e+002
  4.0354488e+002  5.0904772e+002
  4.0444957e+002  5.0807510e+002
  4.0461205e+002  5.0731288e+002
  4.0558290e+002  5.0627472e+002
  4.0654181e+002  5.0519816e+002
  4.0752190e+002  5.0421443e+002
  4.0865278e+002  5.0348352e+002
  4.0992351e+002  5.0295324e+002
  4.1065898e+002  5.0261362e+002
  4.1176622e+002  5.0261694e+002
  4.1277308e+002  5.0255886e+002
  4.1366870e+002  5.0247996e+002
  4.1468512e+002  5.0154325e+002
  4.1546951e+002  5.0145585e+002
  4.1554059e+002  5.0061272e+002
  4.1631676e+002  5.0044408e+002
  4.1639280e+002  4.9957497e+002
  4.1777777e+002  4.9796441e+002
  4.1864901e+002  4.9686866e+002
  4.1955319e+002  4.9586517e+002
  4.2042590e+002  4.9497294e+002
  4.2058129e+002  4.9416026e+002
  4.2137830e+002  4.9317831e+002
  4.2148686e+002  4.9222817e+002
  4.2155602e+002  4.9126474e+002
  4.2229254e+002  4.9011753e+002
  4.2242291e+002  4.8917899e+002
  4.2260911e+002  4.8828843e+002
  4.2359009e+002  4.8733312e+002
  4.2459502e+002  4.8642058e+002
  4.2562362e+002  4.8550868e+002
  4.2651277e+002  4.8542119e+002
  4.2743181e+002  4.8432487e+002
  4.2739981e+002  4.8332432e+002
  4.2735984e+002  4.8229783e+002
  4.2735148e+002  4.8131933e+002
  4.2746060e+002  4.8040002e+002
  4.2769801e+002  4.7951968e+002
  4.2849092e+002  4.7928084e+002
  4.2878694e+002  4.7844097e+002
  4.2977794e+002  4.7733188e+002
  4.3069249e+002  4.7636670e+002
  4.3180047e+002  4.7522838e+002
  4.3280273e+002  4.7423735e+002
  4.3373700e+002  4.7327157e+002
  4.3459232e+002  4.7228663e+002
  4.3542633e+002  4.7122133e+002
  4.3545338e+002  4.7031468e+002
  4.3545550e+002  4.6938326e+002
  4.3548831e+002  4.6841452e+002
  4.3555247e+002  4.6744653e+002
  4.3637514e+002  4.6633773e+002
  4.3655088e+002  4.6543685e+002
  4.3764926e+002  4.6448602e+002
  4.3877650e+002  4.6350187e+002
  4.3951226e+002  4.6326725e+002
  4.4051530e+002  4.6214313e+002
  4.4140980e+002  4.6105302e+002
  4.4152629e+002  4.6006493e+002
  4.4222421e+002  4.5895758e+002
  4.4219547e+002  4.5793929e+002
  4.4212267e+002  4.5694745e+002
  4.4209124e+002  4.5594523e+002
  4.4211415e+002  4.5496065e+002
  4.4218517e+002  4.5394519e+002
  4.4227373e+002  4.5296003e+002
  4.4241115e+002  4.5198389e+002
  4.4251349e+002  4.5101792e+002
  4.4315546e+002  4.4991980e+002
  4.4322034e+002  4.4897304e+002
  4.4318731e+002  4.4809640e+002
  4.4327693e+002  4.4716313e+002
  4.4337007e+002  4.4620515e+002
  4.4341138e+002  4.4522456e+002
  4.4341382e+002  4.4419949e+002
  4.4336768e+002  4.4293277e+002
  4.4322807e+002  4.4198056e+002
  4.4312543e+002  4.4102243e+002
  4.4305586e+002  4.4007892e+002
  4.4307216e+002  4.3910467e+002
  4.4316369e+002  4.3809883e+002
  4.4324410e+002  4.3689151e+002
  4.4334971e+002  4.3589717e+002
  4.4348576e+002  4.3489759e+002
  4.4360216e+002  4.3390747e+002
  4.4423746e+002  4.3298855e+002
  4.4422120e+002  4.3204281e+002
  4.4415530e+002  4.3109318e+002
  4.4407307e+002  4.3014582e+002
  4.4401466e+002  4.2917587e+002
  4.4401443e+002  4.2817671e+002
  4.4405968e+002  4.2715575e+002
  4.4409808e+002  4.2612110e+002
  4.4406980e+002  4.2490067e+002
  4.4398639e+002  4.2392278e+002
  4.4388252e+002  4.2293355e+002
  4.4378235e+002  4.2194918e+002
  4.4373974e+002  4.2097270e+002
  4.4372486e+002  4.1998970e+002
  4.4373478e+002  4.1899585e+002
  4.4374837e+002  4.1798864e+002
  4.4376315e+002  4.1697013e+002
  4.4379434e+002  4.1584912e+002
  4.4381592e+002  4.1490914e+002
  4.4383175e+002  4.1395225e+002
  4.4386401e+002  4.1297652e+002
  4.4388745e+002  4.1195830e+002
  4.4389577e+002  4.1098390e+002
  4.4390007e+002  4.1000963e+002
  4.4388529e+002  4.0902078e+002
  4.4388537e+002  4.0803355e+002
  4.4390611e+002  4.0703951e+002
  4.4394742e+002  4.0603355e+002
  4.4397607e+002  4.0501763e+002
  4.4400101e+002  4.0394464e+002
  4.4402506e+002  4.0298418e+002
  4.4404018e+002  4.0202758e+002
  4.4403088e+002  4.0107138e+002
  4.4394893e+002  3.9986062e+002
  4.4380364e+002  3.9891000e+002
  4.4362567e+002  3.9795537e+002
  4.4346256e+002  3.9701068e+002
  4.4280972e+002  3.9600440e+002
  4.4273009e+002  3.9505943e+002
  4.4271092e+002  3.9409012e+002
  4.4274724e+002  3.9310538e+002
  4.4280921e+002  3.9209922e+002
  4.4283935e+002  3.9091747e+002
  4.4282893e+002  3.8994587e+002
  4.4281406e+002  3.8901800e+002
  4.4276465e+002  3.8808541e+002
  4.4269553e+002  3.8693451e+002
  4.4263142e+002  3.8591601e+002
  4.4257620e+002  3.8490246e+002
  4.4251749e+002  3.8392222e+002
  4.4244049e+002  3.8294163e+002
  4.4186790e+002  3.8189563e+002
  4.4178611e+002  3.8091177e+002
  4.4173428e+002  3.7992157e+002
  4.4172636e+002  3.7894634e+002
  4.4171372e+002  3.7798997e+002
  4.4167671e+002  3.7702941e+002
  4.4160446e+002  3.7606040e+002
  4.4147347e+002  3.7507586e+002
  4.4081065e+002  3.7394001e+002
  4.4071336e+002  3.7294706e+002
  4.4065215e+002  3.7196045e+002
  4.4059878e+002  3.7099357e+002
  4.4054043e+002  3.7004108e+002
  4.4048236e+002  3.6908162e+002
  4.3985005e+002  3.6801749e+002
  4.3979900e+002  3.6703141e+002
  4.3971843e+002  3.6604990e+002
  4.3954354e+002  3.6509118e+002
  4.3932567e+002  3.6416444e+002
  4.3847439e+002  3.6305872e+002
  4.3766389e+002  3.6197872e+002
  4.3751484e+002  3.6103040e+002
  4.3743721e+002  3.6009103e+002
  4.3674792e+002  3.5899006e+002
  4.3668107e+002  3.5805558e+002
  4.3662511e+002  3.5713643e+002
  4.3652116e+002  3.5620694e+002
  4.3631698e+002  3.5525942e+002
  4.3545472e+002  3.5409103e+002
  4.3450252e+002  3.5301111e+002
  4.3420322e+002  3.5213744e+002
  4.3338221e+002  3.5108899e+002
  4.3260635e+002  3.4997409e+002
  4.3247488e+002  3.4909618e+002
  4.3168043e+002  3.4800815e+002
  4.3147448e+002  3.4716528e+002
  4.3056112e+002  3.4613247e+002
  4.3028784e+002  3.4528079e+002
  4.2943065e+002  3.4420936e+002
  4.2864784e+002  3.4308938e+002
  4.2851163e+002  3.4216903e+002
  4.2835876e+002  3.4124227e+002
  4.2760252e+002  3.4008898e+002
  4.2737214e+002  3.3919847e+002
  4.2650131e+002  3.3808470e+002
  4.2622480e+002  3.3721176e+002
  4.2539194e+002  3.3613283e+002
  4.2458991e+002  3.3509265e+002
  4.2436719e+002  3.3424420e+002
  4.2357534e+002  3.3322314e+002
  4.2341406e+002  3.3234487e+002
  4.2273708e+002  3.3117657e+002
  4.2259458e+002  3.3025980e+002
  4.2241787e+002  3.2939410e+002
  4.2131474e+002  3.2838245e+002
  4.2005086e+002  3.2748765e+002
  4.1896982e+002  3.2655278e+002
  4.1832536e+002  3.2629462e+002
  4.1753510e+002  3.2509339e+002
  4.1732140e+002  3.2419282e+002
  4.1645852e+002  3.2298214e+002
  4.1567715e+002  3.2182101e+002
  4.1554702e+002  3.2094306e+002
  4.1543046e+002  3.2006947e+002
  4.1445600e+002  3.1923761e+002
  4.1370361e+002  3.1816783e+002
  4.1351353e+002  3.1735797e+002
  4.1328459e+002  3.1653567e+002
  4.1254189e+002  3.1628471e+002
  4.1223875e+002  3.1546056e+002
  4.1114583e+002  3.1440914e+002
  4.1007515e+002  3.1337532e+002
  4.0908092e+002  3.1238544e+002
  4.0821687e+002  3.1140348e+002
  4.0741275e+002  3.1033128e+002
  4.0661762e+002  3.0918160e+002
  4.0641206e+002  3.0829808e+002
  4.0554662e+002  3.0713882e+002
  4.0534076e+002  3.0629826e+002
  4.0446212e+002  3.0525448e+002
  4.0357484e+002  3.0428027e+002
  4.0335178e+002  3.0356885e+002
  4.0265140e+002  3.0330004e+002
  4.0242455e+002  3.0257482e+002
  4.0172246e+002  3.0224050e+002
  4.0152770e+002  3.0146047e+002
  4.0134373e+002  3.0064938e+002
  4.0064852e+002  3.0032545e+002
  4.0044572e+002  2.9954150e+002
  3.9969964e+002  2.9928478e+002
  3.9911147e+002  2.9830863e+002
  3.9798128e+002  2.9755843e+002
  3.9716187e+002  2.9743057e+002
  3.9607834e+002  2.9656790e+002
  3.9527335e+002  2.9638770e+002
  3.9425066e+002  2.9543281e+002
  3.9326116e+002  2.9444103e+002
  3.9225794e+002  2.9339295e+002
  3.9093461e+002  2.9213924e+002
  3.9001729e+002  2.9118214e+002
  3.8915052e+002  2.9023334e+002
  3.8834921e+002  2.8926997e+002
  3.8758799e+002  2.8826258e+002
  3.8742592e+002  2.8747551e+002
  3.8660994e+002  2.8639634e+002
  3.8639823e+002  2.8562067e+002
  3.8534367e+002  2.8501925e+002
  3.8431731e+002  2.8422423e+002
  3.8324639e+002  2.8347373e+002
  3.8213265e+002  2.8268520e+002
  3.8131713e+002  2.8257295e+002
  3.8053440e+002  2.8237660e+002
  3.8027162e+002  2.8158755e+002
  3.7954206e+002  2.8124980e+002
  3.7930038e+002  2.8047863e+002
  3.7822671e+002  2.7941247e+002
  3.7710419e+002  2.7842559e+002
  3.7597829e+002  2.7745652e+002
  3.7493848e+002  2.7650438e+002
  3.7416317e+002  2.7623934e+002
  3.7316403e+002  2.7533147e+002
  3.7217450e+002  2.7448005e+002
  3.7114291e+002  2.7367168e+002
  3.7030822e+002  2.7346976e+002
  3.6927933e+002  2.7253821e+002
  3.6843819e+002  2.7225487e+002
  3.6735143e+002  2.7128133e+002
  3.6623527e+002  2.7029202e+002
  3.6531319e+002  2.6930134e+002
  3.6449303e+002  2.6827061e+002
  3.6329578e+002  2.6707148e+002
  3.6217018e+002  2.6631450e+002
  3.6101147e+002  2.6565178e+002
  3.6016046e+002  2.6558203e+002
  3.5928031e+002  2.6547795e+002
  3.5808915e+002  2.6468063e+002
  3.5720597e+002  2.6446637e+002
  3.5608119e+002  2.6349336e+002
  3.5505679e+002  2.6246035e+002
  3.5411693e+002  2.6143187e+002
  3.5311322e+002  2.6050446e+002
  3.5226079e+002  2.6026939e+002
  3.5111160e+002  2.5951607e+002
  3.5018558e+002  2.5937776e+002
  3.4901156e+002  2.5873107e+002
  3.4806067e+002  2.5863364e+002
  3.4710611e+002  2.5854636e+002
  3.4615207e+002  2.5844677e+002
  3.4497739e+002  2.5773860e+002
  3.4405513e+002  2.5758304e+002
  3.4314861e+002  2.5736196e+002
  3.4204953e+002  2.5644729e+002
  3.4099637e+002  2.5558422e+002
  3.4010832e+002  2.5528898e+002
  3.3900382e+002  2.5455212e+002
  3.3807823e+002  2.5434436e+002
  3.3693046e+002  2.5369780e+002
  3.3597135e+002  2.5356477e+002
  3.3501994e+002  2.5350407e+002
  3.3409770e+002  2.5342803e+002
  3.3302252e+002  2.5270197e+002
  3.3216322e+002  2.5251911e+002
  3.3129486e+002  2.5224126e+002
  3.3025488e+002  2.5136129e+002
  3.2918730e+002  2.5053868e+002
  3.2820734e+002  2.5034277e+002
  3.2706969e+002  2.4961552e+002
  3.2609548e+002  2.4944698e+002
  3.2497669e+002  2.4874069e+002
  3.2397708e+002  2.4862606e+002
  3.2297887e+002  2.4853920e+002
  3.2198870e+002  2.4846922e+002
  3.2090117e+002  2.4787675e+002
  3.1998407e+002  2.4772601e+002
  3.1908163e+002  2.4753139e+002
  3.1817572e+002  2.4731174e+002
  3.1706052e+002  2.4658302e+002
  3.1613333e+002  2.4637422e+002
  3.1505500e+002  2.4561272e+002
  3.1415894e+002  2.4541180e+002
  3.1314337e+002  2.4459731e+002
  3.1224586e+002  2.4444893e+002
  3.1115216e+002  2.4376956e+002
  3.1014960e+002  2.4373396e+002
  3.0912639e+002  2.4374329e+002
  3.0809005e+002  2.4373491e+002
  3.0705350e+002  2.4367649e+002
  3.0599385e+002  2.4354154e+002
  3.0496198e+002  2.4339303e+002
  3.0390459e+002  2.4280818e+002
  3.0296072e+002  2.4267572e+002
  3.0203804e+002  2.4256329e+002
  3.0111833e+002  2.4247811e+002
  3.0016103e+002  2.4202427e+002
  2.9916702e+002  2.4195503e+002
  2.9816454e+002  2.4189877e+002
  2.9694025e+002  2.4186154e+002
  2.9596490e+002  2.4176194e+002
  2.9502924e+002  2.4163558e+002
  2.9411405e+002  2.4138749e+002
  2.9289233e+002  2.4085140e+002
  2.9179702e+002  2.4082713e+002
  2.9076406e+002  2.4086506e+002
  2.8979354e+002  2.4090709e+002
  2.8885449e+002  2.4088505e+002
  2.8790311e+002  2.4083660e+002
  2.8693579e+002  2.4080203e+002
  2.8596909e+002  2.4079111e+002
  2.8501711e+002  2.4079888e+002
  2.8410520e+002  2.4079011e+002
  2.8319725e+002  2.4074837e+002
  2.8228796e+002  2.4068403e+002
  2.8131309e+002  2.4057839e+002
  2.8026332e+002  2.4048864e+002
  2.7918825e+002  2.4003451e+002
  2.7765261e+002  2.4013688e+002
  2.7674907e+002  2.4036609e+002
  2.7585502e+002  2.4063886e+002
  2.7501488e+002  2.4138370e+002
  2.7404800e+002  2.4152464e+002
  2.7309237e+002  2.4197422e+002
  2.7204559e+002  2.4178618e+002
  2.7075071e+002  2.4167217e+002
  2.6991253e+002  2.4159738e+002
  2.6902890e+002  2.4156332e+002
  2.6809274e+002  2.4160037e+002
  2.6711464e+002  2.4168824e+002
  2.6574614e+002  2.4182491e+002
  2.6474086e+002  2.4201245e+002
  2.6376243e+002  2.4215680e+002
  2.6281674e+002  2.4227821e+002
  2.6189135e+002  2.4239819e+002
  2.6097236e+002  2.4251030e+002
  2.5995006e+002  2.4312585e+002
  2.5899248e+002  2.4332052e+002
  2.5802767e+002  2.4351975e+002
  2.5695546e+002  2.4426018e+002
  2.5603672e+002  2.4450080e+002
  2.5503188e+002  2.4530865e+002
  2.5413793e+002  2.4549628e+002
  2.5322598e+002  2.4568538e+002
  2.5213270e+002  2.4637807e+002
  2.5116040e+002  2.4652909e+002
  2.5003343e+002  2.4714611e+002
  2.4901001e+002  2.4728453e+002
  2.4801413e+002  2.4741210e+002
  2.4705448e+002  2.4755487e+002
  2.4599132e+002  2.4829427e+002
  2.4505425e+002  2.4849539e+002
  2.4410033e+002  2.4871679e+002
  2.4301452e+002  2.4938696e+002
  2.4204848e+002  2.4957167e+002
  2.4094603e+002  2.5017776e+002
  2.4000283e+002  2.5037184e+002
  2.3908500e+002  2.5053166e+002
  2.3802985e+002  2.5128042e+002
  2.3717771e+002  2.5149698e+002
  2.3633583e+002  2.5171529e+002
  2.3531475e+002  2.5253441e+002
  2.3424259e+002  2.5332598e+002
  2.3330007e+002  2.5349433e+002
  2.3235527e+002  2.5368069e+002
  2.3120944e+002  2.5450695e+002
  2.3015131e+002  2.5537854e+002
  2.2926348e+002  2.5569668e+002
  2.2812122e+002  2.5647578e+002
  2.2718008e+002  2.5671247e+002
  2.2597834e+002  2.5735725e+002
  2.2507329e+002  2.5759321e+002
  2.2399058e+002  2.5836870e+002
  2.2313604e+002  2.5866036e+002
  2.2214035e+002  2.5957341e+002
  2.2117804e+002  2.6053793e+002
  2.2018755e+002  2.6154877e+002
  2.1914904e+002  2.6255967e+002
  2.1811567e+002  2.6354284e+002
  2.1709677e+002  2.6442861e+002
  2.1627916e+002  2.6456822e+002
  2.1512772e+002  2.6526192e+002
  2.1423793e+002  2.6540368e+002
  2.1332179e+002  2.6563430e+002
  2.1218511e+002  2.6649613e+002
  2.1138801e+002  2.6688200e+002
  2.1049593e+002  2.6796967e+002
  2.0959093e+002  2.6900395e+002
  2.0916478e+002  2.6979496e+002
  2.0813281e+002  2.7060689e+002
  2.0723092e+002  2.7147128e+002
  2.0650068e+002  2.7179195e+002
  2.0620584e+002  2.7252522e+002
  2.0529466e+002  2.7369298e+002
  2.0445054e+002  2.7482769e+002
  2.0356473e+002  2.7592294e+002
  2.0321951e+002  2.7659286e+002
  2.0214190e+002  2.7763920e+002
  2.0115684e+002  2.7881218e+002
  2.0032201e+002  2.7983566e+002
  1.9938842e+002  2.8090445e+002
  1.9847362e+002  2.8194127e+002
  1.9762371e+002  2.8305795e+002
  1.9736314e+002  2.8381240e+002
  1.9647449e+002  2.8492366e+002
  1.9562606e+002  2.8601581e+002
  1.9556759e+002  2.8684807e+002
  1.9568153e+002  2.8766710e+002
  1.9583913e+002  2.8840461e+002
  1.9481664e+002  2.8952164e+002
  1.9442717e+002  2.9049210e+002
  1.9361327e+002  2.9060356e+002
  1.9341958e+002  2.9125380e+002
  1.9250670e+002  2.9130409e+002
  1.9145227e+002  2.9206854e+002
  1.9041361e+002  2.9296629e+002
  1.9005372e+002  2.9445136e+002
  1.8998108e+002  2.9557349e+002
  1.8992126e+002  2.9761097e+002
  1.8971669e+002  2.9945940e+002
  1.8947522e+002  3.0031389e+002
  1.8868530e+002  3.0132830e+002
  1.8831118e+002  3.0218700e+002
  1.8747160e+002  3.0327923e+002
  1.8658270e+002  3.0426522e+002
  1.8625281e+002  3.0509102e+002
  1.8555566e+002  3.0609398e+002
  1.8546674e+002  3.0702136e+002
  1.8505727e+002  3.0817808e+002
  1.8501862e+002  3.0916182e+002
  1.8497009e+002  3.1015257e+002
  1.8489009e+002  3.1115512e+002
  1.8476276e+002  3.1214338e+002
  1.8459137e+002  3.1310455e+002
  1.8439263e+002  3.1405209e+002
  1.8378095e+002  3.1507837e+002
  1.8360163e+002  3.1600384e+002
  1.8344777e+002  3.1693216e+002
  1.8282208e+002  3.1799053e+002
  1.8267388e+002  3.1897286e+002
  1.8256659e+002  3.1998504e+002
  1.8250092e+002  3.2100605e+002
  1.8245698e+002  3.2203455e+002
  1.8193341e+002  3.2311184e+002
  1.8177459e+002  3.2406386e+002
  1.8156500e+002  3.2497134e+002
  1.8138443e+002  3.2588596e+002
  1.8087347e+002  3.2694469e+002
  1.8083584e+002  3.2797230e+002
  1.8080792e+002  3.2901186e+002
  1.8082807e+002  3.3007283e+002
  1.8083459e+002  3.3125666e+002
  1.8082775e+002  3.3218455e+002
  1.8086077e+002  3.3309461e+002
  1.8090238e+002  3.3400992e+002
  1.8088974e+002  3.3527708e+002
  1.8079709e+002  3.3625458e+002
  1.8072821e+002  3.3723656e+002
  1.8057194e+002  3.3816647e+002
  1.8034219e+002  3.3908726e+002
  1.7986573e+002  3.3987699e+002
  1.7971091e+002  3.4078197e+002
  1.7956985e+002  3.4171732e+002
  1.7953759e+002  3.4271286e+002
  1.7973785e+002  3.4443768e+002
  1.8006029e+002  3.4532168e+002
  1.8035440e+002  3.4619290e+002
  1.8057377e+002  3.4709370e+002
  1.8116232e+002  3.4801679e+002
  1.8121717e+002  3.4896646e+002
  1.8120125e+002  3.4994751e+002
  1.8112439e+002  3.5095923e+002
  1.8101660e+002  3.5196246e+002
  1.8091219e+002  3.5296953e+002
  1.8091954e+002  3.5397497e+002
  1.8105136e+002  3.5501530e+002
  1.8125817e+002  3.5606891e+002
  1.8146198e+002  3.5713375e+002
  1.8170603e+002  3.5816994e+002
  1.8224783e+002  3.5910580e+002
  1.8238402e+002  3.6013634e+002
  1.8258939e+002  3.6113636e+002
  1.8309006e+002  3.6223861e+002
  1.8337937e+002  3.6319712e+002
  1.8359535e+002  3.6416120e+002
  1.8416520e+002  3.6526149e+002
  1.8426911e+002  3.6626066e+002
  1.8432508e+002  3.6723527e+002
  1.8436881e+002  3.6818989e+002
  1.8446637e+002  3.6913376e+002
  1.8461511e+002  3.7006935e+002
  1.8535052e+002  3.7107460e+002
  1.8564080e+002  3.7198524e+002
  1.8639829e+002  3.7300247e+002
  1.8662010e+002  3.7393314e+002
  1.8732294e+002  3.7496809e+002
  1.8750459e+002  3.7588249e+002
  1.8824200e+002  3.7691896e+002
  1.8841924e+002  3.7785066e+002
  1.8857404e+002  3.7884406e+002
  1.8918138e+002  3.7996389e+002
  1.8921788e+002  3.8102585e+002
  1.8927459e+002  3.8205199e+002
  1.8932547e+002  3.8304811e+002
  1.8950226e+002  3.8398726e+002
  1.9024145e+002  3.8497454e+002
  1.9049697e+002  3.8587784e+002
  1.9073661e+002  3.8679929e+002
  1.9140543e+002  3.8789984e+002
  1.9153968e+002  3.8889581e+002
  1.9223136e+002  3.9003592e+002
  1.9245346e+002  3.9097680e+002
  1.9270384e+002  3.9186287e+002
  1.9355874e+002  3.9284175e+002
  1.9434723e+002  3.9388011e+002
  1.9451919e+002  3.9487369e+002
  1.9515768e+002  3.9603418e+002
  1.9523906e+002  3.9701795e+002
  1.9535002e+002  3.9796814e+002
  1.9548353e+002  3.9889772e+002
  1.9568450e+002  3.9981713e+002
  1.9639392e+002  4.0088932e+002
  1.9657200e+002  4.0185500e+002
  1.9731073e+002  4.0294343e+002
  1.9751481e+002  4.0388508e+002
  1.9842335e+002  4.0492589e+002
  1.9867849e+002  4.0582416e+002
  1.9954208e+002  4.0684002e+002
