  2.1654615e+002  4.5366093e+002
  2.1752099e+002  4.5462907e+002
  2.1855192e+002  4.5559972e+002
  2.1970140e+002  4.5659756e+002
  2.2072528e+002  4.5756142e+002
  2.2171089e+002  4.5853245e+002
  2.2272575e+002  4.5962434e+002
  2.2360786e+002  4.6087580e+002
  2.2446300e+002  4.6195490e+002
  2.2463672e+002  4.6276564e+002
  2.2567751e+002  4.6363364e+002
  2.2682770e+002  4.6445323e+002
  2.2770589e+002  4.6459910e+002
  2.2888665e+002  4.6578285e+002
  2.2984158e+002  4.6668243e+002
  2.3079252e+002  4.6758323e+002
  2.3177114e+002  4.6846547e+002
  2.3259318e+002  4.6868272e+002
  2.3362622e+002  4.6958728e+002
  2.3497042e+002  4.7074124e+002
  2.3611581e+002  4.7162300e+002
  2.3715483e+002  4.7246333e+002
  2.3799553e+002  4.7262762e+002
  2.3869190e+002  4.7359460e+002
  2.3926491e+002  4.7470514e+002
  2.3919686e+002  4.7550096e+002
  2.3922930e+002  4.7634727e+002
  2.4015591e+002  4.7740584e+002
  2.4118084e+002  4.7841002e+002
  2.4272836e+002  4.7984889e+002
  2.4378666e+002  4.8065410e+002
  2.4487756e+002  4.8138537e+002
  2.4585927e+002  4.8144855e+002
  2.4679516e+002  4.8149794e+002
  2.4769482e+002  4.8154623e+002
  2.4875893e+002  4.8233642e+002
  2.4961315e+002  4.8251936e+002
  2.5063709e+002  4.8356064e+002
  2.5163405e+002  4.8464744e+002
  2.5264290e+002  4.8567363e+002
  2.5385827e+002  4.8674481e+002
  2.5488754e+002  4.8753585e+002
  2.5591026e+002  4.8847536e+002
  2.5672079e+002  4.8870295e+002
  2.5774028e+002  4.8959552e+002
  2.5880269e+002  4.9054100e+002
  2.5976063e+002  4.9163470e+002
  2.6058547e+002  4.9270084e+002
  2.6150619e+002  4.9364474e+002
  2.6285044e+002  4.9466047e+002
  2.6391554e+002  4.9531377e+002
  2.6472665e+002  4.9542081e+002
  2.6558760e+002  4.9554579e+002
  2.6666167e+002  4.9637445e+002
  2.6755829e+002  4.9660119e+002
  2.6865839e+002  4.9748997e+002
  2.6958448e+002  4.9772937e+002
  2.7072349e+002  4.9868453e+002
  2.7183821e+002  4.9964527e+002
  2.7288902e+002  5.0045524e+002
  2.7366235e+002  5.0049320e+002
  2.7451371e+002  5.0055315e+002
  2.7564927e+002  5.0139175e+002
  2.7655569e+002  5.0159895e+002
  2.7763192e+002  5.0262119e+002
  2.7883057e+002  5.0384574e+002
  2.7957408e+002  5.0471764e+002
  2.8040957e+002  5.0556790e+002
  2.8052981e+002  5.0631606e+002
  2.8174997e+002  5.0675069e+002
  2.8272117e+002  5.0747481e+002
  2.8365300e+002  5.0750893e+002
  2.8474928e+002  5.0803649e+002
  2.8571913e+002  5.0808269e+002
  2.8670800e+002  5.0819838e+002
  2.8768655e+002  5.0835954e+002
  2.8865158e+002  5.0854334e+002
  2.8972813e+002  5.0939463e+002
  2.9063498e+002  5.0960734e+002
  2.9166136e+002  5.1043175e+002
  2.9256513e+002  5.1063887e+002
  2.9367232e+002  5.1137099e+002
  2.9461816e+002  5.1150043e+002
  2.9572044e+002  5.1217656e+002
  2.9661272e+002  5.1231906e+002
  2.9751111e+002  5.1245298e+002
  2.9841033e+002  5.1257849e+002
  2.9852999e+002  5.1320091e+002
  2.9946201e+002  5.1332036e+002
  3.0056375e+002  5.1409191e+002
  3.0154176e+002  5.1421493e+002
  3.0251046e+002  5.1434449e+002
  3.0342558e+002  5.1446199e+002
  3.0434598e+002  5.1455553e+002
  3.0439999e+002  5.1522274e+002
  3.0535164e+002  5.1524624e+002
  3.0638458e+002  5.1523117e+002
  3.0748263e+002  5.1524154e+002
  3.0854377e+002  5.1530931e+002
  3.0953285e+002  5.1542476e+002
  3.1046645e+002  5.1559372e+002
  3.1064125e+002  5.1630177e+002
  3.1154934e+002  5.1648524e+002
  3.1245933e+002  5.1666714e+002
  3.1257400e+002  5.1738799e+002
  3.1347642e+002  5.1755612e+002
  3.1357132e+002  5.1827650e+002
  3.1450427e+002  5.1845097e+002
  3.1539104e+002  5.1860571e+002
  3.1556781e+002  5.1934438e+002
  3.1646704e+002  5.1941236e+002
  3.1745847e+002  5.2022423e+002
  3.1840345e+002  5.2108313e+002
  3.1928425e+002  5.2202409e+002
  3.2023062e+002  5.2300858e+002
  3.2124617e+002  5.2383872e+002
  3.2301390e+002  5.2504891e+002
  3.2332968e+002  5.2422122e+002
  3.2301739e+002  5.2386219e+002
  3.2405157e+002  5.2364013e+002
  3.2634535e+002  5.2365484e+002
  3.2683391e+002  5.2342288e+002
  3.2753663e+002  5.2264870e+002
  3.2836214e+002  5.2242184e+002
  3.2825314e+002  5.2165063e+002
  3.2904492e+002  5.2134051e+002
  3.2983353e+002  5.2051137e+002
  3.3068402e+002  5.2053341e+002
  3.3152861e+002  5.2065753e+002
  3.3242491e+002  5.2078658e+002
  3.3356589e+002  5.2127148e+002
  3.3419547e+002  5.2128541e+002
  3.3507623e+002  5.2163479e+002
  3.3523549e+002  5.2241102e+002
  3.3605619e+002  5.2273954e+002
  3.3620746e+002  5.2350219e+002
  3.3560598e+002  5.2339220e+002
  3.3867355e+002  5.2412024e+002
  3.3962307e+002  5.2360555e+002
  3.4034582e+002  5.2351329e+002
  3.4117894e+002  5.2341611e+002
  3.4124036e+002  5.2268607e+002
  3.4219323e+002  5.2265276e+002
  3.4315380e+002  5.2258342e+002
  3.4414193e+002  5.2245559e+002
  3.4422562e+002  5.2171125e+002
  3.4516933e+002  5.2155521e+002
  3.4620017e+002  5.2148065e+002
  3.4625236e+002  5.2083915e+002
  3.4730460e+002  5.2084285e+002
  3.4847316e+002  5.2013395e+002
  3.4943111e+002  5.2013120e+002
  3.5032099e+002  5.1935506e+002
  3.5132955e+002  5.1942476e+002
  3.5236350e+002  5.1950490e+002
  3.5251507e+002  5.2012232e+002
  3.5354932e+002  5.2024279e+002
  3.5449776e+002  5.2039056e+002
  3.5575934e+002  5.2056145e+002
  3.5676283e+002  5.2139392e+002
  3.5763396e+002  5.2135589e+002
  3.5850070e+002  5.2127252e+002
  3.5935757e+002  5.2112378e+002
  3.6022886e+002  5.2097105e+002
  3.6112097e+002  5.2083697e+002
  3.6206012e+002  5.2077457e+002
  3.6299118e+002  5.2075946e+002
  3.6392900e+002  5.2083503e+002
  3.6486352e+002  5.2087922e+002
  3.6582776e+002  5.2085796e+002
  3.6682896e+002  5.2078985e+002
  3.6789050e+002  5.2071137e+002
  3.6897529e+002  5.2063110e+002
  3.7003654e+002  5.2070246e+002
  3.7108044e+002  5.2079464e+002
  3.7207224e+002  5.2087194e+002
  3.7312797e+002  5.2091561e+002
  3.7455063e+002  5.2092557e+002
  3.7553890e+002  5.2093723e+002
  3.7648443e+002  5.2101707e+002
  3.7735432e+002  5.2110345e+002
  3.7822039e+002  5.2115347e+002
  3.7914074e+002  5.2116303e+002
  3.8056242e+002  5.2111337e+002
  3.8153852e+002  5.2100620e+002
  3.8243774e+002  5.2088403e+002
  3.8328481e+002  5.2072920e+002
  3.8409877e+002  5.2059605e+002
  3.8494859e+002  5.2046293e+002
  3.8511875e+002  5.1990698e+002
  3.8602201e+002  5.1981562e+002
  3.8693801e+002  5.1974923e+002
  3.8786044e+002  5.1960842e+002
  3.8879887e+002  5.1947258e+002
  3.8902156e+002  5.1881156e+002
  3.8992899e+002  5.1865800e+002
  3.9082819e+002  5.1849116e+002
  3.9088544e+002  5.1767782e+002
  3.9173507e+002  5.1746477e+002
  3.9178381e+002  5.1667614e+002
  3.9279301e+002  5.1570599e+002
  3.9391487e+002  5.1467377e+002
  3.9502198e+002  5.1370845e+002
  3.9607327e+002  5.1295014e+002
  3.9713972e+002  5.1231269e+002
  3.9799230e+002  5.1127844e+002
  3.9913956e+002  5.1053649e+002
  4.0032037e+002  5.0976648e+002
  4.0150225e+002  5.0900051e+002
  4.0209088e+002  5.0954324e+002
  4.0190522e+002  5.1032337e+002
  4.0280298e+002  5.1024196e+002
  4.0417855e+002  5.0884754e+002
  4.0491654e+002  5.0783840e+002
  4.0574137e+002  5.0690837e+002
  4.0665480e+002  5.0608708e+002
  4.0817398e+002  5.0472362e+002
  4.0926638e+002  5.0384172e+002
  4.1034797e+002  5.0303921e+002
  4.1137460e+002  5.0225265e+002
  4.1238308e+002  5.0145619e+002
  4.1334671e+002  5.0051831e+002
  4.1435218e+002  4.9959728e+002
  4.1537075e+002  4.9859633e+002
  4.1644634e+002  4.9753174e+002
  4.1750377e+002  4.9646731e+002
  4.1857932e+002  4.9602253e+002
  4.1921842e+002  4.9590698e+002
  4.2012565e+002  4.9494364e+002
  4.2099026e+002  4.9392401e+002
  4.2184061e+002  4.9287758e+002
  4.2269716e+002  4.9182557e+002
  4.2356576e+002  4.9078337e+002
  4.2441083e+002  4.8971907e+002
  4.2530295e+002  4.8863097e+002
  4.2632288e+002  4.8760939e+002
  4.2742314e+002  4.8659894e+002
  4.2848506e+002  4.8561930e+002
  4.2940105e+002  4.8460477e+002
  4.3018067e+002  4.8348304e+002
  4.2929881e+002  4.8261227e+002
  4.2853686e+002  4.8274866e+002
  4.2856647e+002  4.8175448e+002
  4.2939097e+002  4.8063633e+002
  4.3031253e+002  4.7958094e+002
  4.3121587e+002  4.7855774e+002
  4.3209611e+002  4.7755268e+002
  4.3296500e+002  4.7653341e+002
  4.3384246e+002  4.7548458e+002
  4.3326720e+002  4.7470051e+002
  4.3254793e+002  4.7478212e+002
  4.3265398e+002  4.7384491e+002
  4.3346700e+002  4.7283013e+002
  4.3427793e+002  4.7185379e+002
  4.3514691e+002  4.7083235e+002
  4.3601809e+002  4.6976257e+002
  4.3692907e+002  4.6872412e+002
  4.3783233e+002  4.6767017e+002
  4.3875060e+002  4.6657630e+002
  4.3972134e+002  4.6549180e+002
  4.3905852e+002  4.6482413e+002
  4.3803412e+002  4.6503337e+002
  4.3704206e+002  4.6516491e+002
  4.3618128e+002  4.6509050e+002
  4.3539301e+002  4.6500868e+002
  4.3463671e+002  4.6493587e+002
  4.3466878e+002  4.6392953e+002
  4.3448554e+002  4.6287396e+002
  4.3379272e+002  4.6295074e+002
  4.3326298e+002  4.6206961e+002
  4.3293513e+002  4.6118703e+002
  4.3309335e+002  4.6036825e+002
  4.3183215e+002  4.6151042e+002
  4.2315762e+002  4.5828556e+002
  4.2325508e+002  4.5775296e+002
  4.2256394e+002  4.5744050e+002
  4.2168666e+002  4.5745303e+002
  4.2044733e+002  4.5708465e+002
  4.1904853e+002  4.5314233e+002
  4.1864364e+002  4.5236349e+002
  4.1834549e+002  4.5159428e+002
  4.1743020e+002  4.5144509e+002
  4.1552273e+002  4.5106079e+002
  4.1474302e+002  4.5076576e+002
  4.1412090e+002  4.5062572e+002
  4.1378521e+002  4.5077854e+002
  4.1251402e+002  4.5045564e+002
  4.1124566e+002  4.5009977e+002
  4.1076222e+002  4.5019545e+002
  4.0914072e+002  4.4964091e+002
  4.0796771e+002  4.4934592e+002
  4.0698085e+002  4.4858642e+002
  4.0598211e+002  4.4831815e+002
  4.0517736e+002  4.4825571e+002
  4.0438040e+002  4.4852298e+002
  4.0352034e+002  4.4933751e+002
  4.0241539e+002  4.4961268e+002
  4.0126098e+002  4.4988912e+002
  4.0008383e+002  4.4979251e+002
  3.9884206e+002  4.4938912e+002
  3.9823003e+002  4.4895920e+002
  3.9793727e+002  4.4875489e+002
  3.9770849e+002  4.4856133e+002
  3.9839765e+002  4.4840555e+002
  3.9269435e+002  4.5007292e+002
  3.9096439e+002  4.4953980e+002
  3.9004006e+002  4.4965051e+002
  3.8888901e+002  4.5008600e+002
  3.8791265e+002  4.4961387e+002
  3.8712294e+002  4.4936214e+002
  3.8490936e+002  4.4813656e+002
  3.8340301e+002  4.4767336e+002
  3.8229975e+002  4.4734620e+002
  3.8157705e+002  4.4635373e+002
  3.8116496e+002  4.4464918e+002
  3.8048274e+002  4.4395751e+002
  3.7992682e+002  4.4352985e+002
  3.7940852e+002  4.4269182e+002
  3.7894911e+002  4.4169922e+002
  3.7840188e+002  4.4052110e+002
  3.7636644e+002  4.3733116e+002
  3.7500939e+002  4.3705144e+002
  3.7460981e+002  4.3666621e+002
  3.7406003e+002  4.3588470e+002
  3.7384258e+002  4.3566456e+002
  3.7195205e+002  4.3271245e+002
  3.7128047e+002  4.3254725e+002
  3.7044146e+002  4.3263075e+002
  3.6943813e+002  4.3240425e+002
  3.6823731e+002  4.3162169e+002
  3.6735871e+002  4.3145596e+002
  3.6639276e+002  4.3141580e+002
  3.6573856e+002  4.3141321e+002
  3.6488180e+002  4.3123262e+002
  3.6374185e+002  4.3089472e+002
  3.6159700e+002  4.2722253e+002
  3.6120659e+002  4.2547872e+002
  3.6059247e+002  4.2351543e+002
  3.6065919e+002  4.2249763e+002
  3.6138999e+002  4.2022400e+002
  3.6132452e+002  4.1938131e+002
  3.6165636e+002  4.1834940e+002
  3.6238279e+002  4.1701648e+002
  3.6226206e+002  4.1548111e+002
  3.6167963e+002  4.1389083e+002
  3.6139505e+002  4.1310631e+002
  3.6091091e+002  4.1202145e+002
  3.6094385e+002  4.1100955e+002
  3.6130852e+002  4.0983207e+002
  3.6077359e+002  4.0993391e+002
  3.6070643e+002  4.0905866e+002
  3.6063057e+002  4.0845429e+002
  3.6238192e+002  4.0647592e+002
  3.6290930e+002  4.0335927e+002
  3.6318505e+002  4.0228609e+002
  3.6348792e+002  4.0163373e+002
  3.6356866e+002  4.0108474e+002
  3.6433169e+002  4.0069691e+002
  3.6432772e+002  4.0015173e+002
  3.6440090e+002  3.9969719e+002
  3.6298101e+002  3.9930810e+002
  3.6292204e+002  3.9876626e+002
  3.6278685e+002  3.9802146e+002
  3.6209680e+002  3.9801189e+002
  3.5916112e+002  4.0101218e+002
  3.5928190e+002  3.9115690e+002
  3.6000897e+002  3.9052992e+002
  3.5823511e+002  3.9012871e+002
  3.5671345e+002  3.8885918e+002
  3.5691669e+002  3.8823964e+002
  3.5724279e+002  3.8727458e+002
  3.5734536e+002  3.8656338e+002
  3.5675171e+002  3.8644198e+002
  3.5415220e+002  3.8559756e+002
  3.5311709e+002  3.8494066e+002
  3.5289579e+002  3.8437827e+002
  3.5286717e+002  3.8338318e+002
  3.5278365e+002  3.8233445e+002
  3.5266547e+002  3.8028248e+002
  3.5217350e+002  3.7792849e+002
  3.5131254e+002  3.7677166e+002
  3.5106970e+002  3.7661021e+002
  3.4953500e+002  3.7533046e+002
  3.4954230e+002  3.7330858e+002
  3.4944886e+002  3.7156142e+002
  3.4904030e+002  3.7067275e+002
  3.4905929e+002  3.6950598e+002
  3.4912188e+002  3.6821023e+002
  3.4938993e+002  3.6623564e+002
  3.5027451e+002  3.6607849e+002
  3.5064686e+002  3.6640070e+002
  3.5122698e+002  3.6649971e+002
  3.5116489e+002  3.6419585e+002
  3.4946122e+002  3.6207850e+002
  3.4856033e+002  3.6081949e+002
  3.4846302e+002  3.6028410e+002
  3.4744153e+002  3.5955786e+002
  3.4659160e+002  3.5942346e+002
  3.4630961e+002  3.5889718e+002
  3.4548658e+002  3.5869667e+002
  3.4465122e+002  3.5854829e+002
  3.4354334e+002  3.5782798e+002
  3.4182214e+002  3.5627152e+002
  3.4144330e+002  3.5520249e+002
  3.4161266e+002  3.5435595e+002
  3.4244844e+002  3.5356841e+002
  3.4211479e+002  3.5230703e+002
  3.4221982e+002  3.5128259e+002
  3.4181219e+002  3.5059494e+002
  3.4074023e+002  3.5057240e+002
  3.3729252e+002  3.4716365e+002
  3.3689668e+002  3.4558487e+002
  3.3697430e+002  3.4472681e+002
  3.3695616e+002  3.4382533e+002
  3.3687077e+002  3.4276859e+002
  3.3676350e+002  3.4193883e+002
  3.3670751e+002  3.4093708e+002
  3.3674894e+002  3.3992542e+002
  3.3694020e+002  3.3891452e+002
  3.3719958e+002  3.3760416e+002
  3.3747540e+002  3.3682342e+002
  3.3774265e+002  3.3600355e+002
  3.3813581e+002  3.3493897e+002
  3.3810930e+002  3.3393404e+002
  3.3817113e+002  3.3303105e+002
  3.3824268e+002  3.3227461e+002
  3.3840650e+002  3.3150408e+002
  3.3857419e+002  3.3067725e+002
  3.3893950e+002  3.3045702e+002
  3.3893946e+002  3.2943937e+002
  3.3898976e+002  3.2835587e+002
  3.3912112e+002  3.2726450e+002
  3.3946309e+002  3.2627448e+002
  3.3971235e+002  3.2508147e+002
  3.4051316e+002  3.2460309e+002
  3.4091430e+002  3.2462188e+002
  3.3982717e+002  3.2404393e+002
  3.4056028e+002  3.2397050e+002
  3.4071473e+002  3.2328356e+002
  3.3938083e+002  3.2350686e+002
  3.3915318e+002  3.2251715e+002
  3.4007401e+002  3.2048140e+002
  3.3940536e+002  3.1963433e+002
  3.4017050e+002  3.1890395e+002
  3.3791991e+002  3.1748187e+002
  3.3684626e+002  3.1619878e+002
  3.3607740e+002  3.1531525e+002
  3.3517298e+002  3.1435957e+002
  3.3446567e+002  3.1336229e+002
  3.3243432e+002  3.1242582e+002
  3.3193427e+002  3.1226670e+002
  3.3183302e+002  3.1110026e+002
  3.3226106e+002  3.1048520e+002
  3.2980948e+002  3.0502268e+002
  3.2882208e+002  3.0424340e+002
  3.2881282e+002  3.0337454e+002
  3.2885887e+002  3.0242162e+002
  3.2891610e+002  3.0063212e+002
  3.2872124e+002  2.9974580e+002
  3.2854708e+002  2.9886187e+002
  3.2837005e+002  2.9801979e+002
  3.2763173e+002  2.9726600e+002
  3.2772901e+002  2.9667582e+002
  3.2821864e+002  2.9625896e+002
  3.2837589e+002  2.9572197e+002
  3.2825181e+002  2.9303698e+002
  3.2805616e+002  2.9245126e+002
  3.2805053e+002  2.9196802e+002
  3.2702450e+002  2.9186207e+002
  3.2628913e+002  2.9257252e+002
  3.2271903e+002  2.8960728e+002
  3.2419816e+002  2.8893359e+002
  3.2277406e+002  2.8964570e+002
  3.2118364e+002  2.8792323e+002
  3.2029081e+002  2.8774674e+002
  3.1934211e+002  2.8809889e+002
  3.1855102e+002  2.8719456e+002
  3.1827959e+002  2.8623224e+002
  3.1789477e+002  2.8538453e+002
  3.1791730e+002  2.8456815e+002
  3.1841695e+002  2.8353711e+002
  3.1372967e+002  2.8342223e+002
  3.1292878e+002  2.8335154e+002
  3.1269678e+002  2.8372087e+002
  3.1277563e+002  2.8433222e+002
  3.1269251e+002  2.8482769e+002
  3.1104441e+002  2.7899902e+002
  3.1178155e+002  2.7854485e+002
  3.1195832e+002  2.7779670e+002
  3.1227868e+002  2.7731091e+002
  3.1220133e+002  2.7640580e+002
  3.1233430e+002  2.7553743e+002
  3.1140935e+002  2.7356496e+002
  3.1121596e+002  2.7302060e+002
  3.1035202e+002  2.7187781e+002
  3.0908314e+002  2.7149859e+002
  3.0862121e+002  2.7110443e+002
  3.0942020e+002  2.6991526e+002
  3.0967667e+002  2.6914733e+002
  3.1042636e+002  2.6896377e+002
  3.1027340e+002  2.6819279e+002
  3.1048270e+002  2.6450390e+002
  3.0997056e+002  2.6319968e+002
  3.0958729e+002  2.6200850e+002
  3.0941706e+002  2.6143731e+002
  3.0845181e+002  2.6042853e+002
  3.0764275e+002  2.5958107e+002
  3.0764270e+002  2.5931305e+002
  3.0796924e+002  2.5876481e+002
  3.0751745e+002  2.5698504e+002
  3.0762416e+002  2.5589518e+002
  3.0764906e+002  2.5439229e+002
  3.0755062e+002  2.5396900e+002
  3.0729400e+002  2.5373402e+002
  3.0485185e+002  2.5236190e+002
  3.0436074e+002  2.5137021e+002
  3.0532715e+002  2.4959606e+002
  3.0564939e+002  2.4854229e+002
  3.0615228e+002  2.4673979e+002
  3.0564492e+002  2.4647559e+002
  3.0556297e+002  2.4626408e+002
  3.0537594e+002  2.4630330e+002
  3.0493423e+002  2.4760681e+002
  3.0002609e+002  2.4654557e+002
  3.0587404e+002  2.3648696e+002
  3.0543444e+002  2.3678552e+002
  3.0519067e+002  2.3690585e+002
  3.0458421e+002  2.3926986e+002
  3.0639587e+002  2.3240050e+002
  3.0610882e+002  2.2893043e+002
  3.0569600e+002  2.2838952e+002
  3.0556874e+002  2.2793885e+002
  3.0486639e+002  2.2741965e+002
  3.0419747e+002  2.2730665e+002
  3.0360056e+002  2.2723044e+002
  3.0330835e+002  2.2690114e+002
  3.0298956e+002  2.2685963e+002
  3.0279193e+002  2.2700876e+002
  3.0294344e+002  2.2540187e+002
  3.0289615e+002  2.2400749e+002
  3.0154394e+002  2.2222210e+002
  3.0390189e+002  2.1767754e+002
  3.0099161e+002  2.2050788e+002
  3.0027346e+002  2.1879216e+002
  2.9966882e+002  2.1825915e+002
  3.0001715e+002  2.1746160e+002
  2.9922690e+002  2.1445646e+002
  2.9733253e+002  2.1342832e+002
  2.9646342e+002  2.1238171e+002
  2.9282839e+002  2.1343927e+002
  2.9253508e+002  2.1182195e+002
  2.9263312e+002  2.1190939e+002
  2.9295611e+002  2.1044239e+002
  2.9341335e+002  2.0947396e+002
  2.9346256e+002  2.0841456e+002
  2.9327698e+002  2.0745580e+002
  2.9308379e+002  2.0515492e+002
  2.9288613e+002  2.0375623e+002
  2.9295779e+002  2.0300048e+002
  2.9298771e+002  2.0220386e+002
  2.9275881e+002  2.0162296e+002
  2.9240044e+002  2.0111011e+002
  2.9155263e+002  2.0099764e+002
  2.9169543e+002  2.0051389e+002
  2.9189048e+002  2.0000157e+002
  2.9225913e+002  2.0013831e+002
  2.9478893e+002  2.0310573e+002
  2.9449003e+002  1.8973457e+002
  2.9316329e+002  1.9113453e+002
  2.9154475e+002  1.8852133e+002
  2.9099484e+002  1.8791317e+002
  2.9094681e+002  1.8696449e+002
  2.9101063e+002  1.8617368e+002
  2.9114733e+002  1.8537460e+002
  2.9138060e+002  1.8459232e+002
  2.9190307e+002  1.8383189e+002
  2.9329169e+002  1.8297131e+002
  2.9416529e+002  1.8185661e+002
  2.9609506e+002  1.8103490e+002
  2.9844560e+002  1.8151242e+002
  2.9861383e+002  1.8139907e+002
  2.9922134e+002  1.8034201e+002
  2.9929830e+002  1.7944137e+002
  2.9949802e+002  1.7861436e+002
  3.0007131e+002  1.7789100e+002
  3.0060583e+002  1.7691238e+002
  3.0267186e+002  1.7494091e+002
  3.0364925e+002  1.7467172e+002
  3.0448078e+002  1.7476694e+002
  3.0541101e+002  1.7423053e+002
  3.0642880e+002  1.7381091e+002
  3.0595932e+002  1.7311510e+002
  3.0812825e+002  1.7228438e+002
  3.1126171e+002  1.6676500e+002
  3.1183289e+002  1.6695605e+002
  3.1296005e+002  1.6673512e+002
  3.1350046e+002  1.6632838e+002
  3.1345722e+002  1.6461305e+002
  3.1315662e+002  1.6445873e+002
  3.1332787e+002  1.6374109e+002
  3.1415381e+002  1.6282741e+002
  3.1477085e+002  1.6191843e+002
  3.1521023e+002  1.6081555e+002
  3.1562326e+002  1.5989342e+002
  3.1756093e+002  1.5808869e+002
  3.1813652e+002  1.5692218e+002
  3.1861123e+002  1.5518926e+002
  3.2147126e+002  1.5448220e+002
  3.2181388e+002  1.5377745e+002
  3.2196512e+002  1.5396965e+002
  3.2254548e+002  1.5334289e+002
  3.2314712e+002  1.5302754e+002
  3.2621323e+002  1.5235213e+002
  3.2677572e+002  1.5165644e+002
  3.2715106e+002  1.5152816e+002
  3.2770889e+002  1.5054617e+002
  3.2786845e+002  1.4944672e+002
  3.2816341e+002  1.4884771e+002
  3.2846635e+002  1.4762028e+002
  3.2820569e+002  1.4669298e+002
  3.3278083e+002  1.4633618e+002
  3.3443403e+002  1.4539381e+002
  3.3524463e+002  1.4386335e+002
  3.3495477e+002  1.4142826e+002
  3.3500251e+002  1.4124129e+002
  3.3533335e+002  1.4046350e+002
  3.3544503e+002  1.4000849e+002
  3.4040464e+002  1.3971985e+002
  3.4043971e+002  1.3944175e+002
  3.4119832e+002  1.3867347e+002
  3.4200174e+002  1.3770438e+002
  3.4258520e+002  1.3646454e+002
  3.4262377e+002  1.3545618e+002
  3.4262846e+002  1.3463175e+002
  3.4407067e+002  1.3277892e+002
  3.4400030e+002  1.3197538e+002
  3.4407785e+002  1.3123240e+002
  3.4448544e+002  1.3053904e+002
  3.4573388e+002  1.3044790e+002
  3.4625767e+002  1.3036000e+002
  3.4728660e+002  1.2948562e+002
  3.4820776e+002  1.2854125e+002
  3.4989876e+002  1.2818011e+002
  3.5024129e+002  1.2903409e+002
  3.4922530e+002  1.3054376e+002
  3.4950540e+002  1.3155528e+002
  3.5033095e+002  1.3230167e+002
  3.5122485e+002  1.3234993e+002
  3.5207748e+002  1.3283197e+002
  3.5232222e+002  1.3349268e+002
  3.5295310e+002  1.3353420e+002
  3.5309592e+002  1.3442141e+002
  3.5412709e+002  1.3550959e+002
  3.5420929e+002  1.3606501e+002
  3.5515258e+002  1.3680331e+002
  3.5565045e+002  1.3744829e+002
  3.5651293e+002  1.3934570e+002
  3.5770846e+002  1.4068776e+002
  3.5963400e+002  1.4068045e+002
  3.6183257e+002  1.4156244e+002
  3.6148554e+002  1.4083174e+002
  3.6340055e+002  1.4572059e+002
  3.6408858e+002  1.4582231e+002
  3.6681523e+002  1.4711586e+002
  3.6566752e+002  1.4684344e+002
  3.6498200e+002  1.4773374e+002
  3.7326033e+002  1.4842371e+002
  3.7295403e+002  1.4836971e+002
  3.7321418e+002  1.4905951e+002
  3.7260340e+002  1.4943050e+002
  3.7832897e+002  1.4904782e+002
  3.7934072e+002  1.4859508e+002
  3.7980585e+002  1.4891202e+002
  3.8037851e+002  1.4915389e+002
  3.8097466e+002  1.5065243e+002
  3.8055349e+002  1.5160424e+002
  3.8079287e+002  1.5217306e+002
  3.8117731e+002  1.5206943e+002
  3.8427542e+002  1.5325780e+002
  3.8476851e+002  1.5329824e+002
  3.8553347e+002  1.5339402e+002
  3.8622493e+002  1.5368568e+002
  3.8598711e+002  1.5456786e+002
  3.8634398e+002  1.5638001e+002
  3.8660163e+002  1.5730786e+002
  3.8756363e+002  1.5783078e+002
  3.8694873e+002  1.5963004e+002
  3.8605173e+002  1.6039226e+002
  3.8538429e+002  1.6047645e+002
  3.8467417e+002  1.6061871e+002
  3.8473847e+002  1.6115278e+002
  3.8525102e+002  1.6135354e+002
  3.8532174e+002  1.6049938e+002
  3.8543454e+002  1.5975507e+002
  3.8605581e+002  1.6791723e+002
  3.8568858e+002  1.6883167e+002
  3.8531262e+002  1.6958778e+002
  3.8435112e+002  1.7050944e+002
  3.8458602e+002  1.7167046e+002
  3.8478718e+002  1.7284316e+002
  3.8364626e+002  1.7521037e+002
  3.8416531e+002  1.7426681e+002
  3.8532225e+002  1.7825829e+002
  3.8602439e+002  1.7865302e+002
  3.8631799e+002  1.7942048e+002
  3.8607228e+002  1.8045143e+002
  3.8578848e+002  1.8148575e+002
  3.8542561e+002  1.8264276e+002
  3.8511993e+002  1.8445839e+002
  3.8530748e+002  1.8532927e+002
  3.8555254e+002  1.8613919e+002
  3.8644062e+002  1.8672597e+002
  3.8523988e+002  1.8756385e+002
  3.8356276e+002  1.8847207e+002
  3.8346316e+002  1.8706375e+002
  3.8290548e+002  1.8668344e+002
  3.8152092e+002  1.8748129e+002
  3.8081050e+002  1.9248346e+002
  3.8119996e+002  1.9328694e+002
  3.8134596e+002  1.9373858e+002
  3.8036390e+002  1.9526454e+002
  3.7992005e+002  1.9592063e+002
  3.7995846e+002  1.9672912e+002
  3.8000807e+002  1.9766097e+002
  3.8006314e+002  1.9874926e+002
  3.8008593e+002  1.9990496e+002
  3.8015911e+002  2.0126016e+002
  3.8020048e+002  2.0216929e+002
  3.8011063e+002  2.0303707e+002
  3.7979692e+002  2.0378675e+002
  3.7913514e+002  2.0511367e+002
  3.7844747e+002  2.0569431e+002
  3.7754085e+002  2.0596997e+002
  3.7740372e+002  2.0623374e+002
  3.7699334e+002  2.0625949e+002
  3.7592932e+002  2.0775937e+002
  3.7763590e+002  2.1283973e+002
  3.7841641e+002  2.1363294e+002
  3.7828138e+002  2.1410362e+002
  3.7821987e+002  2.1447354e+002
  3.7791233e+002  2.1434485e+002
  3.7682720e+002  2.0954866e+002
  3.7910798e+002  2.2286881e+002
  3.7932501e+002  2.2366150e+002
  3.7969509e+002  2.2433313e+002
  3.8026895e+002  2.2428222e+002
  3.8057796e+002  2.2480103e+002
  3.8163154e+002  2.2436297e+002
  3.8266300e+002  2.2518747e+002
  3.8414286e+002  2.2565428e+002
  3.8505704e+002  2.2692879e+002
  3.8480563e+002  2.2747393e+002
  3.8511060e+002  2.2841257e+002
  3.8622662e+002  2.2870697e+002
  3.8710344e+002  2.2888356e+002
  3.8787215e+002  2.3430906e+002
  3.8759551e+002  2.3484996e+002
  3.8729444e+002  2.3537533e+002
  3.8642599e+002  2.3548058e+002
  3.8560037e+002  2.3556336e+002
  3.8456437e+002  2.3588069e+002
  3.8410976e+002  2.3693463e+002
  3.8378941e+002  2.3772787e+002
  3.8369404e+002  2.3866643e+002
  3.8350544e+002  2.3967654e+002
  3.8349062e+002  2.4035467e+002
  3.8273993e+002  2.4067489e+002
  3.8204760e+002  2.4139230e+002
  3.8142634e+002  2.4168157e+002
  3.8029225e+002  2.4234466e+002
  3.8004527e+002  2.4231453e+002
  3.7915511e+002  2.4264898e+002
  3.7880673e+002  2.4329427e+002
  3.7730932e+002  2.4682012e+002
  3.7725716e+002  2.4796544e+002
  3.7739679e+002  2.4861234e+002
  3.7747888e+002  2.4915049e+002
  3.7685111e+002  2.4932425e+002
  3.7589020e+002  2.4958546e+002
  3.7525437e+002  2.4927148e+002
  3.7700108e+002  2.4310447e+002
  3.6986750e+002  2.5979299e+002
  3.7059432e+002  2.6045066e+002
  3.7146368e+002  2.6074990e+002
  3.7168447e+002  2.6141698e+002
  3.7258686e+002  2.6170239e+002
  3.7373284e+002  2.6253872e+002
  3.7477580e+002  2.6333732e+002
  3.7554909e+002  2.6349880e+002
  3.7631275e+002  2.6363029e+002
  3.7651368e+002  2.6440191e+002
  3.7738254e+002  2.6449365e+002
  3.7770185e+002  2.6521392e+002
  3.7862275e+002  2.6526221e+002
  3.7955488e+002  2.6532826e+002
  3.8050569e+002  2.6545572e+002
  3.8186962e+002  2.6631115e+002
  3.8235689e+002  2.6733442e+002
  3.8246076e+002  2.6816522e+002
  3.8263005e+002  2.6895344e+002
  3.8336270e+002  2.6980746e+002
  3.8359536e+002  2.7055468e+002
  3.8434707e+002  2.7142903e+002
  3.8514055e+002  2.7229353e+002
  3.8621807e+002  2.7286018e+002
  3.8861800e+002  2.7369440e+002
  3.8972337e+002  2.7380237e+002
  3.9042981e+002  2.7379269e+002
  3.9208071e+002  2.7469000e+002
  3.9288486e+002  2.7496750e+002
  3.9365969e+002  2.7529438e+002
  3.9467520e+002  2.7612934e+002
  3.9520221e+002  2.7717311e+002
  3.9530481e+002  2.7804444e+002
  3.9538989e+002  2.7892815e+002
  3.9549607e+002  2.7977919e+002
  3.9559555e+002  2.8058833e+002
  3.9624462e+002  2.8140293e+002
  3.9699935e+002  2.8216160e+002
  3.9797832e+002  2.8261712e+002
  4.0073712e+002  2.8388032e+002
  4.0179981e+002  2.8421784e+002
  4.0254083e+002  2.8447453e+002
  4.0335361e+002  2.8473791e+002
  4.0352959e+002  2.8555163e+002
  4.0458370e+002  2.8648849e+002
  4.0582826e+002  2.8708491e+002
  4.0668779e+002  2.8803693e+002
  4.0759596e+002  2.8901029e+002
  4.0843785e+002  2.9001799e+002
  4.0841781e+002  2.9087411e+002
  4.0838905e+002  2.9171121e+002
  4.0857728e+002  2.9250031e+002
  4.0967936e+002  2.9329944e+002
  4.1054299e+002  2.9331422e+002
  4.1143603e+002  2.9344583e+002
  4.1248775e+002  2.9448839e+002
  4.1325832e+002  2.9548837e+002
  4.1464514e+002  2.9693839e+002
  4.1544158e+002  2.9812293e+002
  4.1542765e+002  2.9922422e+002
  4.1513118e+002  3.0034931e+002
  4.1470638e+002  3.0147207e+002
  4.1441943e+002  3.0189661e+002
  4.1411020e+002  3.0226521e+002
  4.1554422e+002  3.0446740e+002
  4.1648727e+002  3.0516297e+002
  4.1662212e+002  3.0577422e+002
  4.1754704e+002  3.0656618e+002
  4.1850553e+002  3.0740132e+002
  4.1929439e+002  3.0757586e+002
  4.2005800e+002  3.0874043e+002
  4.2105556e+002  3.0966716e+002
  4.2182004e+002  3.1065769e+002
  4.2231146e+002  3.1177514e+002
  4.2204356e+002  3.1265433e+002
  4.2182935e+002  3.1355007e+002
  4.2181772e+002  3.1488880e+002
  4.2196830e+002  3.1568208e+002
  4.2220393e+002  3.1645463e+002
  4.2310956e+002  3.1775157e+002
  4.2334164e+002  3.1879838e+002
  4.2355430e+002  3.1982110e+002
  4.2427570e+002  3.2080705e+002
  4.2451982e+002  3.2173991e+002
  4.2540504e+002  3.2270401e+002
  4.2557140e+002  3.2352859e+002
  4.2658410e+002  3.2449279e+002
  4.2759990e+002  3.2466907e+002
  4.2889144e+002  3.2556344e+002
  4.2986514e+002  3.2665118e+002
  4.3041624e+002  3.2791462e+002
  4.3039520e+002  3.2892508e+002
  4.3054340e+002  3.2988075e+002
  4.3135781e+002  3.3100360e+002
  4.3155347e+002  3.3190743e+002
  4.3230569e+002  3.3310018e+002
  4.3236196e+002  3.3401923e+002
  4.3237653e+002  3.3492423e+002
  4.3243928e+002  3.3584765e+002
  4.3254564e+002  3.3679411e+002
  4.3331133e+002  3.3784565e+002
  4.3347827e+002  3.3873422e+002
  4.3378068e+002  3.3955876e+002
  4.3477164e+002  3.4056557e+002
  4.3584204e+002  3.4158474e+002
  4.3675671e+002  3.4257107e+002
  4.3747762e+002  3.4365402e+002
  4.3747369e+002  3.4464262e+002
  4.3750452e+002  3.4561716e+002
  4.3822798e+002  3.4673189e+002
  4.3840386e+002  3.4764851e+002
  4.3861850e+002  3.4856893e+002
  4.3940498e+002  3.4967744e+002
  4.3944493e+002  3.5079167e+002
  4.3944876e+002  3.5191972e+002
  4.3943240e+002  3.5294962e+002
  4.3954894e+002  3.5387329e+002
  4.4050628e+002  3.5475118e+002
  4.4159375e+002  3.5557445e+002
  4.4253413e+002  3.5650639e+002
  4.4326333e+002  3.5757991e+002
  4.4339310e+002  3.5861733e+002
  4.4354625e+002  3.5963842e+002
  4.4442224e+002  3.6072915e+002
  4.4431971e+002  3.6175645e+002
  4.4412206e+002  3.6281444e+002
  4.4390382e+002  3.6380434e+002
  4.4388535e+002  3.6479396e+002
  4.4413397e+002  3.6568297e+002
  4.4462423e+002  3.6659468e+002
  4.4566189e+002  3.6743584e+002
  4.4667259e+002  3.6772991e+002
  4.4753839e+002  3.6886960e+002
  4.4818507e+002  3.6996036e+002
  4.4810708e+002  3.7127677e+002
  4.4800132e+002  3.7211301e+002
  4.4789745e+002  3.7300594e+002
  4.4782773e+002  3.7394923e+002
  4.4783824e+002  3.7490360e+002
  4.4797072e+002  3.7620937e+002
  4.4815766e+002  3.7711842e+002
  4.4832577e+002  3.7800370e+002
  4.4848708e+002  3.7891236e+002
  4.4859841e+002  3.7984598e+002
  4.4925736e+002  3.8088401e+002
  4.4937060e+002  3.8184434e+002
  4.4944874e+002  3.8286482e+002
  4.4953794e+002  3.8390095e+002
  4.5002068e+002  3.8489825e+002
