  4.2023200e+002  5.0420479e+002
  4.2045501e+002  5.0505676e+002
  4.2066967e+002  5.0591606e+002
  4.2140520e+002  5.0694583e+002
  4.2150981e+002  5.0785221e+002
  4.2216720e+002  5.0900665e+002
  4.2227923e+002  5.0990000e+002
  4.2241152e+002  5.1079661e+002
  4.2257168e+002  5.1173773e+002
  4.2330901e+002  5.1284012e+002
  4.2347244e+002  5.1374328e+002
  4.2374048e+002  5.1461841e+002
  4.2470037e+002  5.1558430e+002
  4.2566456e+002  5.1660470e+002
  4.2665206e+002  5.1763976e+002
  4.2765213e+002  5.1866577e+002
  4.2870337e+002  5.1977315e+002
  4.2962668e+002  5.2077985e+002
  4.3065498e+002  5.2182566e+002
  4.3161065e+002  5.2281305e+002
  4.3255917e+002  5.2387679e+002
  4.3354995e+002  5.2493633e+002
  4.3455479e+002  5.2600212e+002
  4.3555955e+002  5.2698464e+002
  4.3661915e+002  5.2799389e+002
  4.3762932e+002  5.2893834e+002
  4.3861419e+002  5.2993184e+002
  4.3967086e+002  5.3092427e+002
  4.4074598e+002  5.3186627e+002
  4.4174713e+002  5.3277998e+002
  4.4279498e+002  5.3360427e+002
  4.4395663e+002  5.3441107e+002
  4.4485761e+002  5.3461054e+002
  4.4587470e+002  5.3545749e+002
  4.4678247e+002  5.3574747e+002
  4.4780471e+002  5.3659157e+002
  4.4886650e+002  5.3743097e+002
  4.4981089e+002  5.3769344e+002
  4.5085171e+002  5.3846322e+002
  4.5177028e+002  5.3873839e+002
  4.5280121e+002  5.3956146e+002
  4.5377906e+002  5.4039138e+002
  4.5473263e+002  5.4058630e+002
  4.5578505e+002  5.4131173e+002
  4.5682656e+002  5.4141739e+002
  4.5781284e+002  5.4161698e+002
  4.5887235e+002  5.4228112e+002
  4.5984468e+002  5.4249953e+002
  4.6085029e+002  5.4272094e+002
  4.6189943e+002  5.4336745e+002
  4.6286375e+002  5.4359405e+002
  4.6390622e+002  5.4428808e+002
  4.6484763e+002  5.4445504e+002
  4.6580272e+002  5.4460673e+002
  4.6680837e+002  5.4518807e+002
  4.6786397e+002  5.4531952e+002
  4.6892153e+002  5.4543210e+002
  4.6993189e+002  5.4556870e+002
  4.7098430e+002  5.4603139e+002
  4.7200280e+002  5.4614886e+002
  4.7300880e+002  5.4626194e+002
  4.7397318e+002  5.4641516e+002
  4.7494228e+002  5.4659502e+002
  4.7599309e+002  5.4707906e+002
  4.7701616e+002  5.4712781e+002
  4.7801198e+002  5.4714616e+002
  4.7900153e+002  5.4717972e+002
  4.7999369e+002  5.4723480e+002
  4.8100483e+002  5.4728599e+002
  4.8207478e+002  5.4727517e+002
  4.8309135e+002  5.4730073e+002
  4.8413894e+002  5.4732339e+002
  4.8515295e+002  5.4734610e+002
  4.8613556e+002  5.4732058e+002
  4.8710014e+002  5.4720591e+002
  4.8806317e+002  5.4717408e+002
  4.8907727e+002  5.4713645e+002
  4.9012890e+002  5.4712585e+002
  4.9118643e+002  5.4710293e+002
  4.9220238e+002  5.4706997e+002
  4.9319798e+002  5.4701451e+002
  4.9418090e+002  5.4697228e+002
  4.9516433e+002  5.4693734e+002
  4.9608619e+002  5.4691990e+002
  4.9709187e+002  5.4687716e+002
  4.9809547e+002  5.4678370e+002
  4.9916120e+002  5.4676559e+002
  5.0016196e+002  5.4664387e+002
  5.0116866e+002  5.4658546e+002
  5.0215621e+002  5.4640441e+002
  5.0314568e+002  5.4585388e+002
  5.0408505e+002  5.4573026e+002
  5.0502586e+002  5.4558634e+002
  5.0592831e+002  5.4549942e+002
  5.0709068e+002  5.4493064e+002
  5.0808561e+002  5.4482464e+002
  5.0903733e+002  5.4470460e+002
  5.0993642e+002  5.4452835e+002
  5.1080005e+002  5.4435857e+002
  5.1189065e+002  5.4370180e+002
  5.1287217e+002  5.4359119e+002
  5.1386606e+002  5.4346245e+002
  5.1485655e+002  5.4274546e+002
  5.1581479e+002  5.4260691e+002
  5.1678116e+002  5.4241997e+002
  5.1786529e+002  5.4171656e+002
  5.1882944e+002  5.4149905e+002
  5.1993717e+002  5.4068377e+002
  5.2085012e+002  5.4047795e+002
  5.2193037e+002  5.3970119e+002
  5.2286747e+002  5.3948257e+002
  5.2398042e+002  5.3874696e+002
  5.2488697e+002  5.3860183e+002
  5.2576365e+002  5.3846324e+002
  5.2679054e+002  5.3773820e+002
  5.2770628e+002  5.3759834e+002
  5.2864253e+002  5.3743994e+002
  5.2973835e+002  5.3656110e+002
  5.3063200e+002  5.3630217e+002
  5.3163147e+002  5.3526625e+002
  5.3263773e+002  5.3426331e+002
  5.3382520e+002  5.3330010e+002
  5.3482962e+002  5.3235624e+002
  5.3574474e+002  5.3128504e+002
  5.3673048e+002  5.3033005e+002
  5.3788387e+002  5.2936742e+002
  5.3899567e+002  5.2848441e+002
  5.3996908e+002  5.2750067e+002
  5.4068334e+002  5.2724077e+002
  5.4167999e+002  5.2625155e+002
  5.4276137e+002  5.2508296e+002
  5.4367361e+002  5.2404433e+002
  5.4453582e+002  5.2308559e+002
  5.4542510e+002  5.2208785e+002
  5.4572551e+002  5.2121902e+002
  5.4663154e+002  5.2015726e+002
  5.4766121e+002  5.1922696e+002
  5.4858815e+002  5.1821507e+002
  5.4943525e+002  5.1705183e+002
  5.4969827e+002  5.1613381e+002
  5.5064064e+002  5.1511844e+002
  5.5156518e+002  5.1416753e+002
  5.5233318e+002  5.1314938e+002
  5.5258566e+002  5.1220181e+002
  5.5333107e+002  5.1108420e+002
  5.5357217e+002  5.1016087e+002
  5.5443309e+002  5.0918245e+002
  5.5462897e+002  5.0824627e+002
  5.5541085e+002  5.0717384e+002
  5.5566362e+002  5.0621564e+002
  5.5648971e+002  5.0525425e+002
  5.5685399e+002  5.0427657e+002
  5.5766233e+002  5.0322584e+002
  5.5843455e+002  5.0221286e+002
  5.5864007e+002  5.0121096e+002
  5.5933250e+002  5.0015058e+002
  5.5955999e+002  4.9911990e+002
  5.6021660e+002  4.9809052e+002
  5.6039262e+002  4.9712783e+002
  5.6056878e+002  4.9613822e+002
  5.6124460e+002  4.9511073e+002
  5.6143540e+002  4.9409115e+002
  5.6165378e+002  4.9308643e+002
  5.6226016e+002  4.9208829e+002
  5.6241649e+002  4.9108513e+002
  5.6258500e+002  4.9009871e+002
  5.6309685e+002  4.8913778e+002
  5.6319471e+002  4.8813607e+002
  5.6330664e+002  4.8710008e+002
  5.6347858e+002  4.8604620e+002
  5.6360106e+002  4.8501606e+002
  5.6417768e+002  4.8405710e+002
  5.6431307e+002  4.8306436e+002
  5.6445033e+002  4.8207923e+002
  5.6453317e+002  4.8106533e+002
  5.6500084e+002  4.8007614e+002
  5.6505917e+002  4.7903668e+002
  5.6509044e+002  4.7803291e+002
  5.6504216e+002  4.7689842e+002
  5.6505563e+002  4.7595573e+002
  5.6506118e+002  4.7496907e+002
  5.6507496e+002  4.7396993e+002
  5.6501862e+002  4.7296285e+002
  5.6494766e+002  4.7195115e+002
  5.6480280e+002  4.7094185e+002
  5.6479199e+002  4.6993117e+002
  5.6475264e+002  4.6892412e+002
  5.6477040e+002  4.6793309e+002
  5.6471837e+002  4.6697304e+002
  5.6472187e+002  4.6594392e+002
  5.6465487e+002  4.6491062e+002
  5.6465544e+002  4.6387291e+002
  5.6459974e+002  4.6290295e+002
  5.6453825e+002  4.6190952e+002
  5.6440524e+002  4.6091127e+002
  5.6393053e+002  4.5987532e+002
  5.6387361e+002  4.5890962e+002
  5.6383145e+002  4.5794478e+002
  5.6373794e+002  4.5698753e+002
  5.6365143e+002  4.5604215e+002
  5.6357873e+002  4.5506333e+002
  5.6347181e+002  4.5405087e+002
  5.6290215e+002  4.5298102e+002
  5.6276407e+002  4.5204348e+002
  5.6268241e+002  4.5111916e+002
  5.6255164e+002  4.5018886e+002
  5.6244845e+002  4.4922872e+002
  5.6177528e+002  4.4803123e+002
  5.6159720e+002  4.4708093e+002
  5.6134950e+002  4.4617794e+002
  5.6048729e+002  4.4514990e+002
  5.5981438e+002  4.4404534e+002
  5.5966021e+002  4.4312455e+002
  5.5957310e+002  4.4215822e+002
  5.5944162e+002  4.4117743e+002
  5.5878919e+002  4.4001111e+002
  5.5859891e+002  4.3915622e+002
  5.5844938e+002  4.3831005e+002
  5.5753670e+002  4.3722719e+002
  5.5732260e+002  4.3633124e+002
  5.5634136e+002  4.3532018e+002
  5.5543023e+002  4.3417135e+002
  5.5449313e+002  4.3303847e+002
  5.5364400e+002  4.3199072e+002
  5.5345668e+002  4.3118655e+002
  5.5273230e+002  4.2996787e+002
  5.5252817e+002  4.2919735e+002
  5.5228654e+002  4.2843400e+002
  5.5125328e+002  4.2747574e+002
  5.5039281e+002  4.2636204e+002
  5.4936219e+002  4.2527841e+002
  5.4836739e+002  4.2413431e+002
  5.4747517e+002  4.2308419e+002
  5.4650365e+002  4.2206624e+002
  5.4630672e+002  4.2132333e+002
  5.4535156e+002  4.2028519e+002
  5.4437277e+002  4.1910846e+002
  5.4342688e+002  4.1808582e+002
  5.4247785e+002  4.1713260e+002
  5.4149914e+002  4.1618890e+002
  5.4038297e+002  4.1506077e+002
  5.3934471e+002  4.1413443e+002
  5.3830852e+002  4.1322090e+002
  5.3723449e+002  4.1230499e+002
  5.3615926e+002  4.1131230e+002
  5.3515024e+002  4.1042758e+002
  5.3411040e+002  4.0951129e+002
  5.3324847e+002  4.0929441e+002
  5.3208929e+002  4.0844236e+002
  5.3102839e+002  4.0757351e+002
  5.3013380e+002  4.0729867e+002
  5.2910861e+002  4.0646009e+002
  5.2811461e+002  4.0563440e+002
  5.2716647e+002  4.0539919e+002
  5.2610990e+002  4.0468550e+002
  5.2512538e+002  4.0449549e+002
  5.2403723e+002  4.0369646e+002
  5.2308139e+002  4.0343685e+002
  5.2207634e+002  4.0269595e+002
  5.2112124e+002  4.0246506e+002
  5.2011565e+002  4.0170908e+002
  5.1912419e+002  4.0149559e+002
  5.1807911e+002  4.0078831e+002
  5.1709866e+002  4.0060848e+002
  5.1614062e+002  4.0043109e+002
  5.1513765e+002  3.9982427e+002
  5.1411681e+002  3.9968966e+002
  5.1308602e+002  3.9959596e+002
  5.1204260e+002  3.9948273e+002
  5.1094434e+002  3.9893231e+002
  5.0997444e+002  3.9874678e+002
  5.0901851e+002  3.9855010e+002
  5.0805127e+002  3.9828945e+002
  5.0703194e+002  3.9771470e+002
  5.0606849e+002  3.9755708e+002
  5.0510783e+002  3.9742691e+002
  5.0414466e+002  3.9679481e+002
  5.0312677e+002  3.9668252e+002
  5.0210381e+002  3.9667857e+002
  5.0108553e+002  3.9664279e+002
  5.0008053e+002  3.9654953e+002
  4.9904246e+002  3.9643892e+002
  4.9796624e+002  3.9599788e+002
  4.9698069e+002  3.9591785e+002
  4.9597873e+002  3.9585096e+002
  4.9495704e+002  3.9580349e+002
  4.9393699e+002  3.9578542e+002
  4.9294521e+002  3.9570106e+002
  4.9196400e+002  3.9574811e+002
  4.9099264e+002  3.9565424e+002
  4.9003426e+002  3.9562692e+002
  4.8906440e+002  3.9562848e+002
  4.8805429e+002  3.9563354e+002
  4.8703415e+002  3.9563338e+002
  4.8585686e+002  3.9572809e+002
  4.8489397e+002  3.9582371e+002
  4.8393354e+002  3.9594763e+002
  4.8297119e+002  3.9599916e+002
  4.8201195e+002  3.9606124e+002
  4.8103913e+002  3.9613224e+002
  4.8003556e+002  3.9617896e+002
  4.7899246e+002  3.9620551e+002
  4.7795817e+002  3.9621569e+002
  4.7690282e+002  3.9631256e+002
  4.7590215e+002  3.9651249e+002
  4.7484462e+002  3.9708044e+002
  4.7391297e+002  3.9724922e+002
  4.7299872e+002  3.9745296e+002
  4.7207537e+002  3.9767081e+002
  4.7091882e+002  3.9828940e+002
  4.6999114e+002  3.9839343e+002
  4.6907506e+002  3.9847062e+002
  4.6815424e+002  3.9856031e+002
  4.6709248e+002  3.9917037e+002
  4.6614998e+002  3.9930250e+002
  4.6520809e+002  3.9943449e+002
  4.6423862e+002  3.9954230e+002
  4.6315135e+002  4.0029792e+002
  4.6224257e+002  4.0051500e+002
  4.6114430e+002  4.0135637e+002
  4.6019349e+002  4.0160312e+002
  4.5902084e+002  4.0229534e+002
  4.5811642e+002  4.0255469e+002
  4.5692443e+002  4.0327183e+002
  4.5604088e+002  4.0350198e+002
  4.5491568e+002  4.0428882e+002
  4.5410110e+002  4.0450953e+002
  4.5303768e+002  4.0530897e+002
  4.5221194e+002  4.0554732e+002
  4.5111167e+002  4.0632035e+002
  4.5028818e+002  4.0652156e+002
  4.4912186e+002  4.0727714e+002
  4.4823304e+002  4.0751777e+002
  4.4704591e+002  4.0834472e+002
  4.4621754e+002  4.0862952e+002
  4.4518111e+002  4.0955195e+002
  4.4412556e+002  4.1048128e+002
  4.4332230e+002  4.1068371e+002
  4.4223536e+002  4.1153677e+002
  4.4110593e+002  4.1248377e+002
  4.4034316e+002  4.1275275e+002
  4.3937281e+002  4.1385512e+002
  4.3843195e+002  4.1481532e+002
  4.3738779e+002  4.1579896e+002
  4.3628081e+002  4.1678416e+002
  4.3524860e+002  4.1774930e+002
  4.3430583e+002  4.1870799e+002
  4.3327694e+002  4.1975573e+002
  4.3224039e+002  4.2074105e+002
  4.3126967e+002  4.2175738e+002
  4.3043233e+002  4.2292772e+002
  4.2946292e+002  4.2390252e+002
  4.2859907e+002  4.2492168e+002
  4.2830593e+002  4.2578239e+002
  4.2743268e+002  4.2684260e+002
  4.2655858e+002  4.2792096e+002
  4.2631641e+002  4.2882226e+002
  4.2547293e+002  4.2985168e+002
  4.2470052e+002  4.3093369e+002
  4.2445086e+002  4.3185706e+002
  4.2360688e+002  4.3288041e+002
  4.2333026e+002  4.3381804e+002
  4.2244471e+002  4.3479157e+002
  4.2158745e+002  4.3583319e+002
  4.2134215e+002  4.3674526e+002
  4.2062117e+002  4.3784330e+002
  4.2044845e+002  4.3882319e+002
  4.1973684e+002  4.3981575e+002
  4.1953276e+002  4.4080507e+002
  4.1935244e+002  4.4180848e+002
  4.1876443e+002  4.4282475e+002
  4.1856693e+002  4.4387664e+002
  4.1834603e+002  4.4493591e+002
  4.1766503e+002  4.4593261e+002
  4.1737747e+002  4.4687941e+002
  4.1667111e+002  4.4787157e+002
  4.1644329e+002  4.4889454e+002
  4.1591910e+002  4.4994238e+002
  4.1575173e+002  4.5091344e+002
  4.1558021e+002  4.5193670e+002
  4.1536206e+002  4.5290727e+002
  4.1481843e+002  4.5395114e+002
  4.1465173e+002  4.5497033e+002
  4.1448151e+002  4.5601551e+002
  4.1394899e+002  4.5702045e+002
  4.1381105e+002  4.5795564e+002
  4.1370604e+002  4.5891997e+002
  4.1362943e+002  4.5990103e+002
  4.1360121e+002  4.6095647e+002
  4.1357437e+002  4.6199736e+002
  4.1352646e+002  4.6303254e+002
  4.1341244e+002  4.6401923e+002
  4.1298792e+002  4.6506689e+002
  4.1293108e+002  4.6603854e+002
  4.1294038e+002  4.6701859e+002
  4.1295175e+002  4.6800453e+002
  4.1290754e+002  4.6903430e+002
  4.1284456e+002  4.7005303e+002
  4.1283525e+002  4.7103535e+002
  4.1283380e+002  4.7201468e+002
  4.1280976e+002  4.7302205e+002
  4.1278931e+002  4.7402668e+002
  4.1281729e+002  4.7515367e+002
  4.1290615e+002  4.7612246e+002
  4.1297087e+002  4.7707446e+002
  4.1302987e+002  4.7803966e+002
  4.1307996e+002  4.7901818e+002
  4.1307080e+002  4.8001822e+002
  4.1305603e+002  4.8103338e+002
  4.1304245e+002  4.8212263e+002
  4.1313767e+002  4.8307646e+002
  4.1320043e+002  4.8423507e+002
  4.1327915e+002  4.8521297e+002
  4.1339580e+002  4.8618200e+002
  4.1354053e+002  4.8711841e+002
  4.1406602e+002  4.8811718e+002
  4.1423473e+002  4.8906047e+002
  4.1441696e+002  4.9000785e+002
  4.1455690e+002  4.9095621e+002
  4.1518949e+002  4.9197461e+002
  4.1529530e+002  4.9292529e+002
  4.1536352e+002  4.9386593e+002
  4.1546953e+002  4.9480698e+002
  4.1557722e+002  4.9575270e+002
  4.1626632e+002  4.9690454e+002
  4.1647070e+002  4.9783779e+002
  4.1682832e+002  4.9870771e+002
  4.1764763e+002  4.9980336e+002
  4.1846072e+002  5.0092366e+002
  4.1848839e+002  5.0164090e+002
  4.1861196e+002  5.0248101e+002
