0.002923453   8.498705896e-008    8.900616618e-020    296.650
0.004510639   2.364623686e-007    9.451120320e-020    296.650
0.004514850   1.469107163e-007    3.387125827e-019    296.650
0.003252461   7.610017580e-008    1.085579086e-019    296.650
0.002870066   1.065669099e-007    1.111281792e-019    296.650
0.003193304   3.674427460e-008    2.877659969e-019    296.650
0.003193761   3.941628673e-008    2.787281029e-019    296.650
0.003202695   1.044335640e-007    1.569691124e-019    296.650
0.003397896   2.140448288e-007    1.848233339e-019    296.650
0.002533790   4.697222788e-008    1.555769209e-019    296.650
0.002988063   1.354355229e-007    1.423489607e-019    296.650
0.003326642   1.883300350e-007    9.938787909e-020    296.650
0.002929737   1.117018714e-007    2.053620544e-019    296.650
0.005715546   5.923184605e-008    1.794558072e-019    296.650
0.002866306   9.200826694e-008    1.000459986e-019    296.650
0.005588745   1.196140519e-007    2.627401942e-019    296.650
0.002988465   1.230740649e-007    1.733543565e-019    296.650
