0.001984627   1.464716048e-007    5.207981771e-020    296.650
0.001458099   8.654471968e-008    4.086963505e-020    296.650
0.002742623   1.922832650e-007    5.311026984e-020    296.650
0.002456393   1.156322385e-007    5.487996318e-020    296.650
0.001948840   1.436841810e-007    3.438028045e-020    296.650
0.002848191   1.637970575e-007    4.729954516e-020    296.650
0.002200397   1.269699746e-007    8.608692099e-020    296.650
0.002254015   1.040822847e-007    7.317987804e-020    296.650
0.002251446   1.136497376e-007    4.675448739e-020    296.650
0.001964238   1.039615594e-007    5.554309733e-020    296.650
0.001500220   2.164798483e-007    5.055368600e-020    296.650
0.001953850   1.398385378e-007    3.748043807e-020    296.650

