1.825296072e-001       6.660e-002
1.799928873e-001       1.332e-001
1.775857540e-001       1.998e-001
1.706588383e-001       2.664e-001
1.672958074e-001       3.330e-001
1.668177027e-001       3.996e-001
1.642533097e-001       4.662e-001
1.640607553e-001       5.328e-001
1.635918250e-001       5.994e-001
1.627494698e-001       6.660e-001
1.608077054e-001       7.326e-001
1.629814943e-001       7.992e-001
1.595793781e-001       8.658e-001
1.583690043e-001       9.324e-001
1.593513246e-001       9.990e-001
1.562272428e-001       1.066e+000
1.578420522e-001       1.132e+000
1.574097272e-001       1.199e+000
1.583552600e-001       1.265e+000
1.612315958e-001       1.332e+000
1.568276932e-001       1.399e+000
1.609374015e-001       1.465e+000
1.604062160e-001       1.532e+000
1.590998209e-001       1.598e+000
1.568507822e-001       1.665e+000
1.555408251e-001       1.732e+000
1.497087517e-001       1.798e+000
1.498354648e-001       1.865e+000
1.522095816e-001       1.931e+000
1.509089936e-001       1.998e+000
1.516312695e-001       2.065e+000
1.534282639e-001       2.131e+000
1.513995856e-001       2.198e+000
1.506173565e-001       2.264e+000
1.518977592e-001       2.331e+000
1.508908579e-001       2.398e+000
1.478918576e-001       2.464e+000
1.486382912e-001       2.531e+000
1.470550470e-001       2.597e+000
1.459623169e-001       2.664e+000
1.430334536e-001       2.731e+000
1.414345760e-001       2.797e+000
1.365936593e-001       2.864e+000
1.391915261e-001       2.930e+000
1.397945026e-001       2.997e+000
1.361469657e-001       3.064e+000
1.381925552e-001       3.130e+000
1.409513862e-001       3.197e+000
1.373035089e-001       3.263e+000
1.391161942e-001       3.330e+000
1.378070961e-001       3.397e+000
1.359232905e-001       3.463e+000
1.365876266e-001       3.530e+000
1.379620023e-001       3.596e+000
1.333690900e-001       3.663e+000
1.344948294e-001       3.730e+000
1.364953473e-001       3.796e+000
1.333630104e-001       3.863e+000
1.337011190e-001       3.929e+000
1.377190499e-001       3.996e+000
1.353702730e-001       4.063e+000
1.345750213e-001       4.129e+000
1.322247864e-001       4.196e+000
1.327079568e-001       4.262e+000
1.309332316e-001       4.329e+000
1.303301227e-001       4.396e+000
1.292327638e-001       4.462e+000
1.304108077e-001       4.529e+000
1.290079805e-001       4.595e+000
1.307354233e-001       4.662e+000
1.327864274e-001       4.729e+000
1.304188089e-001       4.795e+000
1.302300490e-001       4.862e+000
1.303210794e-001       4.928e+000
1.237655269e-001       4.995e+000
1.264233043e-001       5.062e+000
1.232524639e-001       5.128e+000
1.209244131e-001       5.195e+000
1.204387382e-001       5.261e+000
1.209093113e-001       5.328e+000
1.179934425e-001       5.395e+000
1.197366032e-001       5.461e+000
1.206410651e-001       5.528e+000
1.190570364e-001       5.594e+000
1.192033440e-001       5.661e+000
1.197128745e-001       5.728e+000
1.192141741e-001       5.794e+000
1.199848231e-001       5.861e+000
1.194702416e-001       5.927e+000
1.202337220e-001       5.994e+000
1.207237102e-001       6.061e+000
1.180607801e-001       6.127e+000
1.178145691e-001       6.194e+000
1.164837456e-001       6.260e+000
1.151722008e-001       6.327e+000
1.166749450e-001       6.394e+000
1.122251646e-001       6.460e+000
1.126144639e-001       6.527e+000
1.156840071e-001       6.593e+000
1.119717395e-001       6.660e+000
1.113833799e-001       6.727e+000
1.121018947e-001       6.793e+000
1.074389554e-001       6.860e+000
1.095739524e-001       6.926e+000
1.063177548e-001       6.993e+000
1.096869992e-001       7.060e+000
1.091071065e-001       7.126e+000
1.090562468e-001       7.193e+000
1.072137141e-001       7.259e+000
1.057795211e-001       7.326e+000
1.056961255e-001       7.393e+000
1.033723666e-001       7.459e+000
1.041862563e-001       7.526e+000
1.037807006e-001       7.592e+000
1.011595095e-001       7.659e+000
1.037647208e-001       7.726e+000
9.996696346e-002       7.792e+000
1.014500635e-001       7.859e+000
1.032226345e-001       7.925e+000
1.048907335e-001       7.992e+000
1.058140204e-001       8.059e+000
1.060988761e-001       8.125e+000
1.047957050e-001       8.192e+000
1.053382583e-001       8.258e+000
1.026245661e-001       8.325e+000
1.018656923e-001       8.392e+000
1.012061140e-001       8.458e+000
1.012999171e-001       8.525e+000
9.881697815e-002       8.591e+000
9.872294434e-002       8.658e+000
9.947156077e-002       8.725e+000
9.736768769e-002       8.791e+000
9.777659437e-002       8.858e+000
9.746955210e-002       8.924e+000
9.552312788e-002       8.991e+000
9.376934941e-002       9.058e+000
9.393213601e-002       9.124e+000
9.533741281e-002       9.191e+000
9.520458574e-002       9.257e+000
9.647893812e-002       9.324e+000
9.414509249e-002       9.391e+000
9.563614659e-002       9.457e+000
9.437302899e-002       9.524e+000
9.481297773e-002       9.590e+000
9.293659428e-002       9.657e+000
9.519510571e-002       9.724e+000
9.381099508e-002       9.790e+000
9.285919245e-002       9.857e+000
9.400926868e-002       9.923e+000
9.443331618e-002       9.990e+000
9.425661777e-002       1.006e+001
9.864640436e-002       1.012e+001
9.893016872e-002       1.019e+001
1.001379754e-001       1.026e+001
9.901141893e-002       1.032e+001
1.026063294e-001       1.039e+001
1.005957999e-001       1.046e+001
9.784735477e-002       1.052e+001
9.687188224e-002       1.059e+001
9.654048994e-002       1.066e+001
9.632335125e-002       1.072e+001
9.548138317e-002       1.079e+001
9.581788775e-002       1.086e+001
9.625938757e-002       1.092e+001
9.233075217e-002       1.099e+001
9.363123815e-002       1.106e+001
9.191696283e-002       1.112e+001
8.986737800e-002       1.119e+001
8.970396344e-002       1.126e+001
8.879156514e-002       1.132e+001
8.682426697e-002       1.139e+001
8.762087235e-002       1.146e+001
8.741402527e-002       1.152e+001
8.576392799e-002       1.159e+001
8.731135438e-002       1.166e+001
8.833474267e-002       1.172e+001
8.589554432e-002       1.179e+001
8.830338123e-002       1.185e+001
8.526726615e-002       1.192e+001
8.394110586e-002       1.199e+001
8.380502348e-002       1.205e+001
8.206172357e-002       1.212e+001
7.947625520e-002       1.219e+001
8.042826532e-002       1.225e+001
8.083547034e-002       1.232e+001
7.998676420e-002       1.239e+001
8.105797578e-002       1.245e+001
8.089600472e-002       1.252e+001
8.008725933e-002       1.259e+001
7.742605777e-002       1.265e+001
7.716021664e-002       1.272e+001
7.704309505e-002       1.279e+001
7.858582023e-002       1.285e+001
7.817007783e-002       1.292e+001
7.659849458e-002       1.299e+001
7.541180921e-002       1.305e+001
7.285506616e-002       1.312e+001
7.380101985e-002       1.319e+001
7.230033718e-002       1.325e+001
7.272289029e-002       1.332e+001
7.166897226e-002       1.339e+001
7.123512571e-002       1.345e+001
7.133749909e-002       1.352e+001
6.959073574e-002       1.359e+001
6.994242556e-002       1.365e+001
6.916792943e-002       1.372e+001
6.827207213e-002       1.379e+001
6.862694044e-002       1.385e+001
6.643269796e-002       1.392e+001
6.599031912e-002       1.399e+001
6.797909211e-002       1.405e+001
6.745129531e-002       1.412e+001
6.812749155e-002       1.419e+001
6.829986148e-002       1.425e+001
6.824357979e-002       1.432e+001
6.797379367e-002       1.439e+001
6.870092037e-002       1.445e+001
6.710822329e-002       1.452e+001
6.488945569e-002       1.459e+001
6.599513191e-002       1.465e+001
6.292579359e-002       1.472e+001
6.377672678e-002       1.479e+001
6.445385671e-002       1.485e+001
6.510023819e-002       1.492e+001
6.499441074e-002       1.499e+001
6.652348180e-002       1.505e+001
6.649263299e-002       1.512e+001
6.712099018e-002       1.518e+001
6.617259026e-002       1.525e+001
6.613077790e-002       1.532e+001
6.064054077e-002       1.538e+001
6.077900198e-002       1.545e+001
6.098608339e-002       1.552e+001
5.977743719e-002       1.558e+001
5.965319479e-002       1.565e+001
5.909115785e-002       1.572e+001
6.086951763e-002       1.578e+001
6.196048417e-002       1.585e+001
6.075755183e-002       1.592e+001
6.123377157e-002       1.598e+001
6.064159713e-002       1.605e+001
5.970560624e-002       1.612e+001
5.878050588e-002       1.618e+001
5.842925149e-002       1.625e+001
5.881700396e-002       1.632e+001
5.966138779e-002       1.638e+001
5.870115535e-002       1.645e+001
6.029467943e-002       1.652e+001
5.926747190e-002       1.658e+001
5.814147962e-002       1.665e+001
5.687206171e-002       1.672e+001
5.630095272e-002       1.678e+001
5.705525044e-002       1.685e+001
5.310090804e-002       1.692e+001
5.284004314e-002       1.698e+001
5.336505627e-002       1.705e+001
5.186246776e-002       1.712e+001
5.217901231e-002       1.718e+001
5.227581272e-002       1.725e+001
5.365466236e-002       1.732e+001
5.277056350e-002       1.738e+001
5.329070257e-002       1.745e+001
5.388246368e-002       1.752e+001
5.300604253e-002       1.758e+001
5.317865581e-002       1.765e+001
5.145745629e-002       1.772e+001
4.963983195e-002       1.778e+001
4.983891050e-002       1.785e+001
4.850828281e-002       1.792e+001
4.630142304e-002       1.798e+001
4.556760853e-002       1.805e+001
4.542030888e-002       1.812e+001
4.453133992e-002       1.818e+001
4.457549821e-002       1.825e+001
4.525299550e-002       1.832e+001
4.621530640e-002       1.838e+001
4.700400549e-002       1.845e+001
4.535125321e-002       1.851e+001
4.362363414e-002       1.858e+001
4.274564106e-002       1.865e+001
3.984911998e-002       1.871e+001
4.063044493e-002       1.878e+001
3.949875046e-002       1.885e+001
4.047806353e-002       1.891e+001
4.005683833e-002       1.898e+001
4.070647374e-002       1.905e+001
3.954229782e-002       1.911e+001
3.834070224e-002       1.918e+001
3.764459304e-002       1.925e+001
3.517509284e-002       1.931e+001
3.493502451e-002       1.938e+001
3.214974125e-002       1.945e+001
3.216835544e-002       1.951e+001
3.149990352e-002       1.958e+001
3.242860589e-002       1.965e+001
3.167862564e-002       1.971e+001
3.179963006e-002       1.978e+001
3.182508309e-002       1.985e+001
3.154968586e-002       1.991e+001
3.078627127e-002       1.998e+001
3.076473725e-002       2.005e+001
2.999958133e-002       2.011e+001
2.730967203e-002       2.018e+001
2.753369022e-002       2.025e+001
2.640922193e-002       2.031e+001
2.710180792e-002       2.038e+001
2.699281904e-002       2.045e+001
2.675167976e-002       2.051e+001
2.693696259e-002       2.058e+001
2.694364346e-002       2.065e+001
2.524166242e-002       2.071e+001
2.468205010e-002       2.078e+001
2.575303556e-002       2.085e+001
2.456016140e-002       2.091e+001
2.471865372e-002       2.098e+001
2.511469124e-002       2.105e+001
2.490861638e-002       2.111e+001
2.415782383e-002       2.118e+001
2.367934739e-002       2.125e+001
2.326742902e-002       2.131e+001
2.263369099e-002       2.138e+001
2.149335763e-002       2.145e+001
2.025522665e-002       2.151e+001
1.948710316e-002       2.158e+001
1.872130477e-002       2.165e+001
1.824784672e-002       2.171e+001
1.798222292e-002       2.178e+001
1.786116930e-002       2.184e+001
1.765694204e-002       2.191e+001
1.623099064e-002       2.198e+001
1.669710763e-002       2.204e+001
1.494826791e-002       2.211e+001
1.565768046e-002       2.218e+001
1.505712998e-002       2.224e+001
1.462030202e-002       2.231e+001
1.570738470e-002       2.238e+001
1.500163057e-002       2.244e+001
1.426273849e-002       2.251e+001
1.455241639e-002       2.258e+001
1.343009317e-002       2.264e+001
1.185093899e-002       2.271e+001
1.026819456e-002       2.278e+001
8.744842335e-003       2.284e+001
8.431783943e-003       2.291e+001
6.774554722e-003       2.298e+001
7.721289637e-003       2.304e+001
6.921201948e-003       2.311e+001
6.918733707e-003       2.318e+001
7.239744289e-003       2.324e+001
6.236435699e-003       2.331e+001
6.307367368e-003       2.338e+001
5.760711202e-003       2.344e+001
4.718393506e-003       2.351e+001
4.780596176e-003       2.358e+001
5.094399336e-003       2.364e+001
3.686985865e-003       2.371e+001
5.373468976e-003       2.378e+001
3.208375740e-003       2.384e+001
4.616478115e-003       2.391e+001
3.563940390e-003       2.398e+001
2.160868048e-003       2.404e+001
2.974528725e-003       2.411e+001
1.456314608e-003       2.418e+001
8.351062541e-004       2.424e+001
3.988002408e-004       2.431e+001
1.089618144e-006       2.438e+001
