2.085085180e-001       6.660e-002
1.239827775e-001       1.332e-001
1.005943591e-001       1.998e-001
8.347586404e-002       2.664e-001
9.177389254e-002       3.330e-001
3.074440314e-002       3.996e-001
7.930738433e-002       4.662e-001
1.207319521e-001       5.328e-001
1.007469321e-001       5.994e-001
7.418921771e-002       6.660e-001
7.695314326e-002       7.326e-001
9.727178187e-002       7.992e-001
8.514527003e-002       8.658e-001
5.950886115e-002       9.324e-001
1.062148193e-001       9.990e-001
1.376770463e-001       1.066e+000
1.060239481e-001       1.132e+000
9.906909802e-002       1.199e+000
7.208270131e-002       1.265e+000
4.603381016e-002       1.332e+000
2.907117011e-002       1.399e+000
1.301267464e-002       1.465e+000
4.224478789e-002       1.532e+000
6.288365546e-002       1.598e+000
8.045633736e-002       1.665e+000
2.849319121e-002       1.732e+000
4.225438049e-002       1.798e+000
4.773014623e-002       1.865e+000
3.096154671e-002       1.931e+000
1.911856214e-002       1.998e+000
3.648822196e-002       2.065e+000
8.495474837e-002       2.131e+000
8.049763391e-002       2.198e+000
1.014458107e-001       2.264e+000
7.158145415e-002       2.331e+000
2.835425378e-002       2.398e+000
3.492800089e-002       2.464e+000
1.341474538e-002       2.531e+000
2.395689686e-002       2.597e+000
5.868137412e-002       2.664e+000
5.316672840e-002       2.731e+000
6.928848439e-002       2.797e+000
6.344673438e-002       2.864e+000
5.298158090e-002       2.930e+000
6.239974248e-002       2.997e+000
6.542432540e-002       3.064e+000
3.499970261e-002       3.130e+000
3.021806885e-002       3.197e+000
6.071480180e-002       3.263e+000
6.215377300e-002       3.330e+000
5.065974263e-002       3.397e+000
7.358113626e-002       3.463e+000
8.463316580e-002       3.530e+000
9.347370292e-002       3.596e+000
5.835740994e-002       3.663e+000
5.325862483e-002       3.730e+000
5.357321997e-002       3.796e+000
4.868569466e-002       3.863e+000
6.034116264e-002       3.929e+000
6.261584197e-002       3.996e+000
8.887381576e-002       4.063e+000
9.373920006e-002       4.129e+000
7.194931840e-002       4.196e+000
7.877677905e-002       4.262e+000
1.010021405e-001       4.329e+000
1.112135108e-001       4.396e+000
1.012667836e-001       4.462e+000
9.071390104e-002       4.529e+000
9.454660589e-002       4.595e+000
8.053343415e-002       4.662e+000
5.697751301e-002       4.729e+000
6.055565195e-002       4.795e+000
7.225331814e-002       4.862e+000
7.617227140e-002       4.928e+000
8.570772137e-002       4.995e+000
4.044913969e-002       5.062e+000
8.385255422e-002       5.128e+000
9.501475689e-002       5.195e+000
9.122929516e-002       5.261e+000
1.035526919e-001       5.328e+000
5.922292254e-002       5.395e+000
7.116121799e-002       5.461e+000
4.830345596e-002       5.528e+000
7.657036098e-002       5.594e+000
7.186539191e-002       5.661e+000
3.752863288e-002       5.728e+000
7.122553182e-002       5.794e+000
6.828760934e-002       5.861e+000
5.418005768e-002       5.927e+000
4.175793706e-002       5.994e+000
5.399397738e-002       6.061e+000
5.618415526e-002       6.127e+000
6.259468486e-002       6.194e+000
6.222179579e-002       6.260e+000
6.050496262e-002       6.327e+000
6.288433109e-002       6.394e+000
6.169330004e-002       6.460e+000
5.900406623e-002       6.527e+000
4.617566755e-002       6.593e+000
4.778285669e-002       6.660e+000
3.540001134e-002       6.727e+000
2.856092532e-002       6.793e+000
4.271025303e-002       6.860e+000
4.602366295e-002       6.926e+000
4.550888209e-002       6.993e+000
5.804618330e-002       7.060e+000
5.773719240e-002       7.126e+000
5.754155639e-002       7.193e+000
8.144528590e-002       7.259e+000
3.709153587e-002       7.326e+000
1.303868648e-002       7.393e+000
5.296749326e-002       7.459e+000
3.215252750e-002       7.526e+000
5.068798581e-002       7.592e+000
3.787287978e-002       7.659e+000
4.679177325e-002       7.726e+000
5.713781923e-002       7.792e+000
3.931670121e-002       7.859e+000
4.948231606e-002       7.925e+000
6.681415961e-002       7.992e+000
6.637270031e-002       8.059e+000
8.239998150e-002       8.125e+000
4.836545362e-002       8.192e+000
5.077078472e-002       8.258e+000
5.579982232e-002       8.325e+000
3.816955402e-002       8.392e+000
7.730228910e-002       8.458e+000
7.601910173e-002       8.525e+000
5.848004999e-002       8.591e+000
2.641244398e-002       8.658e+000
2.413221709e-002       8.725e+000
5.063057467e-002       8.791e+000
6.040498115e-002       8.858e+000
6.033653689e-002       8.924e+000
3.972323506e-002       8.991e+000
3.977440205e-002       9.058e+000
5.150486430e-002       9.124e+000
4.449718858e-002       9.191e+000
1.482913588e-002       9.257e+000
3.524672293e-002       9.324e+000
3.803735073e-002       9.391e+000
1.997140750e-003       9.457e+000
3.253167645e-002       9.524e+000
5.853224753e-002       9.590e+000
5.190035201e-002       9.657e+000
3.647456971e-002       9.724e+000
6.017584234e-003       9.790e+000
1.099073172e-002       9.857e+000
2.971936317e-002       9.923e+000
2.512193155e-002       9.990e+000
3.749895565e-003       1.006e+001
4.146175774e-002       1.012e+001
3.827429745e-002       1.019e+001
2.054867032e-002       1.026e+001
1.235099745e-002       1.032e+001
1.999910175e-002       1.039e+001
3.402911514e-002       1.046e+001
2.046974358e-002       1.052e+001
3.880022124e-002       1.059e+001
3.217593452e-002       1.066e+001
5.172102510e-002       1.072e+001
6.641099267e-002       1.079e+001
1.150548645e-002       1.086e+001
8.894957984e-003       1.092e+001
3.055209062e-003       1.099e+001
4.630208428e-002       1.106e+001
4.785302055e-002       1.112e+001
5.401255449e-002       1.119e+001
6.885581809e-002       1.126e+001
4.238268908e-002       1.132e+001
4.445447675e-002       1.139e+001
3.119404996e-002       1.146e+001
5.949899779e-003       1.152e+001
2.006757077e-002       1.159e+001
2.282348739e-002       1.166e+001
-4.223795208e-004       1.172e+001
2.483260061e-002       1.179e+001
4.060608842e-002       1.185e+001
5.559113005e-002       1.192e+001
4.785611328e-002       1.199e+001
5.797051387e-002       1.205e+001
4.620333390e-002       1.212e+001
3.899716121e-002       1.219e+001
4.431173799e-002       1.225e+001
2.787744626e-002       1.232e+001
6.404856734e-002       1.239e+001
5.812639427e-002       1.245e+001
2.687246220e-002       1.252e+001
5.490696557e-002       1.259e+001
3.449000937e-002       1.265e+001
1.913573795e-002       1.272e+001
1.098037543e-002       1.279e+001
2.008740864e-002       1.285e+001
4.545495236e-002       1.292e+001
2.021070968e-002       1.299e+001
1.269076373e-002       1.305e+001
3.192077866e-002       1.312e+001
3.520190556e-002       1.319e+001
3.146992720e-002       1.325e+001
2.739942984e-003       1.332e+001
8.697811769e-003       1.339e+001
4.064200778e-002       1.345e+001
6.144860843e-003       1.352e+001
9.718853089e-003       1.359e+001
8.227885594e-003       1.365e+001
1.219175807e-002       1.372e+001
1.431253510e-002       1.379e+001
-3.279159054e-002       1.385e+001
-1.554508640e-002       1.392e+001
-8.892253083e-003       1.399e+001
-6.659079980e-003       1.405e+001
1.343986779e-002       1.412e+001
2.282309463e-002       1.419e+001
2.355962505e-002       1.425e+001
3.527599780e-003       1.432e+001
-2.704087527e-002       1.439e+001
-1.648984829e-002       1.445e+001
6.315824809e-003       1.452e+001
-2.824190169e-002       1.459e+001
-4.260584941e-003       1.465e+001
1.372876802e-002       1.472e+001
2.939624428e-002       1.479e+001
2.767557863e-002       1.485e+001
1.437594895e-002       1.492e+001
1.605854813e-002       1.499e+001
6.827914126e-003       1.505e+001
-9.386208205e-003       1.512e+001
4.025753875e-003       1.518e+001
1.423613940e-002       1.525e+001
8.891124844e-003       1.532e+001
2.632872424e-002       1.538e+001
1.520359990e-002       1.545e+001
1.292877884e-002       1.552e+001
1.030917818e-003       1.558e+001
3.103358603e-003       1.565e+001
1.496320173e-002       1.572e+001
3.529791044e-002       1.578e+001
1.990710262e-002       1.585e+001
3.030917027e-002       1.592e+001
2.367500216e-002       1.598e+001
3.510883307e-002       1.605e+001
1.583947642e-002       1.612e+001
4.715749073e-003       1.618e+001
1.349225844e-002       1.625e+001
2.180527245e-002       1.632e+001
3.835501236e-002       1.638e+001
4.166165298e-002       1.645e+001
3.263897038e-002       1.652e+001
4.130850014e-002       1.658e+001
3.480102838e-002       1.665e+001
1.208946273e-002       1.672e+001
1.191985793e-002       1.678e+001
1.431667538e-002       1.685e+001
2.915904490e-002       1.692e+001
3.967707161e-002       1.698e+001
4.209779446e-002       1.705e+001
2.091459249e-002       1.712e+001
1.693072987e-002       1.718e+001
3.020848690e-002       1.725e+001
2.134408336e-002       1.732e+001
1.507191550e-002       1.738e+001
1.150830583e-002       1.745e+001
2.363529829e-002       1.752e+001
4.601216539e-002       1.758e+001
3.769305872e-002       1.765e+001
3.743502953e-002       1.772e+001
1.841995818e-002       1.778e+001
1.208432390e-002       1.785e+001
-1.138044953e-002       1.792e+001
-1.892250144e-002       1.798e+001
5.466632124e-003       1.805e+001
-5.441276952e-003       1.812e+001
-4.580818306e-003       1.818e+001
1.768731168e-003       1.825e+001
-4.314693459e-003       1.832e+001
-1.045791580e-002       1.838e+001
-1.026713109e-003       1.845e+001
1.064735443e-002       1.851e+001
1.155234298e-002       1.858e+001
1.250446529e-002       1.865e+001
8.008134856e-003       1.871e+001
6.002935439e-003       1.878e+001
-9.771808021e-003       1.885e+001
-1.249531754e-002       1.891e+001
-3.414016035e-002       1.898e+001
-2.366338648e-002       1.905e+001
-1.088878167e-002       1.911e+001
6.960468329e-004       1.918e+001
1.616065505e-002       1.925e+001
4.648203653e-003       1.931e+001
7.713431811e-003       1.938e+001
-1.651154058e-002       1.945e+001
-3.332839803e-003       1.951e+001
-2.684467495e-002       1.958e+001
-1.428670800e-002       1.965e+001
-2.983442493e-003       1.971e+001
-8.425983162e-003       1.978e+001
5.508345641e-003       1.985e+001
-1.062237935e-002       1.991e+001
-3.761753560e-003       1.998e+001
-7.872076876e-003       2.005e+001
-1.124609290e-002       2.011e+001
-1.178114130e-002       2.018e+001
-1.038503924e-002       2.025e+001
1.619925488e-002       2.031e+001
1.137488933e-002       2.038e+001
3.826151250e-004       2.045e+001
-2.780878745e-003       2.051e+001
-4.093517499e-003       2.058e+001
1.222507868e-003       2.065e+001
7.170398033e-003       2.071e+001
2.680843286e-003       2.078e+001
1.377976452e-002       2.085e+001
7.203256476e-003       2.091e+001
1.704411719e-003       2.098e+001
1.294286892e-002       2.105e+001
-9.538462049e-003       2.111e+001
-1.998072283e-003       2.118e+001
-6.844763179e-003       2.125e+001
4.675096445e-003       2.131e+001
1.456242790e-002       2.138e+001
8.562722961e-003       2.145e+001
1.571294106e-002       2.151e+001
1.135214313e-002       2.158e+001
6.942061233e-003       2.165e+001
3.985822005e-003       2.171e+001
8.809913725e-003       2.178e+001
5.677908930e-003       2.184e+001
1.067042359e-002       2.191e+001
1.651417860e-002       2.198e+001
6.540261841e-003       2.204e+001
1.263903209e-002       2.211e+001
1.870867018e-002       2.218e+001
9.979912309e-003       2.224e+001
4.026196712e-004       2.231e+001
-2.003733970e-003       2.238e+001
-3.714938448e-004       2.244e+001
6.995586480e-003       2.251e+001
-1.042708571e-003       2.258e+001
-1.541808407e-003       2.264e+001
-2.593787787e-003       2.271e+001
-5.435531912e-003       2.278e+001
4.304842239e-004       2.284e+001
2.592954154e-003       2.291e+001
1.437537361e-002       2.298e+001
1.390508932e-002       2.304e+001
1.047855513e-002       2.311e+001
5.926955891e-003       2.318e+001
4.820972095e-003       2.324e+001
4.061744768e-003       2.331e+001
-2.198945770e-003       2.338e+001
2.123903759e-003       2.344e+001
2.241395009e-003       2.351e+001
1.091392078e-003       2.358e+001
6.094053396e-003       2.364e+001
2.783318630e-003       2.371e+001
3.593724853e-003       2.378e+001
5.856808609e-003       2.384e+001
2.312440400e-003       2.391e+001
6.769319240e-004       2.398e+001
2.268569533e-007       2.404e+001
-1.183733458e-003       2.411e+001
-3.229769869e-003       2.418e+001
-3.665858145e-003       2.424e+001
-1.440400361e-003       2.431e+001
-3.935520111e-006       2.438e+001
