0.001978861   1.369427615e-007    1.002808975e-019    296.650
0.001897245   2.479555169e-007    4.032816136e-020    296.650
0.001934522   5.226711077e-008    6.628725367e-020    296.650
0.002208366   1.432273184e-007    3.879185058e-020    296.650
0.002388619   1.626379929e-007    2.482978667e-020    296.650
0.004849896   2.362033601e-007    5.989255849e-020    296.650
0.004105060   3.148058437e-007    9.833449733e-020    296.650
0.004891729   1.289637180e-007    1.390409110e-019    296.650
0.001795536   1.448345133e-007    1.023194913e-019    296.650
0.003962032   1.489904811e-007    1.409171174e-019    296.650
0.005167202   9.296405652e-008    3.310670063e-019    296.650
0.004834841   1.185519076e-007    6.076062265e-020    296.650
0.003961275   3.635184705e-007    1.071053904e-019    296.650
0.002072784   1.631324616e-007    5.927373697e-020    296.650
