0.002201352   6.952414597e-008    6.310757683e-021    296.650
0.002117956   3.939020521e-009    2.181354935e-020    296.650
0.002117956   3.939020521e-009    2.181354935e-020    296.650
0.002117956   2.813158987e-010    2.816117509e-020    296.650
0.002152663   -2.098569780e-009    4.136059974e-020    296.650
0.002152663   -1.491565615e-008    6.307981764e-020    296.650
0.002152663   1.112208363e-008    2.120791660e-020    296.650
0.002182623   -2.469860209e-009    3.024435461e-020    296.650
0.002117956   3.297120523e-009    2.296729139e-020    296.650
0.002117956   2.323470210e-010    2.828400815e-020    296.650
0.002117956   3.939020521e-009    2.181354935e-020    296.650
0.002306057   4.500263836e-008    1.019278482e-020    296.650
0.002201352   2.306371341e-008    1.021783759e-019    296.650
0.002201352   7.068447779e-008    5.035265195e-021    296.650
0.002190076   2.357100873e-009    9.846158515e-020    296.650
0.002190076   -1.474821856e-008    1.453519428e-019    296.650
0.003831353   4.168476035e-008    1.353574520e-020    296.650
0.003213746   -2.063891156e-009    9.397961453e-021    296.650
0.003213746   -2.069671303e-009    9.423883901e-021    296.650
0.003903211   8.695709209e-008    1.937511943e-021    296.650
0.003935960   -2.013545475e-009    1.796201359e-019    296.650
0.003935960   -2.081875076e-009    1.805729992e-019    296.650
0.003970323   6.204581222e-008    9.098358864e-020    296.650
0.003970323   5.893664207e-008    1.109081508e-019    296.650
0.003976905   -4.439848374e-008    6.272845982e-019    296.650
0.003970323   5.893664207e-008    1.109081508e-019    296.650
0.003976905   -4.439848374e-008    6.272845982e-019    296.650
0.003920848   3.346115859e-009    9.784901263e-021    296.650
0.003920848   3.407383437e-009    9.794991663e-021    296.650
0.003920848   3.367862753e-009    9.964776119e-021    296.650
0.003995827   8.388592565e-009    2.400508049e-020    296.650
0.003999543   -5.806941843e-008    7.143046759e-019    296.650
0.003999543   -4.517765159e-008    5.989941572e-019    296.650
0.003653097   5.180935712e+064    1.640680809e+050    296.650
0.003626266   3.267327076e-009    2.493583180e-020    296.650
0.003626266   4.634787246e-009    2.269323623e-020    296.650
0.003831353   1.275300856e-008    5.241933068e-020    296.650
0.003831353   1.063527945e-008    5.921253304e-020    296.650
0.003213746   -2.069671303e-009    9.423883901e-021    296.650
0.003213746   -2.091069129e-009    9.499891128e-021    296.650
0.003935960   2.213002289e-008    2.905603680e-020    296.650
0.003935960   1.407043581e-009    1.493152042e-019    296.650
0.003970323   7.576482718e-008    -4.418411744e-021    296.650
0.003976905   -4.744550246e-008    6.567136490e-019    296.650
0.004009636   1.611207161e-008    2.371672549e-019    296.650
0.003920848   3.140320460e-009    9.776554922e-021    296.650
0.003920848   3.420848698e-009    9.738154508e-021    296.650
0.003741402   1.859670501e-007    3.092185136e-019    296.650
0.003665391   6.870307827e-007    -6.708188384e-021    296.650
0.003665391   6.954840786e-007    -1.098946487e-020    296.650
0.003665391   6.980826298e-007    -1.576052554e-020    296.650
0.008093421   8.789025346e-008    1.028763645e-018    296.650
0.003741402   1.713324379e-007    3.986962562e-019    296.650
0.003741402   1.976440051e-007    2.472149099e-019    296.650
0.003741402   1.939811577e-007    2.660965198e-019    296.650
0.003741402   1.890622475e-007    2.908939195e-019    296.650
0.003741402   2.102879016e-007    1.861322504e-019    296.650
0.003741402   3.183207562e-007    -5.628629152e-021    296.650
0.003741402   1.890622475e-007    2.908939195e-019    296.650
0.003741402   1.890622475e-007    2.908939195e-019    296.650
0.003228162   1.146865297e-007    5.698448938e-020    296.650
0.003228162   1.065307687e-007    8.433609764e-020    296.650
0.003228162   9.714700228e-008    1.367659385e-019    296.650
0.003228162   9.714700228e-008    1.367659385e-019    296.650
0.003228162   9.714700228e-008    1.367659385e-019    296.650
0.003228162   1.031261096e-007    1.138289780e-019    296.650
0.003228162   9.402953170e-008    1.495106131e-019    296.650
0.003538065   2.114657441e-008    5.790481535e-019    296.650
0.003538065   1.111818963e-007    5.948431787e-020    296.650
0.003539283   1.942071068e-008    4.974122857e-020    296.650
0.003539283   2.928209627e-008    5.682368853e-021    296.650
0.003539283   2.928209627e-008    5.682368853e-021    296.650
0.003539283   2.775952975e-008    9.627865379e-021    296.650
0.003539283   2.746968761e-008    1.040847534e-020    296.650
0.003550274   5.085755322e-008    9.290810683e-020    296.650
0.003550274   4.225754135e-008    1.353766437e-019    296.650
0.003544835   -5.563446606e-008    2.881170332e-019    296.650
0.003544835   -2.681314728e-008    1.896875437e-019    296.650
0.003556178   -2.888558439e-008    4.010976087e-019    296.650
0.003556178   -3.270847278e-008    4.550900909e-019    296.650
0.003556178   -2.888558439e-008    4.010976087e-019    296.650
0.003556178   -3.740731241e-008    4.668004758e-019    296.650
0.003556178   2.108874383e-008    1.184302187e-019    296.650
0.003556178   2.039982143e-008    1.234217593e-019    296.650
0.003556178   2.075713511e-008    1.204361116e-019    296.650
0.003556178   1.590980435e-008    2.142280061e-019    296.650
0.003542267   -1.719385992e-008    1.916807540e-019    296.650
0.003542267   -1.660113802e-008    1.884749378e-019    296.650
0.003542267   2.507643395e-009    1.518934596e-019    296.650
0.003535309   1.485390012e-008    6.040076645e-020    296.650
0.003535309   2.462737783e-008    3.146905770e-020    296.650
0.003543782   1.598559646e-007    7.806765644e-020    296.650
0.003790964   -7.634426722e-010    9.675880102e-021    296.650
0.003532532   -3.715221065e-009    1.717247657e-019    296.650
0.003532532   7.237775063e-008    2.846549300e-020    296.650
0.003561019   -4.425332683e-009    8.944530196e-021    296.650
0.003561019   -4.418397828e-009    8.946387517e-021    296.650
0.003539888   5.492603754e-008    8.041523043e-020    296.650
0.003539888   6.032832624e-008    -1.876371472e-021    296.650
0.003539888   3.023513509e-008    4.795278351e-020    296.650
0.003543408   3.372788951e-008    3.492913161e-020    296.650
0.003712852   8.273854033e-008    2.252114785e-020    296.650
0.003837523   1.054363751e-009    1.337639458e-019    296.650
0.003837523   8.094383933e-008    2.920038112e-020    296.650
0.003837523   8.075768227e-008    2.975974560e-020    296.650
0.003893442   2.288781260e-008    2.122122764e-019    296.650
0.003893442   9.306224716e-008    2.668251904e-020    296.650
0.003905459   4.732888400e-008    5.957737936e-020    296.650
0.003923311   1.729314311e-008    1.736010630e-019    296.650
0.003923311   9.566464766e-009    2.039168123e-019    296.650
0.003923311   1.011171682e-008    2.001870265e-019    296.650
0.003923311   9.156218530e-009    2.067693831e-019    296.650
0.003931243   5.574018957e-008    2.596494962e-019    296.650
0.003875644   5.487091086e-008    7.188426425e-020    296.650
0.003804693   1.411574875e-007    -2.413593590e-021    296.650
0.003804693   1.440839224e-007    -4.370449597e-021    296.650
0.003730870   2.632772431e-007    1.054009777e-019    296.650
0.003670132   4.425387220e-007    1.988179447e-020    296.650
0.003670132   4.435760521e-007    -8.904432059e-021    296.650
0.003670132   4.182457404e-007    1.348161847e-019    296.650
0.003987851   2.437529338e-008    7.076193985e-020    296.650
0.004067915   3.070564886e-008    1.629953669e-019    296.650
0.004113209   6.554839528e-008    1.373417724e-019    296.650
0.004150943   3.400136835e-008    1.252378933e-019    296.650
0.004259999   4.134631466e-008    8.041178726e-020    296.650
0.004259999   3.920641458e-008    9.311528325e-020    296.650
0.004019301   1.025316018e-007    2.793327108e-019    296.650
0.004225802   1.890341237e-008    1.668964548e-019    296.650
0.003987851   2.514247687e-008    6.555149555e-020    296.650
0.003987851   2.444847596e-008    7.026727718e-020    296.650
0.003987851   3.050448971e-008    6.291735199e-020    296.650
0.003987851   3.050448971e-008    6.291735199e-020    296.650
0.004067915   3.096314875e-008    1.604482441e-019    296.650
0.004067915   -4.340819329e-008    4.815518842e-019    296.650
0.004067915   3.096314875e-008    1.604482441e-019    296.650
0.004113209   6.823463632e-008    1.209693654e-019    296.650
0.004150943   3.387971073e-008    1.259369223e-019    296.650
0.004259999   4.197756021e-008    7.687143589e-020    296.650
0.004225802   2.220689484e-008    1.413463923e-019    296.650
0.004042138   4.887704403e-009    9.593337368e-021    296.650
0.004226371   4.131879267e-008    1.342331594e-019    296.650
0.004268198   8.241271131e-008    1.470453508e-019    296.650
0.003648964   5.571986055e-009    1.123795683e-019    296.650
0.003648964   2.915312161e-009    1.266269426e-019    296.650
0.003648964   2.943783141e-009    1.266485120e-019    296.650
0.003648964   3.861820262e-009    1.218208883e-019    296.650
0.003648964   4.445202376e-009    1.187060105e-019    296.650
0.003648964   4.063381980e-009    1.204791570e-019    296.650
0.003648964   4.063381980e-009    1.204791570e-019    296.650
0.003648964   3.612487720e-009    1.233622517e-019    296.650
0.003696239   7.708229288e-009    9.744005878e-021    296.650
0.003696239   7.808861247e-009    9.730763780e-021    296.650
0.003696239   8.375593918e-009    1.983616126e-020    296.650
0.003626266   3.067098329e-009    2.535555407e-020    296.650
0.003626266   4.634787246e-009    2.269323623e-020    296.650
0.003789685   5.170985743e+064    1.531695044e+050    296.650
0.003831353   3.900790090e-008    2.136286474e-020    296.650
0.003213746   -2.056311730e-009    9.366859580e-021    296.650
0.003213746   -2.069671303e-009    9.423883901e-021    296.650
0.003903211   6.557607318e-008    2.635937634e-020    296.650
0.003935960   -1.171765910e-008    2.365517376e-019    296.650
0.003935960   -1.201786538e-008    2.390718921e-019    296.650
0.003935960   -2.627277017e-009    1.779344252e-019    296.650
0.003935960   -1.152971832e-008    2.357672095e-019    296.650
0.003970323   -2.126066549e-009    3.431332926e-019    296.650
0.003970323   -4.720070648e-009    3.593095350e-019    296.650
0.003976905   9.241504111e-008    -1.394556591e-021    296.650
0.003976905   9.220940246e-008    1.889087291e-021    296.650
0.003976905   8.838748954e-008    1.373490739e-020    296.650
0.003976905   8.828328209e-008    1.392449234e-020    296.650
0.003976905   8.813094509e-008    1.434046790e-020    296.650
0.003976905   -3.437466320e-008    5.115008308e-019    296.650
0.003976905   8.813094509e-008    1.434046790e-020    296.650
0.004009636   5.782506093e-008    2.765406958e-020    296.650
0.004009636   5.357801932e-008    4.154590151e-020    296.650
0.003995827   5.692258573e-009    2.551541655e-020    296.650
0.003920848   3.957682207e-009    9.673771971e-021    296.650
0.003920848   3.829002502e-009    9.762939365e-021    296.650
0.003920848   3.346115859e-009    9.784901263e-021    296.650
0.003920848   3.416045548e-009    9.714787125e-021    296.650
0.003920848   3.417704355e-009    9.706919399e-021    296.650
0.003741402   2.119087192e-007    1.787774312e-019    296.650
0.003741402   1.939811577e-007    2.660965198e-019    296.650
0.003741402   1.939811577e-007    2.660965198e-019    296.650
0.003741402   2.119087192e-007    1.787774312e-019    296.650
0.003741402   2.858250331e-007    2.909173173e-020    296.650
0.003741402   2.798663830e-007    4.570244299e-020    296.650
0.003741402   2.761639438e-007    5.835295320e-020    296.650
0.003741402   1.948401778e-007    2.616114104e-019    296.650
0.003677048   2.195339389e-007    -2.280347881e-021    296.650
0.003712852   7.804876038e-008    4.158592298e-020    296.650
0.003712852   8.273854033e-008    2.252114785e-020    296.650
0.003837523   1.054363751e-009    1.337639458e-019    296.650
0.003837523   -2.598134338e-009    1.868673813e-019    296.650
0.003837523   8.094383933e-008    2.920038112e-020    296.650
0.003837523   8.094383933e-008    2.920038112e-020    296.650
0.003893442   1.566550304e-008    2.417254548e-019    296.650
0.003905459   4.445429665e-008    9.268670748e-020    296.650
0.003923311   4.802941189e-008    1.224964779e-019    296.650
0.003923311   9.507706070e-009    2.043379273e-019    296.650
0.003931243   6.804105844e-008    1.841569565e-019    296.650
0.003875644   5.215511020e-008    8.661949858e-020    296.650
0.003804693   1.406244254e-007    1.183459669e-020    296.650
0.003804693   1.406244254e-007    1.183459669e-020    296.650
0.003804693   1.427549374e-007    -2.508251171e-021    296.650
0.003804693   1.411574875e-007    -2.413593590e-021    296.650
0.003730870   2.824559724e-007    -3.635099190e-021    296.650
0.003730870   2.724080501e-007    5.606220898e-020    296.650
0.003730870   2.200209812e-008    1.007297821e-018    296.650
0.003730870   5.418334769e-008    8.237314733e-019    296.650
0.003670132   3.716616154e-007    2.266147198e-019    296.650
0.003648964   2.915312161e-009    1.266269426e-019    296.650
0.003648964   5.571986055e-009    1.123795683e-019    296.650
0.003648964   2.943783141e-009    1.266485120e-019    296.650
0.003648964   2.943783141e-009    1.266485120e-019    296.650
0.003696239   2.168282503e-009    3.067776304e-020    296.650
0.003696239   8.504096711e-009    1.910929100e-020    296.650
0.003696239   8.504096711e-009    1.910929100e-020    296.650
0.003626266   3.305265784e-009    2.486786433e-020    296.650
0.003626266   4.193721704e-009    2.342466281e-020    296.650
0.003789685   5.183363588e+064    1.624848106e+050    296.650
0.003831353   4.319149467e-008    9.028348914e-021    296.650
0.003831353   4.080563766e-008    1.619669453e-020    296.650
0.003903211   2.531605105e-008    1.303618766e-019    296.650
0.003903211   8.695709209e-008    1.937511943e-021    296.650
0.003903211   5.951773156e-008    4.907935296e-020    296.650
0.003935960   -1.166618555e-008    2.370125418e-019    296.650
0.003970323   -5.878147027e-009    3.667590328e-019    296.650
0.003976905   7.080707316e-008    2.371516569e-020    296.650
0.004009636   2.928132226e-008    1.389012260e-019    296.650
0.003995827   5.692258573e-009    2.551541655e-020    296.650
0.003920848   3.957682207e-009    9.673771971e-021    296.650
0.003741402   2.798663830e-007    4.570244299e-020    296.650
0.003741402   1.939811577e-007    2.660965198e-019    296.650
0.003741402   2.798663830e-007    4.570244299e-020    296.650
0.003741402   1.890622475e-007    2.908939195e-019    296.650
0.003741402   1.713324379e-007    3.986962562e-019    296.650
0.003741402   1.948401778e-007    2.616114104e-019    296.650
0.003741402   1.992902775e-007    2.389158852e-019    296.650
0.003741402   1.992902775e-007    2.389158852e-019    296.650
0.003712852   7.915036022e-008    3.660090457e-020    296.650
0.003712852   8.273854033e-008    2.252114785e-020    296.650
0.003837523   1.054363751e-009    1.337639458e-019    296.650
0.003837523   8.094383933e-008    2.920038112e-020    296.650
0.003905459   -4.451564937e-008    3.803148507e-019    296.650
0.003905459   -4.451564937e-008    3.803148507e-019    296.650
0.003905459   5.295398464e-008    4.674885764e-020    296.650
0.003923311   9.507706070e-009    2.043379273e-019    296.650
0.003923311   9.507706070e-009    2.043379273e-019    296.650
0.003923311   7.431473461e-009    2.189045198e-019    296.650
0.003931243   5.969004473e-008    2.345527794e-019    296.650
0.003931243   6.804105844e-008    1.841569565e-019    296.650
0.003875644   5.215511020e-008    8.661949858e-020    296.650
0.003730870   2.745267119e-007    -2.662612675e-021    296.650
0.003987851   2.444847596e-008    7.026727718e-020    296.650
0.003987851   -4.595372571e-009    1.458252906e-019    296.650
0.003987851   2.444847596e-008    7.026727718e-020    296.650
0.004067915   3.096314875e-008    1.604482441e-019    296.650
0.004067915   -4.340819329e-008    4.815518842e-019    296.650
0.004067915   3.296981425e-008    1.526373129e-019    296.650
0.004067915   3.096314875e-008    1.604482441e-019    296.650
0.004113209   6.823463632e-008    1.209693654e-019    296.650
0.004113209   1.050954058e-007    2.195059607e-020    296.650
0.004150943   -8.054152330e-009    3.080147747e-019    296.650
0.004150943   3.387971073e-008    1.259369223e-019    296.650
0.004150943   8.502870618e-008    6.916678560e-020    296.650
0.004150943   5.708804671e-008    1.302955704e-019    296.650
0.004150943   8.502870618e-008    6.916678560e-020    296.650
0.004150943   -8.054152330e-009    3.080147747e-019    296.650
0.004150943   3.387971073e-008    1.259369223e-019    296.650
0.004259999   4.197756021e-008    7.687143589e-020    296.650
0.004259999   4.197756021e-008    7.687143589e-020    296.650
0.004225802   2.220689484e-008    1.413463923e-019    296.650
0.004225802   1.872622038e-008    1.689379160e-019    296.650
0.004225802   4.294787026e-009    2.400738822e-019    296.650
0.004225802   1.443787963e-008    1.741075719e-019    296.650
0.004225802   8.782466447e-009    2.101151360e-019    296.650
0.004225802   1.890341237e-008    1.668964548e-019    296.650
0.004067915   3.117130419e-008    1.587190691e-019    296.650
0.004067915   1.339877650e-007    -2.098138868e-021    296.650
0.004067915   1.310944495e-007    1.367138340e-020    296.650
0.004113209   6.914065921e-008    1.040327463e-019    296.650
0.004113209   9.915019836e-008    4.544925157e-020    296.650
0.004150943   -6.958270639e-009    2.996221489e-019    296.650
0.004150943   9.668940991e-008    5.787749058e-020    296.650
0.004225802   -8.399321830e-009    2.708444223e-019    296.650
0.004225802   2.439210520e-008    1.253590833e-019    296.650
0.004225802   2.220689484e-008    1.413463923e-019    296.650
0.004225802   1.872622038e-008    1.689379160e-019    296.650
0.003228162   9.325525698e-008    1.368545524e-019    296.650
0.003228162   1.065307687e-007    8.433609764e-020    296.650
0.003228162   1.093408732e-007    7.446010152e-020    296.650
0.003543408   3.413980254e-008    3.383742558e-020    296.650
0.003228162   1.206952213e-007    5.651554222e-020    296.650
0.003228162   1.206952213e-007    5.651554222e-020    296.650
0.003289458   5.327955852e+064    2.930604544e+050    296.650
0.003539283   1.929461675e-008    3.879033883e-020    296.650
0.003539283   1.929461675e-008    3.879033883e-020    296.650
0.003539283   1.929461675e-008    3.879033883e-020    296.650
0.003550274   4.225754135e-008    1.353766437e-019    296.650
0.003550274   4.591672998e-008    1.165807178e-019    296.650
0.003550274   4.883234446e-008    1.080601610e-019    296.650
0.003550274   5.967086738e-008    6.945463771e-020    296.650
0.003550274   5.967086738e-008    6.945463771e-020    296.650
0.003544835   1.034945682e-007    1.549656023e-021    296.650
0.003544835   -2.249492402e-008    1.757292506e-019    296.650
0.003544835   9.598815752e-008    5.207207177e-021    296.650
0.003544835   9.598815752e-008    5.207207177e-021    296.650
0.003556178   3.713835112e-008    8.108330513e-020    296.650
0.003556178   -5.146416114e-008    5.792704301e-019    296.650
0.003556178   7.011646243e-008    2.425793434e-020    296.650
0.003542267   5.697375063e-008    4.194258170e-020    296.650
0.003537816   3.872594779e-008    4.017523141e-020    296.650
0.003535309   4.280239864e-008    5.995545193e-021    296.650
0.003535309   2.633021426e-008    2.703651456e-020    296.650
0.003532532   7.765683007e-008    3.396762120e-020    296.650
0.003543408   5.297203176e-008    9.077216694e-021    296.650
0.003543408   3.425894807e-008    3.353918399e-020    296.650
0.003550274   4.327289301e-008    1.301884462e-019    296.650
0.003550274   7.439969481e-008    5.946717869e-020    296.650
0.003550274   8.261617959e-008    3.704401574e-020    296.650
0.003544835   9.816847370e-008    2.913773201e-021    296.650
0.003544835   -2.681314728e-008    1.896875437e-019    296.650
0.003544835   9.816847370e-008    2.913773201e-021    296.650
0.003544835   2.156260696e-008    5.865701527e-020    296.650
0.003544835   -1.174334543e-007    1.983504171e-019    296.650
0.003544835   2.492916856e-008    5.434817331e-020    296.650
0.003544835   2.481475171e-008    5.449715465e-020    296.650
0.004228800   3.832091114e-008    9.455806864e-020    296.650
0.004228800   3.890255920e-008    9.090680115e-020    296.650
0.003779342   3.666202586e-007    1.777162846e-019    296.650
0.003779342   3.985602942e-007    2.952238483e-020    296.650
0.003779342   4.018745417e-007    2.094938180e-020    296.650
0.003779342   3.666202586e-007    1.777162846e-019    296.650
0.003779342   3.763543959e-007    1.279806923e-019    296.650
0.003769954   3.530889611e-007    -4.325795925e-021    296.650
0.003769954   3.530889611e-007    -4.325795925e-021    296.650
0.003769954   3.518626310e-007    1.083700865e-020    296.650
0.003798157   2.599039008e-007    3.225951788e-019    296.650
0.003798157   2.747217659e-007    2.390854867e-019    296.650
0.003798157   2.838405503e-007    1.927941897e-019    296.650
0.004228800   3.826255855e-008    9.499198589e-020    296.650
0.003798157   2.838405503e-007    1.927941897e-019    296.650
0.003258248   1.163379936e-007    1.138826991e-019    296.650
0.003258248   1.058610576e-007    1.554719379e-019    296.650
0.003258248   1.058610576e-007    1.554719379e-019    296.650
0.003258248   1.044650249e-007    1.657403652e-019    296.650
0.003258248   1.114401386e-007    1.370802487e-019    296.650
0.003258248   1.132923864e-007    1.299507286e-019    296.650
0.003258248   1.132923864e-007    1.299507286e-019    296.650
0.003798157   2.438651409e-007    5.014694846e-019    296.650
0.003798157   2.863842828e-007    1.806644196e-019    296.650
0.003798157   2.838405503e-007    1.927941897e-019    296.650
0.003798157   2.446128274e-007    4.970114191e-019    296.650
0.003798157   2.475161606e-007    4.796638465e-019    296.650
0.003798157   2.491521452e-007    4.698075900e-019    296.650
0.003798157   2.491521452e-007    4.698075900e-019    296.650
0.003798157   2.747217659e-007    2.390854867e-019    296.650
0.003798157   2.910311744e-007    1.593020761e-019    296.650
0.003798157   2.910311744e-007    1.593020761e-019    296.650
0.003798157   2.910311744e-007    1.593020761e-019    296.650
0.004228800   3.864858740e-008    9.296332146e-020    296.650
0.003228162   1.184600010e-007    4.565447105e-020    296.650
0.003228162   1.065307687e-007    8.433609764e-020    296.650
0.003228162   1.015190170e-007    1.030158175e-019    296.650
0.003228162   9.325525698e-008    1.368545524e-019    296.650
0.003228162   1.205249944e-007    3.983078957e-020    296.650
0.003228162   1.184600010e-007    4.565447105e-020    296.650
0.003228162   1.160614699e-007    5.275660109e-020    296.650
0.003228162   1.146865297e-007    5.698448938e-020    296.650
0.003228162   1.013866095e-007    1.202697742e-019    296.650
0.003228162   1.058422198e-007    1.041110386e-019    296.650
0.003228162   1.146865297e-007    5.698448938e-020    296.650
0.003577374   2.777182063e-009    1.052220940e-020    296.650
0.003577374   2.858925990e-009    9.537056912e-021    296.650
0.003577374   2.838337576e-009    9.518154362e-021    296.650
0.003577374   2.823979274e-009    9.520247381e-021    296.650
0.003577374   2.848048290e-009    9.574905508e-021    296.650
0.003577374   1.893088442e-009    9.766498177e-021    296.650
0.003577374   2.888516020e-009    9.625218577e-021    296.650
0.003577374   2.871475823e-009    9.513490488e-021    296.650
0.003577374   2.850098962e-009    9.511517714e-021    296.650
0.003577374   2.871475823e-009    9.513490488e-021    296.650
0.003577374   2.225191641e-009    9.445165105e-021    296.650
0.003577374   2.227286950e-009    9.542423447e-021    296.650
0.003577374   2.197059238e-009    9.511192209e-021    296.650
0.003577374   2.223992403e-009    9.449812381e-021    296.650
0.003577374   2.841887005e-009    9.516869102e-021    296.650
0.003577374   2.829958356e-009    9.530273612e-021    296.650
0.002002006   7.788714572e-008    5.374531188e-021    296.650
0.002002006   7.689186398e-008    6.243312478e-021    296.650
0.002002006   7.577794984e-008    7.605114822e-021    296.650
0.002002006   7.876725117e-008    3.267955640e-021    296.650
0.002002006   7.867955537e-008    4.094948241e-021    296.650
0.002002006   7.867955537e-008    4.094948241e-021    296.650
0.002002006   7.556332470e-008    8.580157529e-021    296.650
0.002002006   7.715925305e-008    6.917717581e-021    296.650
0.002002006   7.870554668e-008    5.480734793e-021    296.650
0.002222362   2.033156748e-007    6.047502646e-020    296.650
0.002222362   2.003881589e-007    6.562800275e-020    296.650
0.002222362   1.967759466e-007    7.230792166e-020    296.650
0.002002006   7.556332470e-008    8.580157529e-021    296.650
0.003258248   1.114401386e-007    1.370802487e-019    296.650
0.002535059   1.792911732e-007    6.038112746e-020    296.650
0.002002006   8.645110884e-008    3.989531781e-020    296.650
0.002002006   7.731019814e-008    6.996477747e-021    296.650
0.002002006   7.715925305e-008    6.917717581e-021    296.650
0.002002006   7.663298100e-008    7.299905897e-021    296.650
0.002002006   7.663298100e-008    7.299905897e-021    296.650
0.002002006   7.663298100e-008    7.299905897e-021    296.650
0.002607439   1.914612929e-007    5.538090983e-020    296.650
0.002456393   1.104700961e-007    6.993226434e-020    296.650
0.002456393   1.156917648e-007    5.777535231e-020    296.650
0.002456393   1.174315398e-007    5.401338898e-020    296.650
0.003398604   1.182432214e-007    2.916034784e-020    296.650
0.003298975   1.149477237e-007    1.550938918e-019    296.650
0.003298975   1.149477237e-007    1.550938918e-019    296.650
0.004837607   2.873621375e-007    2.484085641e-019    296.650
0.004837607   2.873621375e-007    2.484085641e-019    296.650
0.004837607   2.859362690e-007    2.588315359e-019    296.650
0.004354711   3.294735981e-007    9.025937515e-020    296.650
0.003138810   1.705775751e-007    3.585825319e-019    296.650
0.002813732   4.017053274e-007    2.877526148e-019    296.650
0.002460541   1.061554710e-007    4.445428529e-020    296.650
0.004048845   7.607878280e-008    1.552430397e-019    296.650
0.001352624   4.359030011e-007    1.091418981e-019    296.650
0.002427113   5.326447137e-008    5.369844997e-020    296.650
0.002427113   5.326447137e-008    5.369844997e-020    296.650
0.002522316   2.621705158e-007    1.366927883e-019    296.650
0.001945588   3.252120401e-007    3.501278155e-020    296.650
0.002727631   1.853180356e-007    4.804625517e-020    296.650
0.002161276   2.186908774e-007    8.315340869e-020    296.650
0.003097413   1.495904649e-007    2.041236092e-019    296.650
0.001908421   8.896184272e-008    1.450542431e-019    296.650
0.003072106   1.805399369e-007    1.370256637e-019    296.650
0.002108490   2.741011949e-007    5.279221217e-020    296.650
0.002256728   1.592830894e-007    1.734699618e-019    296.650
0.002208590   2.774323833e-007    6.349585072e-020    296.650
0.001885568   2.458177029e-007    7.257796016e-020    296.650
0.002252585   2.317232419e-007    2.079065193e-019    296.650
0.002042209   2.385251159e-007    1.072781467e-019    296.650
0.004017722   4.019773508e-009    5.783256513e-019    296.650
0.002522316   2.621705158e-007    1.366927883e-019    296.650
0.001945588   3.252120401e-007    3.501278155e-020    296.650
0.001945588   3.397453543e-007    1.738318863e-020    298.650
0.001945588   3.222062454e-007    4.076269290e-020    298.650
0.002727631   1.872445132e-007    4.581958512e-020    298.650
0.002727631   1.873670461e-007    4.554722465e-020    298.650
0.002161276   2.187744403e-007    8.500982911e-020    298.650
0.002161276   2.187744403e-007    8.500982911e-020    298.650
0.002161276   2.197094821e-007    8.330936040e-020    298.650
0.002161276   2.197094821e-007    8.330936040e-020    298.650
0.003097413   1.496773379e-007    2.074673357e-019    298.650
0.003097413   1.499809441e-007    2.063076012e-019    298.650
0.001908421   8.952699287e-008    1.454164746e-019    298.650
0.003072106   1.810530296e-007    1.387770589e-019    298.650
0.002108490   2.731139029e-007    5.626945811e-020    298.650
0.002256728   1.616668587e-007    1.704187031e-019    298.650
0.002208590   2.777469665e-007    6.513887878e-020    298.650
0.001885568   2.519096789e-007    6.580573403e-020    298.650
0.002252585   2.328335078e-007    2.083737407e-019    298.650
0.002042209   2.396095167e-007    1.075132116e-019    298.650
0.004017722   4.042043095e-009    5.818188602e-019    298.650
0.004017722   2.647993443e-009    5.944074370e-019    298.650
0.004069683   4.007648619e-008    4.026722073e-019    298.650
0.004069683   4.011544044e-008    4.025806978e-019    298.650
0.001907304   2.244080307e-007    1.177986900e-019    298.650
0.003037836   1.437274184e-007    8.962678090e-020    298.650
0.003043098   -9.081696707e-008    9.145323349e-019    298.650
0.003043098   -9.739090427e-008    9.518409932e-019    298.650
0.003043098   -1.010288699e-007    9.727232362e-019    298.650
0.002522107   7.235777426e-008    6.779754297e-020    296.650
0.001937353   5.377649262e-008    3.431458167e-020    296.650
0.001937353   4.996043765e-008    2.173197840e-020    296.650
0.001937353   4.746608602e-008    2.464923244e-020    296.650
0.003972004   1.594051789e-007    1.056012810e-018    296.650
0.003972004   1.593194472e-007    1.056550527e-018    296.650
0.003972004   1.666678650e-007    1.000546279e-018    296.650
0.003191816   3.439209369e-008    4.648304138e-019    296.650
0.003191816   5.822127278e-008    3.741237186e-019    296.650
0.003191816   6.286506112e-008    2.493280254e-019    296.650
0.005124421   2.501115276e-007    8.474824359e-020    296.650
0.005124421   2.532461741e-007    7.107570045e-020    296.650
0.002923453   8.287758472e-008    1.011129112e-019    296.650
0.004510639   2.306420183e-007    1.585925931e-019    296.650
0.002321154   1.177959640e-007    1.611109835e-019    296.650
0.004514850   1.534602265e-007    3.077280206e-019    296.650
0.003326642   1.974611655e-007    8.075845791e-020    296.650
0.005715546   5.872759881e-008    1.899761472e-019    296.650
0.005588745   1.194072540e-007    2.820424392e-019    296.650
0.002460541   1.061234160e-007    4.451313597e-020    296.650
0.002460541   1.061234160e-007    4.451313597e-020    296.650
0.004048845   7.607827984e-008    1.552430201e-019    296.650
0.006220591   7.066187909e-008    2.266848113e-019    296.650
0.006220591   7.066187909e-008    2.266848113e-019    296.650
0.002705635   1.566657375e-007    1.580034317e-019    296.650
0.002705635   1.566657375e-007    1.580034317e-019    296.650
0.004810636   1.082100235e-007    4.840314096e-019    296.650
0.002877902   1.047834649e-007    2.149763521e-019    296.650
0.003397969   1.161964069e-007    9.076161040e-020    296.650
0.002072784   1.690193987e-007    5.439164161e-020    296.650
0.004834841   1.186094423e-007    6.899021176e-020    296.650
0.003787026   8.554493425e-008    7.968578059e-020    296.650
0.001970663   1.226506881e-007    1.824983918e-020    296.650
0.002819168   1.815903468e-007    9.436796963e-020    296.650
0.002427113   5.326447137e-008    5.369844997e-020    296.650
0.002427113   5.326447137e-008    5.369844997e-020    296.650
0.005820698   4.205819663e-008    1.242166832e-019    296.650
0.005820698   4.436691445e-008    1.011178011e-019    296.650
0.005820698   4.602893082e-008    8.279393353e-020    296.650
0.003872614   8.696501474e-008    2.551705763e-019    296.650
0.003872614   8.613268314e-008    2.598902644e-019    296.650
0.001845143   2.612033487e-007    9.201014029e-020    296.650
0.001845143   2.665725456e-007    8.446674771e-020    296.650
0.003691787   1.196870822e-007    3.722751657e-019    296.650
0.003691787   1.182792989e-007    3.804392233e-019    296.650
0.003691787   1.182792989e-007    3.804392233e-019    296.650
0.001975724   2.716779029e-007    4.358720627e-020    296.650
0.001975724   2.887010170e-007    2.226715532e-020    296.650
0.003316114   1.054183672e-007    3.225128556e-019    296.650
0.003249647   1.928179132e-007    2.865516208e-019    296.650
0.003249647   1.928179132e-007    2.865516208e-019    296.650
0.004755656   1.463430752e-007    2.539234699e-019    296.650
0.002092190   2.136657190e-007    1.660223473e-019    296.650
0.002092190   2.199608074e-007    1.540548802e-019    296.650
0.002427113   5.086510149e-008    5.674209439e-020    296.650
0.002270444   1.964307864e-007    1.369432328e-019    296.650
0.002409062   4.213021640e-007    3.646763958e-020    296.650
0.002409062   4.298044638e-007    2.102432420e-020    296.650
0.001716245   2.346205128e-007    8.542342049e-020    296.650
0.001716245   2.397285414e-007    8.165269453e-020    296.650
0.001702935   3.080917318e-007    6.947640389e-021    296.650
0.001702935   3.143169140e-007    2.291735652e-021    296.650
0.001707978   2.985846467e-007    9.658694236e-021    296.650
0.001707978   2.985846467e-007    9.658694236e-021    296.650
0.001707978   2.985846467e-007    9.658694236e-021    296.650
0.001707978   3.058451072e-007    3.803432859e-021    296.650
0.001707978   3.067578805e-007    3.786470037e-021    298.150
0.001711131   2.444727604e-007    1.575567959e-020    298.150
0.001716245   2.337134745e-007    8.681327659e-020    298.150
0.002457669   9.166716708e-008    1.986727196e-019    298.150
0.002427113   5.326447137e-008    5.369844997e-020    296.650
0.003012486   -9.805336257e-009    2.436341478e-019    296.650
0.002209556   2.287018983e-007    3.378225673e-020    296.650
0.001628536   4.606761308e-007    -1.364711695e-021    296.650
0.002264253   5.142172119e-008    2.834412774e-019    296.650
0.002164249   2.440853014e-007    8.205823523e-022    296.650
0.002633960   3.574868911e-007    -2.933068349e-021    296.650
0.002534014   2.542160535e-007    1.090157295e-019    296.650
0.003145644   4.193207939e-007    -4.762027891e-021    296.650
0.001816400   3.206277313e-007    -1.185786720e-021    296.650
0.001967564   2.867441171e-007    -1.198587192e-021    296.650
0.001924478   1.105840432e-007    3.236300899e-020    296.650
0.002052332   1.107609219e-007    7.814038931e-020    296.650
0.001790531   2.707294041e-007    -9.350599637e-022    296.650
0.001818948   3.268063223e-007    -1.340674920e-021    296.650
0.002076675   2.778512982e-007    1.459768214e-020    296.650
0.001419529   1.962031194e-007    -3.880736730e-022    296.650
0.002335684   3.856293815e-007    -1.688734528e-021    296.650
0.001635497   2.893291533e-007    -8.673347911e-022    296.650
0.003186560   2.071418086e-007    -9.612303916e-022    296.650
0.002969975   6.872555915e-008    1.260923498e-019    296.650
0.003185667   2.408998234e-007    -1.012230938e-021    296.650
0.002835724   1.637228088e-007    8.394368428e-021    296.650
0.002450875   2.381256548e-007    3.056475998e-020    296.650
0.001595453   9.447123172e-008    2.494861878e-020    296.650
0.001870414   1.283383788e-007    4.014540044e-020    296.650
0.002129012   5.371214819e-008    4.683740839e-020    296.650
0.003621432   2.066857278e-007    3.257539518e-019    296.650
0.002853784   1.490241727e-007    3.259850900e-021    296.650
0.002853784   1.414042454e-007    1.883733386e-020    296.650
0.002853784   1.442420201e-007    1.254139317e-020    296.650
0.002850409   1.111609212e-007    1.865326073e-020    296.650
0.002850409   1.111609212e-007    1.865326073e-020    296.650
0.003243624   2.883443417e-007    -3.413224314e-021    296.650
0.003243624   2.057565384e-007    7.688931881e-020    296.650
0.003243624   2.282609212e-007    -1.852352412e-021    296.650
0.001929068   8.826464256e-008    1.162687825e-020    296.650
0.001929068   8.826464256e-008    1.162687825e-020    296.650
0.002249554   2.199255990e-007    3.908302719e-020    296.650
0.003561956   1.005817978e-007    6.440817699e-020    296.650
0.001654665   3.271219451e-007    1.810660628e-020    296.650
0.001654665   3.342113556e-007    1.218975707e-020    296.650
0.002121891   1.620372984e-007    1.533758448e-020    296.650
0.001873571   3.983045335e-007    -1.332029899e-021    296.650
0.004677614   1.423160440e-008    2.421895694e-019    296.650
0.000714056   7.565710627e-009    2.596689051e-020    296.650
0.002522316   2.621705158e-007    1.366927883e-019    296.650
0.002522316   2.621705158e-007    1.366927883e-019    296.650
0.002522316   2.621705158e-007    1.366927883e-019    296.650
0.002522316   2.621705158e-007    1.366927883e-019    296.650
0.002522316   2.621705158e-007    1.366927883e-019    296.650
0.002522316   2.621705158e-007    1.366927883e-019    296.650
0.002522316   2.621705158e-007    1.366927883e-019    296.650
0.002522316   2.621705158e-007    1.366927883e-019    296.650
0.002522316   2.621705158e-007    1.366927883e-019    296.650
0.002522316   2.621705158e-007    1.366927883e-019    296.650
0.002522316   2.621705158e-007    1.366927883e-019    296.650
0.002522316   2.621705158e-007    1.366927883e-019    296.650
0.002522316   2.621705158e-007    1.366927883e-019    296.650
0.002522316   2.621705158e-007    1.366927883e-019    296.650
0.002522316   2.621705158e-007    1.366927883e-019    296.650
0.001951422   3.264074036e-007    2.475148634e-020    296.650
0.001951422   3.370169087e-007    1.124303081e-020    296.650
0.001951422   3.264074036e-007    2.475148634e-020    296.650
0.002727631   1.853180356e-007    4.804625517e-020    296.650
0.002727631   1.853180356e-007    4.804625517e-020    296.650
0.002727631   1.864446536e-007    4.552441765e-020    296.650
0.003103829   1.530209985e-007    1.811573297e-019    296.650
0.003103829   1.530209985e-007    1.811573297e-019    296.650
0.002161276   2.177592928e-007    8.484012310e-020    296.650
0.002161276   2.177592928e-007    8.484012310e-020    296.650
0.001908421   8.932209516e-008    1.444783226e-019    296.650
0.001908421   8.932209516e-008    1.444783226e-019    296.650
0.003079087   1.886039880e-007    1.396933513e-019    296.650
0.003079087   1.886039880e-007    1.396933513e-019    296.650
0.002108490   2.717457304e-007    5.647966481e-020    296.650
0.002108490   2.717457304e-007    5.647966481e-020    296.650
0.002208590   2.759390016e-007    6.606941583e-020    296.650
0.002208590   2.774637094e-007    6.343335388e-020    296.650
0.002208590   2.774637094e-007    6.343335388e-020    296.650
0.001885568   2.493862307e-007    6.761816028e-020    296.650
0.001885568   2.493862307e-007    6.761816028e-020    296.650
0.002252585   2.323321973e-007    2.065352077e-019    296.650
0.002252585   2.323321973e-007    2.065352077e-019    296.650
0.002042209   2.396393941e-007    1.054029478e-019    296.650
0.002042209   2.396393941e-007    1.054029478e-019    296.650
0.002384689   4.065538824e-007    2.488456388e-019    296.650
0.002384689   4.065538824e-007    2.488456388e-019    296.650
0.001873571   3.983045335e-007    -1.332029899e-021    296.650
0.003117296   4.205469927e-008    1.560819120e-019    296.650
0.003117296   4.205469927e-008    1.560819120e-019    296.650
0.003117296   4.205469927e-008    1.560819120e-019    296.650
0.003161512   1.515336248e-007    3.060228296e-020    296.650
0.003161512   1.578885241e-007    1.674107860e-020    296.650
0.003016740   9.033324189e-008    1.295785258e-019    296.650
0.030167398   8.716125312e-008    1.460522154e-019    296.650
0.002050150   2.272699348e-007    3.301374849e-019    296.650
0.002341133   4.110351982e-008    1.246964555e-019    296.650
0.002341133   4.110351982e-008    1.246964555e-019    296.650
0.002231234   -1.624200744e-007    5.966237011e-019    296.650
0.002028940   -2.369352153e-008    2.852784257e-019    296.650
0.020289400   -1.048600947e-007    5.209671496e-019    296.650
0.020289400   -1.095961240e-007    5.360809989e-019    296.650
0.020289400   -1.091130094e-007    5.347042780e-019    296.650
0.020289400   -1.065233992e-007    5.274761996e-019    296.650
0.020289400   -1.095961240e-007    5.360809989e-019    296.650
0.002186182   2.720879469e-007    3.790762375e-020    296.650
0.021861816   3.875581813e-007    1.617099215e-020    296.650
0.021861816   2.758839567e-007    3.877647740e-020    296.650
0.002231234   -1.596774841e-007    5.898646114e-019    296.650
0.003043098   -8.708309843e-008    8.908939980e-019    296.650
0.003043098   -9.109763401e-008    9.133118826e-019    296.650
0.003043098   -9.109763401e-008    9.133118826e-019    296.650
0.003037836   1.427932217e-007    8.996545960e-020    296.650
0.003037836   1.482194294e-007    9.032767692e-020    310.150
0.004069683   4.199312348e-008    4.104710597e-019    310.150
0.001440607   2.712114474e-007    7.994761574e-020    310.150
0.001792593   5.786554266e-007    4.177014381e-020    310.150
0.001977150   2.828433278e-007    2.472670491e-020    310.150
0.001408399   2.243698988e-007    -7.237500756e-022    310.150
0.001408399   2.227892779e-007    1.829547005e-021    310.150
0.001408399   2.169989687e-007    1.883986967e-021    296.650
0.001561029   2.404022935e-007    4.237937392e-020    296.650
0.001588649   3.599670238e-007    4.612462317e-020    296.650
0.002227726   3.256271327e-007    8.271720007e-020    296.650
0.001355450   5.736376850e-007    -1.188539601e-021    296.650
0.001060123   3.406331459e-007    4.174312270e-020    296.650
0.001060123   3.333270781e-007    4.520848481e-020    296.650
0.001060123   3.333270781e-007    4.520848481e-020    296.650
0.001265623   3.225551423e-007    3.165103015e-021    296.650
0.001265623   3.204798108e-007    4.150066000e-021    296.650
0.001265623   3.200462643e-007    4.357108049e-021    296.650
0.001265623   3.200462643e-007    4.357108049e-021    296.650
0.002343645   9.622292765e-008    3.647935140e-019    296.650
0.023436453   -1.396163523e-007    1.297895824e-018    296.650
0.023436453   -1.478919965e-007    1.334760334e-018    296.650
0.001866541   3.878248195e-007    3.355981897e-020    296.650
0.001866541   3.878248195e-007    3.355981897e-020    296.650
0.001886375   2.050818879e-007    2.600109474e-019    296.650
0.001440607   2.605616249e-007    8.177036904e-020    296.650
0.001440607   2.605616249e-007    8.177036904e-020    296.650
0.001792593   5.313324410e-007    8.050934046e-020    296.650
0.001977150   2.750705493e-007    2.458667645e-020    296.650
0.001977150   2.751182019e-007    2.458096627e-020    296.650
0.001977150   2.751182019e-007    2.458096627e-020    296.650
0.001408399   2.165944824e-007    2.010323630e-021    296.650
0.001408399   2.165944824e-007    2.010323630e-021    296.650
0.001561029   2.568357450e-007    2.755094032e-020    296.650
0.001561029   2.444440798e-007    3.856950795e-020    296.650
0.001561029   2.444440798e-007    3.856950795e-020    296.650
0.001588649   3.566880084e-007    4.939033237e-020    296.650
0.001588649   3.566880084e-007    4.939033237e-020    296.650
0.002227726   3.280315362e-007    7.810981521e-020    296.650
0.002227726   3.271761003e-007    7.966791227e-020    296.650
0.002227726   3.271761003e-007    7.966791227e-020    296.650
0.002042454   2.033800566e-007    1.123643793e-019    296.650
0.000714056   7.565710627e-009    2.596689051e-020    296.650
0.000714056   1.553382606e-007    1.467232553e-020    296.650
0.000714056   1.439357678e-007    1.900294339e-020    296.650
0.000714056   -4.532275851e-008    7.621408693e-020    296.650
0.000714056   1.464242692e-007    1.854402160e-020    296.650
0.000714056   1.464242692e-007    1.854402160e-020    296.650
0.000657095   8.702146046e-008    4.296590506e-020    296.650
0.000657095   9.121502790e-008    3.940207560e-020    296.650
0.000657095   1.432442839e-007    5.105288186e-021    296.650
0.000657095   1.432442839e-007    5.105288186e-021    296.650
0.000657095   1.199575801e-007    6.272989872e-021    296.650
0.000657095   1.231095285e-007    5.976295600e-021    296.650
0.000657095   1.231095285e-007    5.976295600e-021    296.650
0.004244329   9.823061853e-008    1.433237672e-020    296.650
0.004244329   9.979959158e-008    -3.655922404e-021    296.650
0.004244329   9.730110419e-008    -2.075830352e-021    296.650
0.004244329   9.979959158e-008    -3.655922404e-021    296.650
0.004244329   9.823061853e-008    1.433237672e-020    296.650
0.004244329   9.823061853e-008    1.433237672e-020    296.650
0.002084355   4.187234289e-007    1.221662360e-020    296.650
0.020843548   4.508801438e-007    -3.273325940e-022    296.650
0.002028940   -2.369352153e-008    2.852784257e-019    296.650
0.002186182   2.701456623e-007    4.087874371e-020    296.650
0.002186182   2.723101670e-007    3.760760799e-020    296.650
0.002186182   2.726729553e-007    3.707372577e-020    296.650
0.002231234   -1.594945281e-007    5.894139221e-019    296.650
0.002341133   4.106415220e-008    1.247563240e-019    296.650
0.002050150   2.148508136e-007    3.573419262e-019    296.650
0.003016740   9.030817428e-008    1.296437344e-019    296.650
0.003161512   1.560411791e-007    2.037616553e-020    296.650
0.003161512   1.520269648e-007    2.940411941e-020    296.650
0.003161512   1.504139641e-007    3.340546760e-020    296.650
0.001588649   3.533968187e-007    5.272098125e-020    296.650
0.003117296   4.203247553e-008    1.561903551e-019    296.650
0.003161512   1.504139641e-007    3.340546760e-020    296.650
0.003037836   1.430177193e-007    8.926140667e-020    296.650
0.003016740   8.974310398e-008    1.311685447e-019    296.650
0.021222684   1.842941504e-007    1.444454104e-020    296.650
0.021222684   1.938806459e-007    4.390709568e-021    296.650
0.021222684   2.069641696e-007    3.157029640e-021    296.650
0.021222684   1.943709163e-007    4.117317032e-021    296.650
0.021222684   1.943709163e-007    4.117317032e-021    296.650
0.013655009   3.716371637e-007    2.027342115e-020    296.650
0.013655009   3.809192230e-007    1.508419545e-020    296.650
0.013655009   3.664651822e-007    1.531155994e-020    296.650
0.013655009   3.664651822e-007    1.531155994e-020    296.650
0.018569886   8.043572651e-008    3.750734391e-019    296.650
0.018569886   8.043572651e-008    3.750734391e-019    296.650
0.028895782   2.515575093e-008    7.290379036e-019    296.650
0.013171683   2.172231204e-007    1.495698799e-020    296.650
0.013171683   2.176520026e-007    1.477508106e-020    296.650
0.013171683   2.176520026e-007    1.477508106e-020    296.650
0.025941518   2.464135352e-008    7.326845162e-020    296.650
0.025941518   2.464135352e-008    7.326845162e-020    296.650
0.025941518   1.198222185e-007    1.218153044e-020    296.650
0.025941518   1.080813386e-007    1.534002333e-020    296.650
0.025941518   1.076251059e-007    1.498962058e-020    296.650
0.025972261   1.202724395e-007    2.007051733e-020    296.650
0.021033124   4.576092107e-007    1.515292359e-020    296.650
0.021033124   4.698376042e-007    7.954252352e-021    296.650
0.022095562   2.573069123e-007    3.875797388e-022    296.650
0.022095562   2.629500340e-007    -3.064315100e-022    296.650
0.016285361   6.192589113e-007    5.323903602e-021    296.650
0.022642528   1.151631764e-008    4.182834422e-019    296.650
0.022095562   2.349338054e-007    3.245454909e-020    296.650
0.025331010   8.165169374e-007    5.928497023e-021    296.650
0.025331010   1.601574741e-006    3.162891522e-022    296.650
0.025331010   9.829543781e-007    4.883014712e-022    296.650
0.022640812   3.063347940e-008    3.713712416e-019    296.650
0.026339623   6.236080569e-007    1.106732854e-020    296.650
0.026339623   5.430681964e-007    4.766877656e-021    296.650
0.026339623   5.430681964e-007    4.766877656e-021    296.650
0.026339623   6.062791621e-007    -3.192359527e-022    296.650
0.025340137   3.185315846e-007    4.591916953e-020    296.650
0.025340137   3.185315846e-007    4.591916953e-020    296.650
0.031505959   1.501186345e-006    -5.432511378e-021    296.650
0.031505959   1.511810964e-006    1.879995896e-019    296.650
0.031505959   1.292717880e-006    1.698790764e-019    296.650
0.031505959   1.401384324e-006    2.235334164e-019    296.650
0.031505959   1.401161166e-006    2.228155085e-019    296.650
0.019678132   4.338829822e-007    -6.768803438e-022    296.650
0.019242677   1.134749047e-007    3.191964462e-020    296.650
0.019242677   1.446097625e-007    -1.324880755e-022    296.650
0.019242677   1.446097625e-007    -1.324880755e-022    296.650
0.032273423   3.528173928e-007    3.167102464e-021    296.650
0.032273423   3.560293992e-007    2.008863643e-021    296.650
0.032273423   4.953598844e-007    2.819410154e-021    296.650
0.032273423   3.560293992e-007    2.008863643e-021    296.650
0.020523325   1.321341364e-007    4.754416045e-020    296.650
0.020523325   1.336452741e-007    4.548617872e-020    296.650
0.020523325   1.395918630e-007    4.388224784e-020    296.650
0.028984604   3.999082872e-007    5.861118451e-021    296.650
0.036333129   2.910606856e-007    1.575782955e-021    296.650
0.036333129   2.973121130e-007    -8.014011374e-022    296.650
0.036333129   4.388895468e-007    -7.707230037e-022    296.650
0.036333129   4.347195884e-007    -7.416586320e-022    296.650
0.036333129   4.378782129e-007    -6.765375982e-022    296.650
0.036333129   4.124625516e-007    -9.916571485e-022    296.650
0.036333129   3.650529535e-007    -1.207591317e-021    296.650
0.025440428   4.342286674e-007    -6.270665195e-022    296.650
0.025440428   3.827196595e-007    -3.464226385e-022    296.650
0.025440428   3.293666932e-007    -2.480943171e-022    296.650
0.032873151   9.615320049e-007    -4.135056406e-021    296.650
0.032873151   1.728458113e-006    -2.391165645e-021    296.650
0.031865595   2.547715131e-007    1.222417145e-020    296.650
0.031865595   3.086826764e-007    -2.297676982e-022    296.650
0.031865595   2.631721674e-007    7.827443754e-022    296.650
0.029699751   1.573838332e-008    4.949845079e-019    296.650
0.029699751   2.121206104e-008    4.505818524e-019    296.650
0.029699751   2.107754419e-008    4.494946562e-019    296.650
0.031885430   3.638330663e-007    -2.963869064e-022    296.650
0.031885430   4.256058432e-007    -5.479385626e-022    296.650
0.028357241   1.736379004e-007    -3.677659336e-022    296.650
0.028357241   1.663276584e-007    9.853303094e-021    296.650
0.028357241   1.722081675e-007    -3.729870943e-022    296.650
0.028357241   1.767038393e-007    -3.805924646e-022    296.650
0.028357241   1.819929135e-007    -3.284386670e-022    296.650
0.023144084   4.965300911e-007    1.084784824e-020    296.650
0.023144084   5.850214245e-007    3.224313410e-021    296.650
0.021290116   4.433004689e-008    7.846374945e-020    296.650
0.021290116   4.463102934e-008    7.642854528e-020    296.650
0.018927340   5.516225229e-007    5.881279619e-020    296.650
0.018927340   5.531643173e-007    6.110330433e-020    296.650
0.018927340   5.343929865e-007    1.024347953e-020    296.650
0.018927340   5.571438788e-007    9.204190359e-020    296.650
0.018927340   5.502221518e-007    6.174614557e-020    296.650
0.015954534   1.017410230e-007    2.372937891e-020    296.650
0.024508752   2.652791906e-007    2.797822379e-021    296.650
0.024508752   2.652791906e-007    2.797822379e-021    296.650
0.024508752   2.687262292e-007    -1.268633456e-022    296.650
0.022095562   2.573076067e-007    3.876951184e-022    296.650
0.022095562   2.707509159e-007    -3.435135757e-022    296.650
0.022095562   2.772683727e-007    -3.548747577e-022    296.650
0.022095562   2.573076067e-007    3.876951184e-022    296.650
0.025330803   1.330677687e-006    6.962777191e-022    296.650
0.025330803   2.108814111e-006    -1.430357886e-021    296.650
0.025330803   8.444088196e-007    -4.102611583e-022    296.650
0.025330803   6.265192659e-006    1.367380278e-020    296.650
0.025330803   6.265192659e-006    1.367380278e-020    296.650
0.022642528   2.862205329e-008    3.820816811e-019    296.650
0.026339595   5.101180318e-007    -1.375655745e-021    296.650
0.026339595   5.646013588e-007    3.626055191e-020    296.650
0.026339595   5.271936225e-007    -8.588909991e-022    296.650
0.026339595   5.301577432e-007    2.296430030e-021    296.650
0.026339595   5.125400842e-007    3.822787573e-021    296.650
0.026339595   5.882713935e-007    9.724950589e-020    296.650
0.025340137   4.025423947e-007    1.530165819e-020    296.650
0.025340137   4.002801921e-007    1.574964832e-020    296.650
0.025340137   3.149382711e-007    4.580881503e-020    296.650
0.025340137   3.149382711e-007    4.580881503e-020    296.650
0.031506247   1.248446606e-006    5.293651273e-021    296.650
0.031506247   1.275623166e-006    1.547259597e-019    296.650
0.031506247   1.384733923e-006    1.869352362e-019    296.650
0.019677727   4.281400378e-007    -6.756043992e-022    296.650
0.020744454   6.544923044e-007    9.499760138e-021    296.650
0.020744454   6.544923044e-007    9.499760138e-021    296.650
0.020744454   5.510178799e-007    1.046288183e-020    296.650
0.020523325   9.485658905e-008    1.653788056e-019    296.650
0.020523325   1.312610679e-007    4.800475578e-020    296.650
0.020523325   2.161585380e-007    2.695830783e-021    296.650
0.020523325   2.161585380e-007    2.695830783e-021    296.650
0.020523325   2.236815257e-007    1.871244329e-021    296.650
0.020523325   1.308654943e-007    5.377647815e-020    296.650
0.020523325   9.485658905e-008    1.653788056e-019    296.650
0.020523325   9.622577858e-008    1.614909343e-019    296.650
0.020523325   2.236578971e-007    1.978312907e-021    296.650
0.020523325   2.161585380e-007    2.695830783e-021    296.650
0.024100489   1.531210768e-007    7.830634851e-020    296.650
0.018189483   4.661918754e-007    4.362121119e-021    296.650
0.020766751   3.092693002e-007    -6.568377192e-022    296.650
0.020766751   3.092693002e-007    -6.568377192e-022    296.650
0.036327670   2.470522737e-007    2.228945470e-021    296.650
0.036327670   3.587681174e-007    6.530895596e-021    296.650
0.036327670   3.288790481e-007    5.495669819e-020    296.650
0.036327670   3.311694509e-007    5.407460690e-020    296.650
0.036327670   3.008271752e-007    -2.516760299e-022    296.650
0.036327670   3.301258625e-007    5.123059462e-020    296.650
0.025441973   3.395016506e-007    -5.913846888e-022    296.650
0.025441973   3.859707267e-007    9.896904984e-021    296.650
0.018461858   3.019605361e-007    5.295203419e-020    296.650
0.018461858   2.582109885e-007    8.229346814e-020    296.650
0.020429914   1.811820396e-007    2.441594657e-019    296.650
0.006310888   5.517672441e-007    2.304130370e-020    296.650
0.006310888   5.517672441e-007    2.304130370e-020    296.650
0.007496689   1.475559269e-006    1.295007040e-020    296.650
0.006648120   5.314261972e-007    2.262131722e-020    296.650
0.006648120   5.145028277e-007    2.129296813e-020    296.650
0.006648120   5.166455095e-007    2.110782904e-020    296.650
0.006564216   1.371558724e-007    1.034292724e-019    296.650
0.006564216   2.083619002e-007    6.952113977e-020    296.650
0.006564216   3.278521883e-007    2.723506864e-020    296.650
0.006564216   1.668548666e-007    8.961866614e-020    296.650
0.006564216   1.813157104e-007    8.246360855e-020    296.650
0.007073347   7.991103942e-007    7.150687980e-020    296.650
0.007073347   8.147079682e-007    7.424634274e-021    296.650
0.007073347   3.535907723e-007    5.259281990e-020    296.650
0.007073347   8.283554955e-007    1.122912336e-020    296.650
0.007073347   8.725183074e-007    1.929724374e-020    296.650
0.007073347   8.725183074e-007    1.929724374e-020    296.650
0.008825252   1.164091831e-005    1.691101590e-019    296.650
0.008825252   8.275258907e-006    1.797847563e-019    296.650
0.006662685   7.099363076e-006    4.852555812e-019    296.650
0.006662685   7.099363076e-006    4.852555812e-019    296.650
0.006662685   6.221226839e-006    3.163734456e-019    296.650
0.022737151   -5.546558525e-008    1.098101668e-018    296.650
0.009121974   3.610649225e-007    9.438895431e-019    296.650
0.006970660   7.273166810e-006    4.672737046e-019    296.650
0.006970660   7.250696782e-006    4.665049362e-019    296.650
0.006970660   7.175833024e-006    4.706666213e-019    296.650
0.007010040   7.935159948e-006    4.168669313e-019    296.650
0.007010040   6.622665546e-006    3.078426255e-019    296.650
0.007058858   1.486228286e-005    7.717814877e-019    296.650
0.007010040   1.266411871e-006    3.032237203e-020    296.650
0.007010040   1.263897805e-006    3.183644138e-020    296.650
0.007010040   1.489732656e-006    3.121162755e-020    296.650
0.006435052   1.463106515e-006    2.102376775e-020    296.650
0.006993085   1.520166519e-006    2.312611895e-020    296.650
0.007353278   8.084569821e-007    2.191492926e-020    296.650
0.009121974   3.610649225e-007    9.438895431e-019    296.650
0.022737151   -5.546558525e-008    1.098101668e-018    296.650
0.009708626   7.864861178e-007    1.281918548e-019    296.650
0.006888135   5.431115687e-007    1.466452387e-020    296.650
0.008293866   1.429577191e-006    6.465366111e-020    296.650
0.013258098   5.362972758e-007    3.247062141e-020    296.650
0.013258098   3.508506730e-007    8.314291609e-021    296.650
0.013258098   3.065851635e-007    1.607720981e-021    296.650
0.013258098   3.060290464e-007    7.310310354e-022    296.650
0.013258098   3.135125423e-007    9.062789489e-022    296.650
0.013258098   3.051704917e-007    5.290453190e-022    296.650
0.013258098   3.029063020e-007    7.977264570e-022    296.650
0.049686763   6.743811216e-008    8.567269809e-019    296.650
0.049686763   1.270139596e-007    4.531273624e-020    296.650
0.049686763   7.540475906e-008    5.755166432e-019    296.650
0.049686763   8.083047105e-008    5.552718523e-019    296.650
0.049686763   7.857706966e-008    6.689955546e-019    296.650
0.049686763   7.857706966e-008    6.689955546e-019    296.650
0.014199662   5.497550585e-008    3.201183101e-019    296.650
0.014199662   5.594738782e-008    3.172221236e-019    296.650
0.014199662   5.594738782e-008    3.172221236e-019    296.650
0.014199662   -8.207785780e-007    2.106680699e-018    296.650
0.014199662   -8.087327607e-007    2.087055777e-018    296.650
0.007181586   1.034150372e-005    2.019016767e-019    296.650
0.007181586   8.992391678e-006    3.710262790e-019    296.650
0.022431925   3.503321346e-007    4.205775912e-020    296.650
0.010361688   2.834732496e-007    1.526177282e-020    296.650
0.010361688   3.068203281e-007    5.489609699e-021    296.650
0.015735537   3.398567660e-007    2.085605421e-020    296.650
0.015735537   6.674047455e-007    4.019829944e-019    296.650
0.013974418   7.108345130e-007    1.284640320e-019    296.650
0.013974418   3.376499913e-007    4.521600521e-020    296.650
0.010361688   -5.078796469e-006    4.277271054e-018    296.650
0.013974418   4.080641041e-007    6.602894363e-020    296.650
0.008272187   5.222442445e-006    1.251687984e-019    297.650
