4.619166214e-007         -2.347e-006
5.472804621e-006         -5.680e-006
5.745521468e-006         2.245e-006
-3.897945924e-006         1.969e-006
-4.505129370e-006         -1.361e-006
1.709776307e-006         1.774e-005
-1.507047523e-005         -2.148e-006
-1.292703829e-006         4.997e-006
5.397116832e-006         -5.998e-006
9.000577173e-006         -9.212e-006
-4.638942859e-006         3.700e-006
2.002915293e-006         -5.963e-006
4.951548664e-006         1.671e-006
-4.902582873e-006         -5.555e-007
-2.567464745e-008         5.415e-006
5.769697611e-007         -1.848e-006
1.189414916e-005         -5.690e-006
-2.783397603e-006         1.848e-005
1.173416700e-006         -1.358e-005
-4.186418922e-006         6.553e-007
3.139511649e-006         -4.720e-006
5.873869341e-006         -1.496e-005
2.452499089e-006         8.171e-007
-3.043014605e-006         1.114e-005
-1.205009911e-005         6.933e-006
4.894015719e-006         -1.170e-005
3.722715497e-006         -1.143e-007
-3.625114251e-006         9.145e-006
-9.524082973e-006         7.188e-007
-8.030617642e-007         -2.432e-008
3.734057538e-006         -3.402e-006
9.483109906e-006         -9.273e-006
4.156012089e-006         7.808e-006
-8.514140600e-006         -3.974e-006
8.103114873e-006         5.770e-006
-1.344447818e-005         1.853e-005
-1.863555678e-005         5.478e-006
-5.289446559e-006         2.008e-007
4.667024412e-006         -2.948e-006
1.469455374e-006         1.752e-006
-3.060988392e-006         1.441e-007
-9.899800036e-007         7.195e-006
-7.082116729e-006         -1.505e-006
4.073780468e-007         9.305e-006
-4.869276053e-006         -2.509e-006
6.546776657e-006         -1.883e-006
-2.534816151e-006         -2.125e-006
-1.924452323e-006         1.907e-006
1.721485863e-007         -1.336e-006
6.789629576e-006         3.837e-006
-6.638733652e-006         -3.198e-006
-2.455746187e-008         2.465e-006
-4.319947987e-006         1.979e-006
-1.023971296e-006         6.319e-007
9.444135503e-006         -5.929e-006
-4.958259258e-006         9.408e-006
-9.441619677e-006         1.187e-005
-1.071849397e-005         2.281e-007
4.168207071e-006         -2.512e-006
-7.998071853e-007         2.329e-006
1.979392634e-006         -6.457e-006
1.824935111e-006         -6.784e-007
-9.357361396e-007         1.894e-007
3.694540066e-006         -3.718e-006
6.824269609e-007         -1.144e-006
1.878331359e-006         4.351e-006
-2.398539834e-006         -2.712e-006
-1.086729792e-006         7.886e-009
9.805827967e-007         -1.106e-006
1.554412473e-006         4.386e-006
4.642150499e-006         -1.086e-006
-8.496507581e-006         2.240e-006
-9.064348587e-007         4.489e-006
-5.815939712e-006         -1.017e-006
1.194136424e-005         -1.851e-007
4.236770898e-006         -6.585e-006
-1.020288806e-006         -2.851e-006
4.573765860e-006         2.257e-007
6.346965658e-006         -5.349e-006
-1.651379708e-006         -5.409e-006
-3.377681771e-006         5.588e-006
-5.607805926e-006         1.903e-007
1.382664997e-006         -2.915e-006
1.157273281e-005         -7.429e-006
1.504110166e-006         -4.125e-006
-6.949680583e-007         2.183e-005
-1.811688359e-005         -7.317e-008
-2.591423723e-006         6.735e-006
-3.526897602e-006         -2.223e-006
6.489432987e-006         2.456e-006
-1.181248604e-005         3.279e-006
-3.194583429e-006         8.159e-006
-1.852357657e-006         -2.197e-006
6.397510553e-006         -8.334e-006
7.691855942e-007         -2.655e-006
2.551535394e-006         1.239e-005
-8.582428899e-006         -7.005e-007
-7.267530782e-007         -3.110e-006
-4.580779861e-007         1.153e-005
-1.145110050e-005         -3.792e-007
1.090926709e-006         9.437e-006
-1.199596259e-005         2.256e-006
-6.378734880e-007         -4.662e-009
2.176175578e-006         -1.452e-006
6.880426961e-006         -6.831e-006
8.095824892e-006         -6.674e-006
2.510005586e-005         -1.503e-005
-1.149714891e-005         7.645e-006
-5.666944956e-006         4.021e-007
-3.674805332e-006         -1.320e-007
-7.748354532e-008         1.271e-009
4.166433805e-006         4.770e-006
-9.015551654e-006         1.538e-006
2.998079122e-006         -4.620e-006
2.066915322e-006         5.793e-007
1.421144807e-006         -1.524e-007
2.476338932e-006         -8.537e-007
-2.469162948e-006         1.954e-006
-1.570052976e-006         2.810e-006
-5.783014398e-006         1.716e-006
-1.958367426e-006         3.905e-006
-2.508066108e-006         -2.322e-006
6.428115846e-006         5.514e-007
-1.280982563e-007         3.509e-006
-9.842703606e-006         2.112e-007
1.641439700e-006         -1.785e-006
5.788389714e-006         -1.396e-006
-3.893584101e-006         2.417e-006
3.354671440e-007         -2.678e-006
2.202464804e-006         1.360e-007
8.816891375e-007         1.989e-006
-1.271855858e-006         1.728e-006
-6.378362164e-006         9.178e-007
1.371798747e-005         -1.362e-005
1.073613331e-005         -1.126e-005
9.237546434e-006         -1.585e-006
-7.656128221e-006         -5.270e-007
3.908597672e-006         -7.736e-007
-2.720408665e-006         -4.110e-007
2.105917562e-006         -1.570e-006
3.763774744e-006         -3.489e-006
4.369566494e-006         -4.454e-006
7.992698067e-008         2.568e-006
3.319121569e-006         1.705e-006
-4.065850724e-006         3.656e-006
-4.429456242e-006         1.028e-005
-5.268771827e-006         -5.703e-006
5.368435077e-006         -7.698e-006
1.180965581e-006         -1.540e-006
9.043591772e-007         9.010e-007
5.151868091e-006         -7.165e-006
6.191471673e-008         8.133e-006
-6.129474495e-006         -2.301e-006
1.554173766e-005         -1.383e-005
5.366322554e-006         3.099e-006
4.632609292e-006         -1.116e-005
-2.454212394e-006         -2.207e-007
3.461264176e-006         -3.942e-006
1.999277374e-006         2.026e-007
5.327830060e-006         -7.926e-006
3.287727481e-006         4.044e-008
-3.361557285e-006         -2.351e-007
4.081482527e-006         4.338e-007
-3.109213740e-006         -1.495e-007
-1.247745453e-006         1.698e-007
-1.090361161e-007         2.935e-006
1.600469142e-006         2.530e-006
-2.669863846e-006         7.474e-007
-4.459516532e-006         -5.063e-008
-4.354522164e-007         2.127e-006
-1.068707614e-006         2.462e-006
-2.308017255e-006         -4.316e-009
3.596887068e-006         -3.749e-006
3.261078854e-006         -2.203e-006
-2.156326644e-006         1.644e-005
-1.356055010e-005         2.286e-006
-3.483287099e-006         2.461e-006
-2.613996169e-006         4.765e-006
-6.360734313e-006         1.733e-007
2.611378426e-007         -1.798e-007
-1.381639515e-007         3.998e-007
9.105954589e-006         -7.353e-006
3.232443482e-006         4.748e-006
-7.205345047e-006         2.671e-006
-5.593286332e-006         -2.934e-008
3.705843210e-006         -1.930e-006
5.380097141e-007         -2.316e-006
-4.159411789e-008         4.165e-006
-4.227246213e-006         2.823e-006
-1.209541934e-006         -1.189e-006
6.420323541e-006         -5.167e-006
1.140915210e-005         -8.828e-006
5.335793492e-006         -9.659e-006
6.459901647e-007         2.564e-007
4.620462637e-006         -5.516e-006
3.258086653e-007         -5.264e-008
7.510426848e-007         -4.484e-007
3.500575585e-006         -3.695e-006
2.798342102e-006         -3.133e-006
4.543247417e-006         -3.228e-006
-1.119066857e-006         2.964e-007
1.233397907e-006         -9.398e-007
-3.195397971e-007         -1.428e-007
2.439138054e-006         4.579e-006
-4.865185576e-006         -1.194e-006
7.694352176e-007         1.168e-005
-7.634222785e-006         1.190e-006
-9.269890250e-008         -7.238e-006
9.305983314e-006         -3.929e-006
6.465607759e-006         -4.842e-006
-6.989704222e-006         8.007e-007
6.608425601e-008         -7.886e-007
6.478042269e-007         1.473e-006
-2.263287474e-006         0.000e+000
6.600000000e-002         1.320e-001
1.980000000e-001         2.640e-001
3.300000000e-001         3.960e-001
4.620000000e-001         5.280e-001
5.940000000e-001         6.600e-001
7.260000000e-001         7.920e-001
8.580000000e-001         9.240e-001
9.900000000e-001         1.056e+000
1.122000000e+000         1.188e+000
1.254000000e+000         1.320e+000
1.386000000e+000         1.452e+000
1.518000000e+000         1.584e+000
1.650000000e+000         1.716e+000
1.782000000e+000         1.848e+000
1.914000000e+000         1.980e+000
2.046000000e+000         2.112e+000
2.178000000e+000         2.244e+000
2.310000000e+000         2.376e+000
2.442000000e+000         2.508e+000
2.574000000e+000         2.640e+000
2.706000000e+000         2.772e+000
2.838000000e+000         2.904e+000
2.970000000e+000         3.036e+000
3.102000000e+000         3.168e+000
3.234000000e+000         3.300e+000
3.366000000e+000         3.432e+000
3.498000000e+000         3.564e+000
3.630000000e+000         3.696e+000
3.762000000e+000         3.828e+000
3.894000000e+000         3.960e+000
4.026000000e+000         4.092e+000
4.158000000e+000         4.224e+000
4.290000000e+000         4.356e+000
4.422000000e+000         4.488e+000
4.554000000e+000         4.620e+000
4.686000000e+000         4.752e+000
4.818000000e+000         4.884e+000
4.950000000e+000         5.016e+000
5.082000000e+000         5.148e+000
5.214000000e+000         5.280e+000
5.346000000e+000         5.412e+000
5.478000000e+000         5.544e+000
5.610000000e+000         5.676e+000
5.742000000e+000         5.808e+000
5.874000000e+000         5.940e+000
6.006000000e+000         6.072e+000
6.138000000e+000         6.204e+000
6.270000000e+000         6.336e+000
6.402000000e+000         6.468e+000
6.534000000e+000         6.600e+000
6.666000000e+000         6.732e+000
6.798000000e+000         6.864e+000
6.930000000e+000         6.996e+000
7.062000000e+000         7.128e+000
7.194000000e+000         7.260e+000
7.326000000e+000         7.392e+000
7.458000000e+000         7.524e+000
7.590000000e+000         7.656e+000
7.722000000e+000         7.788e+000
7.854000000e+000         7.920e+000
7.986000000e+000         8.052e+000
8.118000000e+000         8.184e+000
8.250000000e+000         8.316e+000
8.382000000e+000         8.448e+000
8.514000000e+000         8.580e+000
8.646000000e+000         8.712e+000
8.778000000e+000         8.844e+000
8.910000000e+000         8.976e+000
9.042000000e+000         9.108e+000
9.174000000e+000         9.240e+000
9.306000000e+000         9.372e+000
9.438000000e+000         9.504e+000
9.570000000e+000         9.636e+000
9.702000000e+000         9.768e+000
9.834000000e+000         9.900e+000
9.966000000e+000         1.003e+001
1.009800000e+001         1.016e+001
1.023000000e+001         1.030e+001
1.036200000e+001         1.043e+001
1.049400000e+001         1.056e+001
1.062600000e+001         1.069e+001
1.075800000e+001         1.082e+001
1.089000000e+001         1.096e+001
1.102200000e+001         1.109e+001
1.115400000e+001         1.122e+001
1.128600000e+001         1.135e+001
1.141800000e+001         1.148e+001
1.155000000e+001         1.162e+001
1.168200000e+001         1.175e+001
1.181400000e+001         1.188e+001
1.194600000e+001         1.201e+001
1.207800000e+001         1.214e+001
1.221000000e+001         1.228e+001
1.234200000e+001         1.241e+001
1.247400000e+001         1.254e+001
1.260600000e+001         1.267e+001
1.273800000e+001         1.280e+001
1.287000000e+001         1.294e+001
1.300200000e+001         1.307e+001
1.313400000e+001         1.320e+001
1.326600000e+001         1.333e+001
1.339800000e+001         1.346e+001
1.353000000e+001         1.360e+001
1.366200000e+001         1.373e+001
1.379400000e+001         1.386e+001
1.392600000e+001         1.399e+001
1.405800000e+001         1.412e+001
1.419000000e+001         1.426e+001
1.432200000e+001         1.439e+001
1.445400000e+001         1.452e+001
1.458600000e+001         1.465e+001
1.471800000e+001         1.478e+001
1.485000000e+001         1.492e+001
1.498200000e+001         1.505e+001
1.511400000e+001         1.518e+001
1.524600000e+001         1.531e+001
1.537800000e+001         1.544e+001
1.551000000e+001         1.558e+001
1.564200000e+001         1.571e+001
1.577400000e+001         1.584e+001
1.590600000e+001         1.597e+001
1.603800000e+001         1.610e+001
1.617000000e+001         1.624e+001
1.630200000e+001         1.637e+001
1.643400000e+001         1.650e+001
1.656600000e+001         1.663e+001
1.669800000e+001         1.676e+001
1.683000000e+001         1.690e+001
1.696200000e+001         1.703e+001
1.709400000e+001         1.716e+001
1.722600000e+001         1.729e+001
1.735800000e+001         1.742e+001
1.749000000e+001         1.756e+001
1.762200000e+001         1.769e+001
1.775400000e+001         1.782e+001
1.788600000e+001         1.795e+001
1.801800000e+001         1.808e+001
1.815000000e+001         1.822e+001
1.828200000e+001         1.835e+001
1.841400000e+001         1.848e+001
1.854600000e+001         1.861e+001
1.867800000e+001         1.874e+001
1.881000000e+001         1.888e+001
1.894200000e+001         1.901e+001
1.907400000e+001         1.914e+001
1.920600000e+001         1.927e+001
1.933800000e+001         1.940e+001
1.947000000e+001         1.954e+001
1.960200000e+001         1.967e+001
1.973400000e+001         1.980e+001
1.986600000e+001         1.993e+001
1.999800000e+001         2.006e+001
2.013000000e+001         2.020e+001
2.026200000e+001         2.033e+001
2.039400000e+001         2.046e+001
2.052600000e+001         2.059e+001
2.065800000e+001         2.072e+001
2.079000000e+001         2.086e+001
2.092200000e+001         2.099e+001
2.105400000e+001         2.112e+001
2.118600000e+001         2.125e+001
2.131800000e+001         2.138e+001
2.145000000e+001         2.152e+001
2.158200000e+001         2.165e+001
2.171400000e+001         2.178e+001
2.184600000e+001         2.191e+001
2.197800000e+001         2.204e+001
2.211000000e+001         2.218e+001
2.224200000e+001         2.231e+001
2.237400000e+001         2.244e+001
2.250600000e+001         2.257e+001
2.263800000e+001         2.270e+001
2.277000000e+001         2.284e+001
2.290200000e+001         2.297e+001
2.303400000e+001         2.310e+001
2.316600000e+001         2.323e+001
2.329800000e+001         2.336e+001
2.343000000e+001         2.350e+001
2.356200000e+001         2.363e+001
2.369400000e+001         2.376e+001
2.382600000e+001         2.389e+001
2.395800000e+001         2.402e+001
2.409000000e+001         2.416e+001
2.422200000e+001         2.429e+001
2.435400000e+001         2.442e+001
2.448600000e+001         2.455e+001
2.461800000e+001         2.468e+001
2.475000000e+001         2.482e+001
2.488200000e+001         2.495e+001
2.501400000e+001         2.508e+001
2.514600000e+001         2.521e+001
2.527800000e+001         2.534e+001
2.541000000e+001         2.548e+001
2.554200000e+001         2.561e+001
2.567400000e+001         2.574e+001
2.580600000e+001         2.587e+001
2.593800000e+001         2.600e+001
2.607000000e+001         2.614e+001
2.620200000e+001         2.627e+001
2.633400000e+001         2.640e+001
2.646600000e+001         2.653e+001
2.659800000e+001         2.666e+001
2.673000000e+001         2.680e+001
2.686200000e+001         2.693e+001
2.699400000e+001         2.706e+001
2.712600000e+001         2.719e+001
2.725800000e+001         2.732e+001
2.739000000e+001         2.746e+001
2.752200000e+001         2.759e+001
2.765400000e+001         2.772e+001
2.778600000e+001         4.619166214e-007
-2.347115211e-006
5.472804621e-006
-5.680016537e-006
5.745521468e-006
2.244818862e-006
-3.897945924e-006
1.969401017e-006
-4.505129370e-006
-1.360729584e-006
1.709776307e-006
1.774260120e-005
-1.507047523e-005
-2.148263807e-006
-1.292703829e-006
4.996897725e-006
5.397116832e-006
-5.998462392e-006
9.000577173e-006
-9.212369477e-006
-4.638942859e-006
3.699780444e-006
2.002915293e-006
-5.963267666e-006
4.951548664e-006
1.671442607e-006
-4.902582873e-006
-5.555208124e-007
-2.567464745e-008
5.414956509e-006
5.769697611e-007
-1.847864699e-006
1.189414916e-005
-5.690314591e-006
-2.783397603e-006
1.847799345e-005
1.173416700e-006
-1.357649309e-005
-4.186418922e-006
6.553469760e-007
3.139511649e-006
-4.720477800e-006
5.873869341e-006
-1.496116083e-005
2.452499089e-006
8.170775157e-007
-3.043014605e-006
1.113550905e-005
-1.205009911e-005
6.932728767e-006
4.894015719e-006
-1.170342364e-005
3.722715497e-006
-1.142736461e-007
-3.625114251e-006
9.145112545e-006
-9.524082973e-006
7.188406492e-007
-8.030617642e-007
-2.431892553e-008
3.734057538e-006
-3.401516506e-006
9.483109906e-006
-9.273436794e-006
4.156012089e-006
7.807612864e-006
-8.514140600e-006
-3.974112773e-006
8.103114873e-006
5.770001090e-006
-1.344447818e-005
1.853055394e-005
-1.863555678e-005
5.477943430e-006
-5.289446559e-006
2.008415832e-007
4.667024412e-006
-2.948246381e-006
1.469455374e-006
1.752082616e-006
-3.060988392e-006
1.441353430e-007
-9.899800036e-007
7.195129579e-006
-7.082116729e-006
-1.504594071e-006
4.073780468e-007
9.304788589e-006
-4.869276053e-006
-2.508964248e-006
6.546776657e-006
-1.882503438e-006
-2.534816151e-006
-2.124894607e-006
-1.924452323e-006
1.906755554e-006
1.721485863e-007
-1.336201531e-006
6.789629576e-006
3.836827359e-006
-6.638733652e-006
-3.197586285e-006
-2.455746187e-008
2.465076390e-006
-4.319947987e-006
1.979262466e-006
-1.023971296e-006
6.319363724e-007
9.444135503e-006
-5.928597940e-006
-4.958259258e-006
9.407560003e-006
-9.441619677e-006
1.187326163e-005
-1.071849397e-005
2.281403051e-007
4.168207071e-006
-2.511903634e-006
-7.998071853e-007
2.329030637e-006
1.979392634e-006
-6.457327818e-006
1.824935111e-006
-6.784425556e-007
-9.357361396e-007
1.894016466e-007
3.694540066e-006
-3.718019514e-006
6.824269609e-007
-1.143841243e-006
1.878331359e-006
4.350758841e-006
-2.398539834e-006
-2.712049933e-006
-1.086729792e-006
7.885954367e-009
9.805827967e-007
-1.106331160e-006
1.554412473e-006
4.385823408e-006
4.642150499e-006
-1.086003300e-006
-8.496507581e-006
2.240125113e-006
-9.064348587e-007
4.489109143e-006
-5.815939712e-006
-1.017222910e-006
1.194136424e-005
-1.850724140e-007
4.236770898e-006
-6.584689317e-006
-1.020288806e-006
-2.851237275e-006
4.573765860e-006
2.257451133e-007
6.346965658e-006
-5.348901872e-006
-1.651379708e-006
-5.409209179e-006
-3.377681771e-006
5.587571716e-006
-5.607805926e-006
1.902801312e-007
1.382664997e-006
-2.915229834e-006
1.157273281e-005
-7.429243056e-006
1.504110166e-006
-4.124508965e-006
-6.949680583e-007
2.182784265e-005
-1.811688359e-005
-7.316879914e-008
-2.591423723e-006
6.734831314e-006
-3.526897602e-006
-2.223340280e-006
6.489432987e-006
2.455598490e-006
-1.181248604e-005
3.278543482e-006
-3.194583429e-006
8.159412316e-006
-1.852357657e-006
-2.197259865e-006
6.397510553e-006
-8.333828138e-006
7.691855942e-007
-2.654624798e-006
2.551535394e-006
1.239438417e-005
-8.582428899e-006
-7.005410089e-007
-7.267530782e-007
-3.110331307e-006
-4.580779861e-007
1.152986921e-005
-1.145110050e-005
-3.792094119e-007
1.090926709e-006
9.436879601e-006
-1.199596259e-005
2.255994248e-006
-6.378734880e-007
-4.662414342e-009
2.176175578e-006
-1.451722085e-006
6.880426961e-006
-6.831065368e-006
8.095824892e-006
-6.674119810e-006
2.510005586e-005
-1.502920556e-005
-1.149714891e-005
7.644553786e-006
-5.666944956e-006
4.021264572e-007
-3.674805332e-006
-1.320255313e-007
-7.748354532e-008
1.270890603e-009
4.166433805e-006
4.769934880e-006
-9.015551654e-006
1.537759221e-006
2.998079122e-006
-4.619705607e-006
2.066915322e-006
5.793300246e-007
1.421144807e-006
-1.524321804e-007
2.476338932e-006
-8.537352939e-007
-2.469162948e-006
1.954254439e-006
-1.570052976e-006
2.809792289e-006
-5.783014398e-006
1.716130655e-006
-1.958367426e-006
3.904879217e-006
-2.508066108e-006
-2.321613287e-006
6.428115846e-006
5.513965989e-007
-1.280982563e-007
3.509133533e-006
-9.842703606e-006
2.111999767e-007
1.641439700e-006
-1.785496746e-006
5.788389714e-006
-1.396182088e-006
-3.893584101e-006
2.416638155e-006
3.354671440e-007
-2.677829911e-006
2.202464804e-006
1.360281930e-007
8.816891375e-007
1.989015508e-006
-1.271855858e-006
1.727574473e-006
-6.378362164e-006
9.177542382e-007
1.371798747e-005
-1.362410160e-005
1.073613331e-005
-1.125727665e-005
9.237546434e-006
-1.584982422e-006
-7.656128221e-006
-5.269975279e-007
3.908597672e-006
-7.735947276e-007
-2.720408665e-006
-4.110118260e-007
2.105917562e-006
-1.570344838e-006
3.763774744e-006
-3.489104501e-006
4.369566494e-006
-4.454011725e-006
7.992698067e-008
2.567837909e-006
3.319121569e-006
1.705442292e-006
-4.065850724e-006
3.656184541e-006
-4.429456242e-006
1.027807648e-005
-5.268771827e-006
-5.702636618e-006
5.368435077e-006
-7.698289053e-006
1.180965581e-006
-1.540029317e-006
9.043591772e-007
9.010338032e-007
5.151868091e-006
-7.164547252e-006
6.191471673e-008
8.133440317e-006
-6.129474495e-006
-2.300555406e-006
1.554173766e-005
-1.383040820e-005
5.366322554e-006
3.098662591e-006
4.632609292e-006
-1.115661156e-005
-2.454212394e-006
-2.207462970e-007
3.461264176e-006
-3.942153157e-006
1.999277374e-006
2.025989021e-007
5.327830060e-006
-7.926402415e-006
3.287727481e-006
4.044080650e-008
-3.361557285e-006
-2.350845733e-007
4.081482527e-006
4.338113347e-007
-3.109213740e-006
-1.495030415e-007
-1.247745453e-006
1.698432650e-007
-1.090361161e-007
2.934721704e-006
1.600469142e-006
2.530302482e-006
-2.669863846e-006
7.474443869e-007
-4.459516532e-006
-5.062889403e-008
-4.354522164e-007
2.127340788e-006
-1.068707614e-006
2.461539692e-006
-2.308017255e-006
-4.315926141e-009
3.596887068e-006
-3.749469998e-006
3.261078854e-006
-2.202622643e-006
-2.156326644e-006
1.643875425e-005
-1.356055010e-005
2.285587980e-006
-3.483287099e-006
2.460572092e-006
-2.613996169e-006
4.765258943e-006
-6.360734313e-006
1.733298170e-007
2.611378426e-007
-1.798333008e-007
-1.381639515e-007
3.998403325e-007
9.105954589e-006
-7.353165386e-006
3.232443482e-006
4.747525380e-006
-7.205345047e-006
2.671292375e-006
-5.593286332e-006
-2.934141900e-008
3.705843210e-006
-1.930051778e-006
5.380097141e-007
-2.316349703e-006
-4.159411789e-008
4.164599221e-006
-4.227246213e-006
2.823475481e-006
-1.209541934e-006
-1.188513674e-006
6.420323541e-006
-5.167071867e-006
1.140915210e-005
-8.828058717e-006
5.335793492e-006
-9.659492775e-006
6.459901647e-007
2.564123922e-007
4.620462637e-006
-5.516450144e-006
3.258086653e-007
-5.263920025e-008
7.510426848e-007
-4.484071460e-007
3.500575585e-006
-3.695115507e-006
2.798342102e-006
-3.133499023e-006
4.543247417e-006
-3.228104721e-006
-1.119066857e-006
2.964293018e-007
1.233397907e-006
-9.397657319e-007
-3.195397971e-007
-1.428214541e-007
2.439138054e-006
4.579354544e-006
-4.865185576e-006
-1.193666562e-006
7.694352176e-007
1.168100319e-005
-7.634222785e-006
1.189959692e-006
-9.269890250e-008
-7.238050872e-006
9.305983314e-006
-3.929091790e-006
6.465607759e-006
-4.842242192e-006
-6.989704222e-006
8.006871728e-007
6.608425601e-008
-7.886340346e-007
6.478042269e-007
1.473172091e-006
-2.263287474e-006
