  0.0000000e+000	
  2.0000000e-004	
  4.0000000e-004	
  6.0000000e-004	
  8.0000000e-004	
  1.0000000e-003	
  1.2000000e-003	
  1.4000000e-003	
  1.6000000e-003	
  1.8000000e-003	
  2.0000000e-003	
  2.2000000e-003	
  2.4000000e-003	
  2.6000000e-003	
  2.8000000e-003	
  3.0000000e-003	
  3.2000000e-003	
  3.6000000e-003	
  4.0000000e-003	
  4.4000000e-003	
  4.8000000e-003	
  5.2000000e-003	
  5.6000000e-003	
  6.0000000e-003	
  6.4000000e-003	
  7.2000000e-003	
  8.0000000e-003	
  8.8000000e-003	
  9.6000000e-003	
  1.0400000e-002	
  1.1200000e-002	
  1.2000000e-002	
  1.2800000e-002	
  1.4400000e-002	
  1.6000000e-002	
  1.7600000e-002	
  1.9200000e-002	
  2.0800000e-002	
  2.2400000e-002	
  2.4000000e-002	
  2.5600000e-002	
  2.8800000e-002	
  3.2000000e-002	
  3.5200000e-002	
  3.8400000e-002	
  4.1600000e-002	
  4.4800000e-002	
  4.8000000e-002	
  5.1200000e-002	
  5.7600000e-002	
  6.4000000e-002	
  7.0400000e-002	
  7.6800000e-002	
  8.3200000e-002	
  8.9600000e-002	
  9.6000000e-002	
  1.0240000e-001	
  1.1520000e-001	
  1.2800000e-001	
  1.4080000e-001	
  1.5360000e-001	
  1.6640000e-001	
  1.7920000e-001	
  1.9200000e-001	
  2.0480000e-001	
  2.3040000e-001	
  2.5600000e-001	
  2.8160000e-001	
  3.0720000e-001	
  3.3280000e-001	
  3.5840000e-001	
  3.8400000e-001	
  4.0960000e-001	
  4.6080000e-001	
  5.1200000e-001	
  5.6320000e-001	
  6.1440000e-001	
  6.6560000e-001	
  7.1680000e-001	
  7.6800000e-001	
  8.1920000e-001	
  9.2160000e-001	
  1.0240000e+000	
  1.1264000e+000	
  1.2288000e+000	
  1.3312000e+000	
  1.4336000e+000	
  1.5360000e+000	
  1.6384000e+000	
  1.8432000e+000	
  2.0480000e+000	
  2.2528000e+000	
  2.4576000e+000	
  2.6624000e+000	
  2.8672000e+000	
  3.0720000e+000	
  3.2768000e+000	
  3.6864000e+000	
  4.0960000e+000	
  4.5056000e+000	
  4.9152000e+000	
  5.3248000e+000	
  5.7344000e+000	
  6.1440000e+000	
  6.5536000e+000	
  7.3728000e+000	
  8.1920000e+000	
  9.0112000e+000	
  9.8304000e+000	
  1.0649600e+001	
  1.1468800e+001	
  1.2288000e+001	
  1.3107200e+001	
  1.4745600e+001	
  1.6384000e+001	
  1.8022400e+001	
  1.9660800e+001	
  2.1299200e+001	
  2.2937600e+001	
  2.4576000e+001	
  2.6214400e+001	
  2.9491200e+001	
  3.2768000e+001	
  3.6044800e+001	
  3.9321600e+001	
  4.2598400e+001	
  4.5875200e+001	
  4.9152000e+001	
  5.2838400e+001	
  5.9392000e+001	
  6.5945600e+001	
  7.2499200e+001	
  7.9052800e+001	
  8.5606400e+001	
  9.2160000e+001	
  9.8713600e+001	
  1.0526700e+002	
  1.1837400e+002	
  1.3148200e+002	
  1.4458900e+002	
  1.5769600e+002	
  1.7080300e+002	
  1.8391000e+002	
  1.9701800e+002	
  2.1012500e+002	
  2.3633900e+002	
  2.6255400e+002	
  2.8876800e+002	
  3.1498200e+002	
  3.4119700e+002	
  3.6741100e+002	
  3.9362600e+002	
  4.1984000e+002	
  4.7226900e+002	
  5.2469800e+002	
  5.7712600e+002	
  6.2955500e+002	
  6.8198400e+002	
  7.3441300e+002	
  7.8684200e+002	
  8.3927000e+002	
  9.4412800e+002	
  1.0489900e+003	
  1.1538400e+003	
  1.2587000e+003	
  1.3635600e+003	
  1.4684200e+003	
  1.5732700e+003	
  1.6781300e+003	
  1.8878500e+003	
  2.0975600e+003	
  2.3072800e+003	
  2.5169900e+003	
  2.7267100e+003	
  2.9364200e+003	
  3.1461400e+003	
  3.3558500e+003	
  3.7752800e+003	
  4.1947100e+003	
  4.6141400e+003	
  5.0335700e+003	
  5.4530000e+003	
  5.8724400e+003	
  6.2918700e+003	
  6.7113000e+003	
  7.5501600e+003	
  8.3890200e+003	
  9.2278800e+003	
  1.0066700e+004	
  1.0905600e+004	
  1.1744500e+004	
  1.2583300e+004	
  1.3422200e+004	
  1.5099900e+004	
  1.6777600e+004	
  1.8455300e+004	
  2.0133100e+004	
  2.1810800e+004	
  2.3488500e+004	
  2.5166200e+004	
  2.6844000e+004	
  3.0199400e+004	
  3.3554800e+004	
  3.6910300e+004	
  4.0265700e+004	
  4.3621200e+004	
  4.6976600e+004	
  5.0332100e+004	
  5.3687500e+004	
  6.0398400e+004	
  6.7109300e+004	
  7.3820200e+004	
  8.0531000e+004	
  8.7241900e+004	
  9.3952800e+004	
  1.0066400e+005	
  1.0737500e+005	
  1.2079600e+005	
  1.3421800e+005	
  1.4764000e+005	
  1.6106200e+005	
  1.7448300e+005	
  1.8790500e+005	
  2.0132700e+005	
