  9.7728096e-001
  9.7726863e-001
  9.7724807e-001
  9.7721927e-001
  9.7718222e-001
  9.7713689e-001
  9.7708328e-001
  9.7702134e-001
  9.7695106e-001
  9.7687239e-001
  9.7678531e-001
  9.7668976e-001
  9.7658571e-001
  9.7647310e-001
  9.7635188e-001
  9.7622199e-001
  9.7608338e-001
  9.7593597e-001
  9.7577970e-001
  9.7561450e-001
  9.7544029e-001
  9.7525700e-001
  9.7506453e-001
  9.7486280e-001
  9.7465172e-001
  9.7443120e-001
  9.7420114e-001
  9.7396144e-001
  9.7371199e-001
  9.7345269e-001
  9.7318343e-001
  9.7290409e-001
  9.7261456e-001
  9.7231471e-001
  9.7200443e-001
  9.7168358e-001
  9.7135204e-001
  9.7100967e-001
  9.7065634e-001
  9.7029192e-001
  9.6991625e-001
  9.6952921e-001
  9.6913064e-001
  9.6872039e-001
  9.6829833e-001
  9.6786428e-001
  9.6741810e-001
  9.6695964e-001
  9.6648873e-001
  9.6600521e-001
