  2.1194791e-001
  2.1200477e-001
  2.1209953e-001
  2.1223218e-001
  2.1240272e-001
  2.1261113e-001
  2.1285739e-001
  2.1314150e-001
  2.1346341e-001
  2.1382312e-001
  2.1422059e-001
  2.1465579e-001
  2.1512869e-001
  2.1563925e-001
  2.1618744e-001
  2.1677320e-001
  2.1739650e-001
  2.1805728e-001
  2.1875550e-001
  2.1949109e-001
  2.2026401e-001
  2.2107418e-001
  2.2192154e-001
  2.2280603e-001
  2.2372757e-001
  2.2468609e-001
  2.2568150e-001
  2.2671374e-001
  2.2778270e-001
  2.2888830e-001
  2.3003045e-001
  2.3120905e-001
  2.3242400e-001
  2.3367520e-001
  2.3496253e-001
  2.3628589e-001
  2.3764515e-001
  2.3904020e-001
  2.4047092e-001
  2.4193717e-001
  2.4343882e-001
  2.4497573e-001
  2.4654777e-001
  2.4815479e-001
  2.4979662e-001
  2.5147313e-001
  2.5318415e-001
  2.5492952e-001
  2.5670906e-001
  2.5852261e-001
