  1.0000000e+000
  9.9456041e-001
  9.8929083e-001
  9.8418596e-001
  9.7924064e-001
  9.7444987e-001
  9.6980882e-001
  9.6531280e-001
  9.6095728e-001
  9.5673787e-001
  9.5265029e-001
  9.4869043e-001
  9.4485429e-001
  9.4113800e-001
  9.3753780e-001
  9.3405008e-001
  9.3067130e-001
  9.2739805e-001
  9.2422705e-001
  9.2115508e-001
  9.1817905e-001
  9.1529595e-001
  9.1250288e-001
  9.0979703e-001
  9.0717565e-001
  9.0463612e-001
  9.0217586e-001
  8.9979240e-001
  8.9748334e-001
  8.9524634e-001
  8.9307915e-001
  8.9097959e-001
  8.8894554e-001
  8.8697495e-001
  8.8506584e-001
  8.8321628e-001
  8.8142441e-001
  8.7968842e-001
  8.7800657e-001
  8.7637716e-001
  8.7479855e-001
  8.7326915e-001
  8.7178742e-001
  8.7035187e-001
  8.6896105e-001
  8.6761357e-001
  8.6630806e-001
  8.6504323e-001
  8.6381778e-001
  8.6263050e-001
  8.6148018e-001
  8.6036567e-001
  8.5928585e-001
  8.5823963e-001
  8.5722596e-001
  8.5624383e-001
  8.5529225e-001
  8.5437025e-001
  8.5347692e-001
  8.5261136e-001
  8.5177270e-001
  8.5096010e-001
  8.5017273e-001
  8.4940982e-001
  8.4867060e-001
  8.4795433e-001
  8.4726028e-001
  8.4658776e-001
  8.4593611e-001
  8.4530466e-001
  8.4469278e-001
  8.4409987e-001
  8.4352532e-001
  8.4296857e-001
  8.4242905e-001
  8.4190623e-001
  8.4139959e-001
  8.4090861e-001
  8.4043282e-001
  8.3997172e-001
  8.3952487e-001
  8.3909182e-001
  8.3867214e-001
  8.3826540e-001
  8.3787120e-001
  8.3748916e-001
  8.3711888e-001
  8.3676001e-001
  8.3641218e-001
  8.3607505e-001
  8.3574829e-001
  8.3543157e-001
  8.3512457e-001
  8.3482699e-001
  8.3453854e-001
  8.3425894e-001
  8.3398789e-001
  8.3372515e-001
  8.3347044e-001
  8.3322352e-001
  8.3298414e-001
  8.3275206e-001
  8.3252707e-001
  8.3230893e-001
  8.3209743e-001
  8.3189236e-001
  8.3169353e-001
  8.3150073e-001
  8.3131378e-001
  8.3113250e-001
  8.3095671e-001
  8.3078623e-001
  8.3062090e-001
  8.3046057e-001
  8.3030506e-001
  8.3015424e-001
  8.3000795e-001
  8.2986605e-001
  8.2972842e-001
  8.2959490e-001
  8.2946538e-001
  8.2933972e-001
  8.2921782e-001
  8.2909954e-001
  8.2898478e-001
  8.2887343e-001
  8.2876537e-001
  8.2866052e-001
  8.2855876e-001
  8.2846000e-001
  8.2836415e-001
  8.2827111e-001
  8.2818080e-001
  8.2809313e-001
  8.2800802e-001
  8.2792539e-001
  8.2784516e-001
  8.2776726e-001
  8.2769161e-001
  8.2761814e-001
  8.2754679e-001
  8.2747749e-001
  8.2741017e-001
  8.2734477e-001
  8.2728124e-001
  8.2721951e-001
  8.2715953e-001
  8.2710124e-001
  8.2704459e-001
  8.2698952e-001
  8.2693600e-001
  8.2688397e-001
  8.2683338e-001
  8.2678419e-001
  8.2673636e-001
  8.2668984e-001
  8.2664459e-001
  8.2660057e-001
  8.2655774e-001
  8.2651608e-001
  8.2647553e-001
  8.2643606e-001
  8.2639765e-001
  8.2636025e-001
  8.2632384e-001
  8.2628839e-001
  8.2625386e-001
  8.2622023e-001
  8.2618746e-001
  8.2615554e-001
  8.2612443e-001
  8.2609411e-001
  8.2606456e-001
  8.2603575e-001
  8.2600765e-001
  8.2598025e-001
  8.2595352e-001
  8.2592745e-001
  8.2590200e-001
  8.2587717e-001
  8.2585293e-001
  8.2582927e-001
  8.2580616e-001
  8.2578359e-001
  8.2576155e-001
  8.2574001e-001
  8.2571896e-001
  8.2569838e-001
  8.2567827e-001
  8.2565860e-001
  8.2563936e-001
  8.2562054e-001
  8.2560212e-001
  8.2558410e-001
  8.2556645e-001
  8.2554918e-001
  8.2553226e-001
  8.2551568e-001
  8.2549944e-001
  8.2548353e-001
  8.2546793e-001
  8.2545263e-001
  8.2543763e-001
  8.2542291e-001
  8.2540847e-001
  8.2539430e-001
  8.2538039e-001
  8.2536672e-001
  8.2535331e-001
  8.2534012e-001
  8.2532717e-001
  8.2531444e-001
  8.2530192e-001
  8.2528961e-001
  8.2527750e-001
  8.2526559e-001
  8.2525386e-001
  8.2524232e-001
  8.2523095e-001
  8.2521976e-001
  8.2520873e-001
  8.2519787e-001
  8.2518716e-001
  8.2517660e-001
  8.2516618e-001
  8.2515591e-001
  8.2514578e-001
  8.2513578e-001
  8.2512591e-001
  8.2511616e-001
  8.2510654e-001
  8.2509703e-001
  8.2508763e-001
  8.2507835e-001
  8.2506917e-001
  8.2506010e-001
  8.2505112e-001
  8.2504225e-001
  8.2503346e-001
  8.2502477e-001
  8.2501616e-001
  8.2500764e-001
  8.2499921e-001
  8.2499085e-001
  8.2498257e-001
  8.2497437e-001
  8.2496623e-001
  8.2495817e-001
  8.2495018e-001
  8.2494225e-001
  8.2493439e-001
  8.2492659e-001
  8.2491885e-001
  8.2491117e-001
  8.2490354e-001
  8.2489597e-001
  8.2488846e-001
  8.2488099e-001
  8.2487357e-001
  8.2486620e-001
  8.2485888e-001
  8.2485161e-001
  8.2484437e-001
  8.2483718e-001
  8.2483003e-001
  8.2482292e-001
  8.2481585e-001
  8.2480882e-001
  8.2480182e-001
  8.2479486e-001
  8.2478793e-001
  8.2478103e-001
  8.2477417e-001
  8.2476734e-001
  8.2476053e-001
  8.2475376e-001
  8.2474701e-001
  8.2474030e-001
  8.2473360e-001
  8.2472694e-001
  8.2472029e-001
  8.2471368e-001
  8.2470708e-001
  8.2470051e-001
  8.2469396e-001
  8.2468743e-001
  8.2468092e-001
  8.2467443e-001
  8.2466796e-001
  8.2466151e-001
  8.2465507e-001
  8.2464866e-001
  8.2464226e-001
  8.2463587e-001
  8.2462951e-001
  8.2462316e-001
  8.2461682e-001
  8.2461050e-001
  8.2460419e-001
  8.2459789e-001
  8.2459161e-001
  8.2458534e-001
  8.2457909e-001
  8.2457284e-001
  8.2456661e-001
  8.2456039e-001
  8.2455417e-001
  8.2454797e-001
  8.2454178e-001
  8.2453560e-001
  8.2452943e-001
  8.2452327e-001
  8.2451712e-001
  8.2451097e-001
  8.2450484e-001
  8.2449871e-001
  8.2449259e-001
  8.2448648e-001
  8.2448037e-001
  8.2447427e-001
  8.2446818e-001
  8.2446210e-001
  8.2445602e-001
  8.2444995e-001
  8.2444389e-001
  8.2443783e-001
  8.2443177e-001
  8.2442573e-001
  8.2441968e-001
  8.2441365e-001
  8.2440761e-001
  8.2440159e-001
  8.2439557e-001
  8.2438955e-001
  8.2438353e-001
  8.2437753e-001
  8.2437152e-001
  8.2436552e-001
  8.2435952e-001
  8.2435353e-001
  8.2434754e-001
  8.2434156e-001
  8.2433558e-001
  8.2432960e-001
  8.2432362e-001
  8.2431765e-001
  8.2431168e-001
  8.2430571e-001
  8.2429975e-001
  8.2429379e-001
  8.2428783e-001
  8.2428188e-001
  8.2427593e-001
  8.2426998e-001
  8.2426403e-001
  8.2425808e-001
  8.2425214e-001
  8.2424620e-001
  8.2424026e-001
  8.2423432e-001
  8.2422839e-001
  8.2422246e-001
  8.2421652e-001
  8.2421060e-001
  8.2420467e-001
  8.2419874e-001
  8.2419282e-001
  8.2418690e-001
  8.2418097e-001
  8.2417505e-001
  8.2416914e-001
  8.2416322e-001
  8.2415731e-001
  8.2415139e-001
  8.2414548e-001
  8.2413957e-001
  8.2413366e-001
  8.2412775e-001
  8.2412184e-001
  8.2411593e-001
  8.2411003e-001
  8.2410412e-001
  8.2409822e-001
  8.2409232e-001
  8.2408642e-001
  8.2408051e-001
  8.2407461e-001
  8.2406872e-001
  8.2406282e-001
  8.2405692e-001
  8.2405102e-001
  8.2404513e-001
  8.2403923e-001
  8.2403334e-001
  8.2402744e-001
  8.2402155e-001
  8.2401566e-001
  8.2400977e-001
  8.2400388e-001
  8.2399799e-001
  8.2399210e-001
  8.2398621e-001
  8.2398032e-001
  8.2397443e-001
  8.2396854e-001
  8.2396265e-001
  8.2395677e-001
  8.2395088e-001
  8.2394500e-001
  8.2393911e-001
  8.2393323e-001
  8.2392734e-001
  8.2392146e-001
  8.2391557e-001
  8.2390969e-001
  8.2390381e-001
  8.2389793e-001
  8.2389204e-001
  8.2388616e-001
  8.2388028e-001
  8.2387440e-001
  8.2386852e-001
  8.2386264e-001
  8.2385676e-001
  8.2385088e-001
  8.2384500e-001
  8.2383912e-001
  8.2383324e-001
  8.2382736e-001
  8.2382148e-001
  8.2381560e-001
  8.2380973e-001
  8.2380385e-001
  8.2379797e-001
  8.2379209e-001
  8.2378622e-001
  8.2378034e-001
  8.2377446e-001
  8.2376859e-001
  8.2376271e-001
  8.2375683e-001
  8.2375096e-001
  8.2374508e-001
  8.2373921e-001
  8.2373333e-001
  8.2372746e-001
  8.2372158e-001
  8.2371571e-001
  8.2370983e-001
  8.2370396e-001
  8.2369808e-001
  8.2369221e-001
  8.2368633e-001
  8.2368046e-001
  8.2367459e-001
  8.2366871e-001
  8.2366284e-001
  8.2365697e-001
  8.2365109e-001
  8.2364522e-001
  8.2363935e-001
  8.2363347e-001
  8.2362760e-001
  8.2362173e-001
  8.2361586e-001
  8.2360998e-001
  8.2360411e-001
  8.2359824e-001
  8.2359237e-001
  8.2358649e-001
  8.2358062e-001
  8.2357475e-001
  8.2356888e-001
  8.2356301e-001
  8.2355714e-001
  8.2355126e-001
  8.2354539e-001
  8.2353952e-001
  8.2353365e-001
  8.2352778e-001
  8.2352191e-001
  8.2351604e-001
  8.2351017e-001
  8.2350430e-001
  8.2349842e-001
  8.2349255e-001
  8.2348668e-001
  8.2348081e-001
  8.2347494e-001
  8.2346907e-001
  8.2346320e-001
  8.2345733e-001
  8.2345146e-001
  8.2344559e-001
  8.2343972e-001
  8.2343385e-001
  8.2342798e-001
  8.2342211e-001
  8.2341624e-001
  8.2341037e-001
  8.2340450e-001
  8.2339863e-001
  8.2339276e-001
  8.2338690e-001
  8.2338103e-001
  8.2337516e-001
  8.2336929e-001
  8.2336342e-001
  8.2335755e-001
  8.2335168e-001
  8.2334581e-001
  8.2333994e-001
  8.2333407e-001
  8.2332821e-001
  8.2332234e-001
  8.2331647e-001
  8.2331060e-001
  8.2330473e-001
  8.2329886e-001
  8.2329299e-001
  8.2328713e-001
  8.2328126e-001
  8.2327539e-001
  8.2326952e-001
  8.2326365e-001
  8.2325778e-001
  8.2325192e-001
  8.2324605e-001
  8.2324018e-001
  8.2323431e-001
  8.2322844e-001
  8.2322258e-001
  8.2321671e-001
  8.2321084e-001
  8.2320497e-001
  8.2319911e-001
  8.2319324e-001
  8.2318737e-001
  8.2318150e-001
  8.2317564e-001
  8.2316977e-001
  8.2316390e-001
  8.2315803e-001
  8.2315217e-001
  8.2314630e-001
  8.2314043e-001
  8.2313457e-001
  8.2312870e-001
  8.2312283e-001
  8.2311696e-001
  8.2311110e-001
  8.2310523e-001
  8.2309936e-001
  8.2309350e-001
  8.2308763e-001
  8.2308176e-001
  8.2307590e-001
  8.2307003e-001
  8.2306416e-001
  8.2305830e-001
  8.2305243e-001
  8.2304656e-001
  8.2304070e-001
  8.2303483e-001
  8.2302897e-001
  8.2302310e-001
  8.2301723e-001
  8.2301137e-001
  8.2300550e-001
  8.2299963e-001
  8.2299377e-001
  8.2298790e-001
  8.2298204e-001
  8.2297617e-001
  8.2297031e-001
  8.2296444e-001
  8.2295857e-001
  8.2295271e-001
  8.2294684e-001
  8.2294098e-001
  8.2293511e-001
  8.2292925e-001
  8.2292338e-001
  8.2291751e-001
  8.2291165e-001
  8.2290578e-001
  8.2289992e-001
  8.2289405e-001
  8.2288819e-001
  8.2288232e-001
  8.2287646e-001
  8.2287059e-001
  8.2286473e-001
  8.2285886e-001
  8.2285300e-001
  8.2284713e-001
  8.2284127e-001
  8.2283540e-001
  8.2282954e-001
  8.2282367e-001
  8.2281781e-001
  8.2281194e-001
  8.2280608e-001
  8.2280022e-001
  8.2279435e-001
  8.2278849e-001
  8.2278262e-001
  8.2277676e-001
  8.2277089e-001
  8.2276503e-001
  8.2275916e-001
  8.2275330e-001
  8.2274744e-001
  8.2274157e-001
  8.2273571e-001
  8.2272984e-001
  8.2272398e-001
  8.2271812e-001
  8.2271225e-001
  8.2270639e-001
  8.2270052e-001
  8.2269466e-001
  8.2268880e-001
  8.2268293e-001
  8.2267707e-001
  8.2267121e-001
  8.2266534e-001
  8.2265948e-001
  8.2265361e-001
  8.2264775e-001
  8.2264189e-001
  8.2263602e-001
  8.2263016e-001
  8.2262430e-001
  8.2261843e-001
  8.2261257e-001
  8.2260671e-001
  8.2260084e-001
  8.2259498e-001
  8.2258912e-001
  8.2258326e-001
  8.2257739e-001
  8.2257153e-001
  8.2256567e-001
  8.2255980e-001
  8.2255394e-001
  8.2254808e-001
  8.2254222e-001
  8.2253635e-001
  8.2253049e-001
  8.2252463e-001
  8.2251877e-001
  8.2251290e-001
  8.2250704e-001
  8.2250118e-001
  8.2249532e-001
  8.2248945e-001
  8.2248359e-001
  8.2247773e-001
  8.2247187e-001
  8.2246600e-001
  8.2246014e-001
  8.2245428e-001
  8.2244842e-001
  8.2244256e-001
  8.2243669e-001
  8.2243083e-001
  8.2242497e-001
  8.2241911e-001
  8.2241325e-001
  8.2240739e-001
  8.2240152e-001
  8.2239566e-001
  8.2238980e-001
  8.2238394e-001
  8.2237808e-001
  8.2237222e-001
  8.2236635e-001
  8.2236049e-001
  8.2235463e-001
  8.2234877e-001
  8.2234291e-001
  8.2233705e-001
  8.2233119e-001
  8.2232533e-001
  8.2231946e-001
  8.2231360e-001
  8.2230774e-001
  8.2230188e-001
  8.2229602e-001
  8.2229016e-001
  8.2228430e-001
  8.2227844e-001
  8.2227258e-001
  8.2226672e-001
  8.2226086e-001
  8.2225499e-001
  8.2224913e-001
  8.2224327e-001
  8.2223741e-001
  8.2223155e-001
  8.2222569e-001
  8.2221983e-001
  8.2221397e-001
  8.2220811e-001
  8.2220225e-001
  8.2219639e-001
  8.2219053e-001
  8.2218467e-001
  8.2217881e-001
  8.2217295e-001
  8.2216709e-001
  8.2216123e-001
  8.2215537e-001
  8.2214951e-001
  8.2214365e-001
  8.2213779e-001
  8.2213193e-001
  8.2212607e-001
  8.2212021e-001
  8.2211435e-001
  8.2210849e-001
  8.2210263e-001
  8.2209677e-001
  8.2209091e-001
  8.2208505e-001
  8.2207919e-001
  8.2207333e-001
  8.2206748e-001
  8.2206162e-001
  8.2205576e-001
  8.2204990e-001
  8.2204404e-001
  8.2203818e-001
  8.2203232e-001
  8.2202646e-001
  8.2202060e-001
  8.2201474e-001
  8.2200888e-001
  8.2200303e-001
  8.2199717e-001
  8.2199131e-001
  8.2198545e-001
  8.2197959e-001
  8.2197373e-001
  8.2196787e-001
  8.2196201e-001
  8.2195616e-001
  8.2195030e-001
  8.2194444e-001
  8.2193858e-001
  8.2193272e-001
  8.2192686e-001
  8.2192101e-001
  8.2191515e-001
  8.2190929e-001
  8.2190343e-001
  8.2189757e-001
  8.2189172e-001
  8.2188586e-001
  8.2188000e-001
  8.2187414e-001
  8.2186828e-001
  8.2186243e-001
  8.2185657e-001
  8.2185071e-001
  8.2184485e-001
  8.2183899e-001
  8.2183314e-001
  8.2182728e-001
  8.2182142e-001
  8.2181556e-001
  8.2180971e-001
  8.2180385e-001
  8.2179799e-001
  8.2179213e-001
  8.2178628e-001
  8.2178042e-001
  8.2177456e-001
  8.2176871e-001
  8.2176285e-001
  8.2175699e-001
  8.2175113e-001
  8.2174528e-001
  8.2173942e-001
  8.2173356e-001
  8.2172771e-001
  8.2172185e-001
  8.2171599e-001
  8.2171014e-001
  8.2170428e-001
  8.2169842e-001
  8.2169257e-001
  8.2168671e-001
  8.2168085e-001
  8.2167500e-001
  8.2166914e-001
  8.2166328e-001
  8.2165743e-001
  8.2165157e-001
  8.2164571e-001
  8.2163986e-001
  8.2163400e-001
  8.2162815e-001
  8.2162229e-001
  8.2161643e-001
  8.2161058e-001
  8.2160472e-001
  8.2159886e-001
  8.2159301e-001
  8.2158715e-001
  8.2158130e-001
  8.2157544e-001
  8.2156959e-001
  8.2156373e-001
  8.2155787e-001
  8.2155202e-001
  8.2154616e-001
  8.2154031e-001
  8.2153445e-001
  8.2152860e-001
  8.2152274e-001
  8.2151689e-001
  8.2151103e-001
  8.2150517e-001
  8.2149932e-001
  8.2149346e-001
  8.2148761e-001
  8.2148175e-001
  8.2147590e-001
  8.2147004e-001
  8.2146419e-001
  8.2145833e-001
  8.2145248e-001
  8.2144662e-001
  8.2144077e-001
  8.2143491e-001
  8.2142906e-001
  8.2142320e-001
  8.2141735e-001
  8.2141150e-001
  8.2140564e-001
  8.2139979e-001
  8.2139393e-001
  8.2138808e-001
  8.2138222e-001
  8.2137637e-001
  8.2137051e-001
  8.2136466e-001
  8.2135881e-001
  8.2135295e-001
  8.2134710e-001
  8.2134124e-001
  8.2133539e-001
  8.2132953e-001
  8.2132368e-001
  8.2131783e-001
  8.2131197e-001
  8.2130612e-001
  8.2130027e-001
  8.2129441e-001
  8.2128856e-001
  8.2128270e-001
  8.2127685e-001
  8.2127100e-001
  8.2126514e-001
  8.2125929e-001
  8.2125344e-001
  8.2124758e-001
  8.2124173e-001
  8.2123588e-001
  8.2123002e-001
  8.2122417e-001
  8.2121832e-001
  8.2121246e-001
  8.2120661e-001
  8.2120076e-001
  8.2119490e-001
  8.2118905e-001
  8.2118320e-001
  8.2117734e-001
  8.2117149e-001
  8.2116564e-001
  8.2115979e-001
  8.2115393e-001
  8.2114808e-001
  8.2114223e-001
  8.2113637e-001
  8.2113052e-001
  8.2112467e-001
  8.2111882e-001
  8.2111296e-001
  8.2110711e-001
  8.2110126e-001
  8.2109541e-001
  8.2108955e-001
  8.2108370e-001
  8.2107785e-001
  8.2107200e-001
  8.2106615e-001
