  1.0000000e+000
  9.6870993e-001
  9.3839893e-001
  9.0903636e-001
  8.8059255e-001
  8.5303875e-001
  8.2634710e-001
  8.0049065e-001
  7.7544324e-001
  7.5117956e-001
  7.2767510e-001
  7.0490610e-001
  6.8284954e-001
  6.6148313e-001
  6.4078527e-001
  6.2073506e-001
  6.0131222e-001
  5.8249711e-001
  5.6427074e-001
  5.4661467e-001
  5.2951106e-001
  5.1294262e-001
  4.9689261e-001
  4.8134480e-001
  4.6628349e-001
  4.5169345e-001
  4.3755993e-001
  4.2386865e-001
  4.1060577e-001
  3.9775788e-001
  3.8531201e-001
  3.7325557e-001
  3.6157638e-001
  3.5026263e-001
  3.3930289e-001
  3.2868608e-001
  3.1840147e-001
  3.0843866e-001
  2.9878759e-001
  2.8943851e-001
  2.8038196e-001
  2.7160879e-001
  2.6311013e-001
  2.5487740e-001
  2.4690226e-001
  2.3917667e-001
  2.3169282e-001
  2.2444314e-001
  2.1742029e-001
  2.1061720e-001
  2.0402697e-001
  1.9764295e-001
  1.9145869e-001
  1.8546794e-001
  1.7966463e-001
  1.7404291e-001
  1.6859710e-001
  1.6332168e-001
  1.5821133e-001
  1.5326089e-001
  1.4846535e-001
  1.4381986e-001
  1.3931972e-001
  1.3496040e-001
  1.3073748e-001
  1.2664669e-001
  1.2268391e-001
  1.1884512e-001
  1.1512645e-001
  1.1152413e-001
  1.0803454e-001
  1.0465413e-001
  1.0137949e-001
  9.8207322e-002
  9.5134408e-002
  9.2157646e-002
  8.9274027e-002
  8.6480636e-002
  8.3774651e-002
  8.1153336e-002
  7.8614043e-002
  7.6154204e-002
  7.3771334e-002
  7.1463023e-002
  6.9226940e-002
  6.7060825e-002
  6.4962487e-002
  6.2929806e-002
  6.0960728e-002
  5.9053262e-002
  5.7205482e-002
  5.5415518e-002
  5.3681563e-002
  5.2001863e-002
  5.0374721e-002
  4.8798492e-002
  4.7271584e-002
  4.5792453e-002
  4.4359604e-002
  4.2971589e-002
  4.1627005e-002
  4.0324493e-002
  3.9062737e-002
  3.7840461e-002
  3.6656430e-002
  3.5509448e-002
  3.4398355e-002
  3.3322028e-002
  3.2279379e-002
  3.1269355e-002
  3.0290935e-002
  2.9343130e-002
  2.8424981e-002
  2.7535561e-002
  2.6673972e-002
  2.5839341e-002
  2.5030826e-002
  2.4247610e-002
  2.3488901e-002
  2.2753931e-002
  2.2041959e-002
  2.1352265e-002
  2.0684151e-002
  2.0036942e-002
  1.9409985e-002
  1.8802645e-002
  1.8214309e-002
  1.7644382e-002
  1.7092288e-002
  1.6557469e-002
  1.6039385e-002
  1.5537512e-002
  1.5051342e-002
  1.4580384e-002
  1.4124163e-002
  1.3682217e-002
  1.3254099e-002
  1.2839378e-002
  1.2437633e-002
  1.2048458e-002
  1.1671461e-002
  1.1306260e-002
  1.0952487e-002
  1.0609783e-002
  1.0277802e-002
  9.9562086e-003
  9.6446781e-003
  9.3428955e-003
  9.0505556e-003
  8.7673631e-003
  8.4930317e-003
  8.2272841e-003
  7.9698519e-003
  7.7204746e-003
  7.4789004e-003
  7.2448851e-003
  7.0181922e-003
  6.7985924e-003
  6.5858640e-003
  6.3797919e-003
  6.1801677e-003
  5.9867898e-003
  5.7994628e-003
  5.6179972e-003
  5.4422097e-003
  5.2719225e-003
  5.1069637e-003
  4.9471665e-003
  4.7923693e-003
  4.6424157e-003
  4.4971542e-003
  4.3564379e-003
  4.2201247e-003
  4.0880767e-003
  3.9601605e-003
  3.8362468e-003
  3.7162103e-003
  3.5999299e-003
  3.4872878e-003
  3.3781703e-003
  3.2724671e-003
  3.1700714e-003
  3.0708797e-003
  2.9747916e-003
  2.8817102e-003
  2.7915413e-003
  2.7041937e-003
  2.6195793e-003
  2.5376125e-003
  2.4582104e-003
  2.3812929e-003
  2.3067820e-003
  2.2346027e-003
  2.1646818e-003
  2.0969488e-003
  2.0313351e-003
  1.9677745e-003
  1.9062027e-003
  1.8465574e-003
  1.7887785e-003
  1.7328075e-003
  1.6785879e-003
  1.6260647e-003
  1.5751851e-003
  1.5258974e-003
  1.4781520e-003
  1.4319005e-003
  1.3870962e-003
  1.3436939e-003
  1.3016496e-003
  1.2609209e-003
  1.2214666e-003
  1.1832468e-003
  1.1462229e-003
  1.1103576e-003
  1.0756144e-003
  1.0419583e-003
  1.0093554e-003
  9.7777259e-004
  9.4717801e-004
  9.1754075e-004
  8.8883083e-004
  8.6101925e-004
  8.3407790e-004
  8.0797955e-004
  7.8269781e-004
  7.5820714e-004
  7.3448279e-004
  7.1150077e-004
  6.8923786e-004
  6.6767156e-004
  6.4678007e-004
  6.2654227e-004
  6.0693772e-004
  5.8794660e-004
  5.6954971e-004
  5.5172846e-004
  5.3446484e-004
  5.1774139e-004
  5.0154123e-004
  4.8584797e-004
  4.7064575e-004
  4.5591921e-004
  4.4165347e-004
  4.2783410e-004
  4.1444714e-004
  4.0147906e-004
  3.8891676e-004
  3.7674752e-004
  3.6495907e-004
  3.5353947e-004
  3.4247720e-004
  3.3176106e-004
  3.2138023e-004
  3.1132422e-004
  3.0158287e-004
  2.9214632e-004
  2.8300504e-004
  2.7414979e-004
  2.6557163e-004
  2.5726187e-004
  2.4921213e-004
  2.4141426e-004
  2.3386040e-004
  2.2654289e-004
  2.1945434e-004
  2.1258760e-004
  2.0593572e-004
  1.9949198e-004
  1.9324986e-004
  1.8720306e-004
  1.8134546e-004
  1.7567115e-004
  1.7017439e-004
  1.6484962e-004
  1.5969146e-004
  1.5469471e-004
  1.4985430e-004
  1.4516535e-004
  1.4062311e-004
  1.3622301e-004
  1.3196058e-004
  1.2783152e-004
  1.2383167e-004
  1.1995696e-004
  1.1620350e-004
  1.1256749e-004
  1.0904524e-004
  1.0563321e-004
  1.0232794e-004
  9.9126090e-005
  9.6024427e-005
  9.3019816e-005
  9.0109220e-005
  8.7289696e-005
  8.4558395e-005
  8.1912557e-005
  7.9349508e-005
  7.6866656e-005
  7.4461493e-005
  7.2131588e-005
  6.9874585e-005
  6.7688204e-005
  6.5570236e-005
  6.3518539e-005
  6.1531039e-005
  5.9605729e-005
  5.7740661e-005
  5.5933952e-005
  5.4183775e-005
  5.2488360e-005
  5.0845996e-005
  4.9255021e-005
  4.7713828e-005
  4.6220859e-005
  4.4774605e-005
  4.3373605e-005
  4.2016442e-005
  4.0701744e-005
  3.9428184e-005
  3.8194473e-005
  3.6999365e-005
  3.5841653e-005
  3.4720165e-005
  3.3633768e-005
  3.2581365e-005
  3.1561892e-005
  3.0574318e-005
  2.9617646e-005
  2.8690908e-005
  2.7793167e-005
  2.6923517e-005
  2.6081078e-005
  2.5265000e-005
  2.4474456e-005
  2.3708649e-005
  2.2966803e-005
  2.2248170e-005
  2.1552024e-005
  2.0877659e-005
  2.0224396e-005
  1.9591573e-005
  1.8978551e-005
  1.8384711e-005
  1.7809452e-005
  1.7252193e-005
  1.6712371e-005
  1.6189440e-005
  1.5682871e-005
  1.5192153e-005
  1.4716789e-005
  1.4256300e-005
  1.3810219e-005
  1.3378097e-005
  1.2959495e-005
  1.2553992e-005
  1.2161176e-005
  1.1780652e-005
  1.1412035e-005
  1.1054951e-005
  1.0709041e-005
  1.0373955e-005
  1.0049353e-005
  9.7349078e-006
  9.4303019e-006
  9.1352271e-006
  8.8493852e-006
  8.5724873e-006
  8.3042536e-006
  8.0444129e-006
  7.7927027e-006
  7.5488684e-006
  7.3126638e-006
  7.0838501e-006
  6.8621959e-006
  6.6474773e-006
  6.4394773e-006
  6.2379856e-006
  6.0427986e-006
  5.8537190e-006
  5.6705557e-006
  5.4931236e-006
  5.3212434e-006
  5.1547413e-006
  4.9934491e-006
  4.8372037e-006
  4.6858473e-006
  4.5392268e-006
  4.3971941e-006
  4.2596056e-006
  4.1263222e-006
  3.9972093e-006
  3.8721363e-006
  3.7509769e-006
  3.6336086e-006
  3.5199127e-006
  3.4097744e-006
  3.3030823e-006
  3.1997287e-006
  3.0996089e-006
  3.0026219e-006
  2.9086697e-006
  2.8176572e-006
  2.7294925e-006
  2.6440865e-006
  2.5613529e-006
  2.4812080e-006
  2.4035708e-006
  2.3283629e-006
  2.2555082e-006
  2.1849332e-006
  2.1165665e-006
  2.0503390e-006
  1.9861838e-006
  1.9240359e-006
  1.8638327e-006
  1.8055133e-006
  1.7490186e-006
  1.6942917e-006
  1.6412772e-006
  1.5899215e-006
  1.5401728e-006
  1.4919806e-006
  1.4452965e-006
  1.4000730e-006
  1.3562647e-006
  1.3138270e-006
  1.2727173e-006
  1.2328939e-006
  1.1943166e-006
  1.1569463e-006
  1.1207454e-006
  1.0856772e-006
  1.0517063e-006
  1.0187983e-006
  9.8692003e-007
  9.5603923e-007
  9.2612470e-007
  8.9714619e-007
  8.6907442e-007
  8.4188102e-007
  8.1553851e-007
  7.9002025e-007
  7.6530046e-007
  7.4135416e-007
  7.1815713e-007
  6.9568595e-007
  6.7391788e-007
  6.5283095e-007
  6.3240382e-007
  6.1261586e-007
  5.9344707e-007
  5.7487807e-007
  5.5689009e-007
  5.3946496e-007
  5.2258507e-007
  5.0623334e-007
  4.9039327e-007
  4.7504883e-007
  4.6018452e-007
  4.4578531e-007
  4.3183666e-007
  4.1832446e-007
  4.0523506e-007
  3.9255522e-007
  3.8027214e-007
  3.6837340e-007
  3.5684697e-007
  3.4568120e-007
  3.3486481e-007
  3.2438687e-007
  3.1423678e-007
  3.0440429e-007
  2.9487946e-007
  2.8565266e-007
  2.7671457e-007
  2.6805615e-007
  2.5966866e-007
  2.5154361e-007
  2.4367279e-007
  2.3604825e-007
  2.2866228e-007
  2.2150742e-007
  2.1457644e-007
  2.0786233e-007
  2.0135830e-007
  1.9505779e-007
  1.8895442e-007
  1.8304202e-007
  1.7731462e-007
  1.7176643e-007
  1.6639185e-007
  1.6118544e-007
  1.5614193e-007
  1.5125624e-007
  1.4652342e-007
  1.4193870e-007
  1.3749742e-007
  1.3319512e-007
  1.2902744e-007
  1.2499016e-007
  1.2107921e-007
  1.1729063e-007
  1.1362060e-007
  1.1006540e-007
  1.0662145e-007
  1.0328526e-007
  1.0005345e-007
  9.6922773e-008
  9.3890053e-008
  9.0952226e-008
  8.8106325e-008
  8.5349472e-008
  8.2678881e-008
  8.0091853e-008
  7.7585773e-008
  7.5158109e-008
  7.2806406e-008
  7.0528289e-008
  6.8321454e-008
  6.6183671e-008
  6.4112779e-008
  6.2106686e-008
  6.0163363e-008
  5.8280847e-008
  5.6457236e-008
  5.4690685e-008
  5.2979409e-008
  5.1321680e-008
  4.9715821e-008
  4.8160209e-008
  4.6653273e-008
  4.5193489e-008
  4.3779382e-008
  4.2409522e-008
  4.1082525e-008
  3.9797050e-008
  3.8551797e-008
  3.7345509e-008
  3.6176965e-008
  3.5044985e-008
  3.3948425e-008
  3.2886177e-008
  3.1857166e-008
  3.0860353e-008
  2.9894730e-008
  2.8959322e-008
  2.8053183e-008
  2.7175397e-008
  2.6325077e-008
  2.5501363e-008
  2.4703424e-008
  2.3930452e-008
  2.3181667e-008
  2.2456311e-008
  2.1753651e-008
  2.1072978e-008
  2.0413603e-008
  1.9774860e-008
  1.9156103e-008
  1.8556707e-008
  1.7976067e-008
  1.7413594e-008
  1.6868722e-008
  1.6340898e-008
  1.5829590e-008
  1.5334281e-008
  1.4854471e-008
  1.4389673e-008
  1.3939419e-008
  1.3503254e-008
  1.3080736e-008
  1.2671439e-008
  1.2274949e-008
  1.1890865e-008
  1.1518799e-008
  1.1158375e-008
  1.0809228e-008
  1.0471007e-008
  1.0143368e-008
  9.8259816e-009
  9.5185260e-009
  9.2206907e-009
  8.9321746e-009
  8.6526862e-009
  8.3819431e-009
  8.1196715e-009
  7.8656064e-009
  7.6194910e-009
  7.3810766e-009
  7.1501222e-009
  6.9263944e-009
  6.7096670e-009
  6.4997211e-009
  6.2963443e-009
  6.0993313e-009
  5.9084828e-009
  5.7236060e-009
  5.5445139e-009
  5.3710257e-009
  5.2029659e-009
  5.0401648e-009
  4.8824576e-009
  4.7296852e-009
  4.5816930e-009
  4.4383315e-009
  4.2994558e-009
  4.1649256e-009
  4.0346047e-009
  3.9083617e-009
  3.7860688e-009
  3.6676024e-009
  3.5528429e-009
  3.4416742e-009
  3.3339839e-009
  3.2296634e-009
  3.1286070e-009
  3.0307126e-009
  2.9358814e-009
  2.8440175e-009
  2.7550280e-009
  2.6688230e-009
  2.5853153e-009
  2.5044206e-009
  2.4260571e-009
  2.3501456e-009
  2.2766094e-009
  2.2053741e-009
  2.1363678e-009
  2.0695207e-009
  2.0047653e-009
  1.9420360e-009
  1.8812696e-009
  1.8224045e-009
  1.7653814e-009
  1.7101425e-009
  1.6566320e-009
  1.6047958e-009
  1.5545817e-009
  1.5059387e-009
  1.4588178e-009
  1.4131713e-009
  1.3689530e-009
  1.3261184e-009
  1.2846241e-009
  1.2444281e-009
  1.2054898e-009
  1.1677700e-009
  1.1312304e-009
  1.0958341e-009
  1.0615454e-009
  1.0283295e-009
  9.9615304e-010
  9.6498335e-010
  9.3478895e-010
  9.0553934e-010
  8.7720495e-010
  8.4975714e-010
  8.2316818e-010
  7.9741119e-010
  7.7246014e-010
  7.4828981e-010
  7.2487577e-010
  7.0219436e-010
  6.8022265e-010
  6.5893843e-010
  6.3832020e-010
  6.1834712e-010
  5.9899899e-010
  5.8025627e-010
  5.6210001e-010
  5.4451187e-010
  5.2747405e-010
  5.1096935e-010
  4.9498108e-010
  4.7949309e-010
  4.6448972e-010
  4.4995580e-010
  4.3587665e-010
  4.2223804e-010
  4.0902619e-010
  3.9622773e-010
  3.8382973e-010
  3.7181968e-010
  3.6018541e-010
  3.4891518e-010
  3.3799760e-010
  3.2742164e-010
  3.1717659e-010
  3.0725211e-010
  2.9763817e-010
  2.8832505e-010
  2.7930334e-010
  2.7056392e-010
  2.6209796e-010
  2.5389689e-010
  2.4595244e-010
  2.3825657e-010
  2.3080151e-010
  2.2357971e-010
  2.1658389e-010
  2.0980696e-010
  2.0324209e-010
  1.9688263e-010
  1.9072216e-010
  1.8475445e-010
  1.7897347e-010
  1.7337338e-010
  1.6794851e-010
  1.6269339e-010
  1.5760270e-010
  1.5267130e-010
  1.4789421e-010
  1.4326659e-010
  1.3878377e-010
  1.3444121e-010
  1.3023454e-010
  1.2615949e-010
  1.2221195e-010
  1.1838793e-010
  1.1468356e-010
  1.1109511e-010
  1.0761893e-010
  1.0425153e-010
  1.0098949e-010
  9.7829523e-011
  9.4768430e-011
  9.1803120e-011
  8.8930594e-011
  8.6147949e-011
  8.3452374e-011
  8.0841143e-011
  7.8311618e-011
  7.5861242e-011
  7.3487538e-011
  7.1188108e-011
  6.8960627e-011
  6.6802845e-011
  6.4712579e-011
  6.2687718e-011
  6.0726215e-011
  5.8826087e-011
  5.6985415e-011
  5.5202337e-011
  5.3475052e-011
  5.1801814e-011
  5.0180932e-011
  4.8610767e-011
  4.7089733e-011
  4.5616291e-011
  4.4188955e-011
  4.2806279e-011
  4.1466868e-011
  4.0169366e-011
  3.8912464e-011
  3.7694890e-011
  3.6515415e-011
  3.5372845e-011
  3.4266026e-011
  3.3193840e-011
  3.2155202e-011
  3.1149064e-011
  3.0174407e-011
  2.9230248e-011
  2.8315631e-011
  2.7429633e-011
  2.6571358e-011
  2.5739938e-011
  2.4934534e-011
  2.4154331e-011
  2.3398540e-011
  2.2666398e-011
  2.1957165e-011
  2.1270124e-011
  2.0604580e-011
  1.9959861e-011
  1.9335316e-011
  1.8730312e-011
  1.8144240e-011
  1.7576505e-011
  1.7026535e-011
  1.6493774e-011
  1.5977682e-011
  1.5477739e-011
  1.4993440e-011
  1.4524294e-011
  1.4069828e-011
  1.3629582e-011
  1.3203111e-011
  1.2789985e-011
  1.2389786e-011
  1.2002108e-011
  1.1626562e-011
  1.1262766e-011
  1.0910353e-011
  1.0568967e-011
  1.0238263e-011
  9.9179075e-012
  9.6075755e-012
  9.3069538e-012
  9.0157385e-012
  8.7336355e-012
  8.4603594e-012
  8.1956342e-012
  7.9391922e-012
  7.6907743e-012
  7.4501294e-012
  7.2170144e-012
  6.9911935e-012
  6.7724386e-012
  6.5605285e-012
  6.3552491e-012
  6.1563929e-012
  5.9637589e-012
  5.7771525e-012
  5.5963850e-012
  5.4212737e-012
  5.2516417e-012
  5.0873174e-012
  4.9281349e-012
  4.7739332e-012
  4.6245565e-012
  4.4798538e-012
  4.3396789e-012
  4.2038900e-012
  4.0723500e-012
  3.9449259e-012
  3.8214889e-012
  3.7019142e-012
  3.5860811e-012
  3.4738724e-012
  3.3651747e-012
  3.2598781e-012
  3.1578763e-012
  3.0590661e-012
  2.9633477e-012
  2.8706244e-012
  2.7808023e-012
  2.6937908e-012
  2.6095019e-012
  2.5278504e-012
  2.4487538e-012
  2.3721321e-012
  2.2979080e-012
  2.2260063e-012
  2.1563544e-012
  2.0888819e-012
  2.0235206e-012
  1.9602045e-012
  1.8988696e-012
  1.8394538e-012
  1.7818972e-012
  1.7261415e-012
  1.6721304e-012
  1.6198093e-012
  1.5691254e-012
  1.5200273e-012
  1.4724656e-012
  1.4263920e-012
  1.3817601e-012
  1.3385248e-012
  1.2966422e-012
  1.2560702e-012
  1.2167677e-012
  1.1786949e-012
  1.1418135e-012
  1.1060861e-012
  1.0714765e-012
  1.0379500e-012
  1.0054724e-012
  9.7401114e-013
  9.4353426e-013
  9.1401101e-013
  8.8541154e-013
  8.5770695e-013
  8.3086924e-013
  8.0487128e-013
  7.7968681e-013
  7.5529035e-013
  7.3165726e-013
  7.0876366e-013
  6.8658639e-013
  6.6510306e-013
  6.4429193e-013
  6.2413199e-013
  6.0460286e-013
  5.8568479e-013
  5.6735868e-013
  5.4960598e-013
  5.3240877e-013
  5.1574967e-013
  4.9961182e-013
  4.8397893e-013
  4.6883520e-013
  4.5416531e-013
  4.3995445e-013
  4.2618824e-013
  4.1285278e-013
  3.9993459e-013
  3.8742061e-013
