  1.0000000e+000
  9.9999287e-001
  9.9998575e-001
  9.9997862e-001
  9.9997149e-001
  9.9996436e-001
  9.9995724e-001
  9.9995011e-001
  9.9994298e-001
  9.9993585e-001
  9.9992873e-001
  9.9992160e-001
  9.9991447e-001
  9.9990735e-001
  9.9990022e-001
  9.9989309e-001
  9.9988597e-001
  9.9987884e-001
  9.9987171e-001
  9.9986459e-001
  9.9985746e-001
  9.9985033e-001
  9.9984321e-001
  9.9983608e-001
  9.9982895e-001
  9.9982183e-001
  9.9981470e-001
  9.9980758e-001
  9.9980045e-001
  9.9979332e-001
  9.9978620e-001
  9.9977907e-001
  9.9977195e-001
  9.9976482e-001
  9.9975769e-001
  9.9975057e-001
  9.9974344e-001
  9.9973632e-001
  9.9972919e-001
  9.9972207e-001
  9.9971494e-001
  9.9970781e-001
  9.9970069e-001
  9.9969356e-001
  9.9968644e-001
  9.9967931e-001
  9.9967219e-001
  9.9966506e-001
  9.9965794e-001
  9.9965081e-001
  9.9964369e-001
  9.9963656e-001
  9.9962944e-001
  9.9962231e-001
  9.9961519e-001
  9.9960806e-001
  9.9960094e-001
  9.9959381e-001
  9.9958669e-001
  9.9957956e-001
  9.9957244e-001
  9.9956532e-001
  9.9955819e-001
  9.9955107e-001
  9.9954394e-001
  9.9953682e-001
  9.9952969e-001
  9.9952257e-001
  9.9951545e-001
  9.9950832e-001
  9.9950120e-001
  9.9949407e-001
  9.9948695e-001
  9.9947983e-001
  9.9947270e-001
  9.9946558e-001
  9.9945846e-001
  9.9945133e-001
  9.9944421e-001
  9.9943708e-001
  9.9942996e-001
  9.9942284e-001
  9.9941571e-001
  9.9940859e-001
  9.9940147e-001
  9.9939434e-001
  9.9938722e-001
  9.9938010e-001
  9.9937298e-001
  9.9936585e-001
  9.9935873e-001
  9.9935161e-001
  9.9934448e-001
  9.9933736e-001
  9.9933024e-001
  9.9932311e-001
  9.9931599e-001
  9.9930887e-001
  9.9930175e-001
  9.9929462e-001
  9.9928750e-001
  9.9928038e-001
  9.9927326e-001
  9.9926613e-001
  9.9925901e-001
  9.9925189e-001
  9.9924477e-001
  9.9923765e-001
  9.9923052e-001
  9.9922340e-001
  9.9921628e-001
  9.9920916e-001
  9.9920204e-001
  9.9919491e-001
  9.9918779e-001
  9.9918067e-001
  9.9917355e-001
  9.9916643e-001
  9.9915931e-001
  9.9915218e-001
  9.9914506e-001
  9.9913794e-001
  9.9913082e-001
  9.9912370e-001
  9.9911658e-001
  9.9910946e-001
  9.9910234e-001
  9.9909521e-001
  9.9908809e-001
  9.9908097e-001
  9.9907385e-001
  9.9906673e-001
  9.9905961e-001
  9.9905249e-001
  9.9904537e-001
  9.9903825e-001
  9.9903113e-001
  9.9902401e-001
  9.9901689e-001
  9.9900977e-001
  9.9900265e-001
  9.9899552e-001
  9.9898840e-001
  9.9898128e-001
  9.9897416e-001
  9.9896704e-001
  9.9895992e-001
  9.9895280e-001
  9.9894568e-001
  9.9893856e-001
  9.9893144e-001
  9.9892432e-001
  9.9891720e-001
  9.9891008e-001
  9.9890296e-001
  9.9889584e-001
  9.9888872e-001
  9.9888161e-001
  9.9887449e-001
  9.9886737e-001
  9.9886025e-001
  9.9885313e-001
  9.9884601e-001
  9.9883889e-001
  9.9883177e-001
  9.9882465e-001
  9.9881753e-001
  9.9881041e-001
  9.9880329e-001
  9.9879617e-001
  9.9878906e-001
  9.9878194e-001
  9.9877482e-001
  9.9876770e-001
  9.9876058e-001
  9.9875346e-001
  9.9874634e-001
  9.9873922e-001
  9.9873211e-001
  9.9872499e-001
  9.9871787e-001
  9.9871075e-001
  9.9870363e-001
  9.9869651e-001
  9.9868940e-001
  9.9868228e-001
  9.9867516e-001
  9.9866804e-001
  9.9866092e-001
  9.9865381e-001
  9.9864669e-001
  9.9863957e-001
  9.9863245e-001
  9.9862533e-001
  9.9861822e-001
  9.9861110e-001
  9.9860398e-001
  9.9859686e-001
  9.9858975e-001
  9.9858263e-001
  9.9857551e-001
  9.9856839e-001
  9.9856128e-001
  9.9855416e-001
  9.9854704e-001
  9.9853993e-001
  9.9853281e-001
  9.9852569e-001
  9.9851857e-001
  9.9851146e-001
  9.9850434e-001
  9.9849722e-001
  9.9849011e-001
  9.9848299e-001
  9.9847587e-001
  9.9846876e-001
  9.9846164e-001
  9.9845452e-001
  9.9844741e-001
  9.9844029e-001
  9.9843317e-001
  9.9842606e-001
  9.9841894e-001
  9.9841183e-001
  9.9840471e-001
  9.9839759e-001
  9.9839048e-001
  9.9838336e-001
  9.9837625e-001
  9.9836913e-001
  9.9836201e-001
  9.9835490e-001
  9.9834778e-001
  9.9834067e-001
  9.9833355e-001
  9.9832644e-001
  9.9831932e-001
  9.9831220e-001
  9.9830509e-001
  9.9829797e-001
  9.9829086e-001
  9.9828374e-001
  9.9827663e-001
  9.9826951e-001
  9.9826240e-001
  9.9825528e-001
  9.9824817e-001
  9.9824105e-001
  9.9823394e-001
  9.9822682e-001
  9.9821971e-001
  9.9821259e-001
  9.9820548e-001
  9.9819836e-001
  9.9819125e-001
  9.9818413e-001
  9.9817702e-001
  9.9816990e-001
  9.9816279e-001
  9.9815568e-001
  9.9814856e-001
  9.9814145e-001
  9.9813433e-001
  9.9812722e-001
  9.9812010e-001
  9.9811299e-001
  9.9810588e-001
  9.9809876e-001
  9.9809165e-001
  9.9808453e-001
  9.9807742e-001
  9.9807031e-001
  9.9806319e-001
  9.9805608e-001
  9.9804897e-001
  9.9804185e-001
  9.9803474e-001
  9.9802762e-001
  9.9802051e-001
  9.9801340e-001
  9.9800628e-001
  9.9799917e-001
  9.9799206e-001
  9.9798495e-001
  9.9797783e-001
  9.9797072e-001
  9.9796361e-001
  9.9795649e-001
  9.9794938e-001
  9.9794227e-001
  9.9793515e-001
  9.9792804e-001
  9.9792093e-001
  9.9791382e-001
  9.9790670e-001
  9.9789959e-001
  9.9789248e-001
  9.9788537e-001
  9.9787825e-001
  9.9787114e-001
  9.9786403e-001
  9.9785692e-001
  9.9784980e-001
  9.9784269e-001
  9.9783558e-001
  9.9782847e-001
  9.9782136e-001
  9.9781424e-001
  9.9780713e-001
  9.9780002e-001
  9.9779291e-001
  9.9778580e-001
  9.9777868e-001
  9.9777157e-001
  9.9776446e-001
  9.9775735e-001
  9.9775024e-001
  9.9774313e-001
  9.9773602e-001
  9.9772890e-001
  9.9772179e-001
  9.9771468e-001
  9.9770757e-001
  9.9770046e-001
  9.9769335e-001
  9.9768624e-001
  9.9767913e-001
  9.9767202e-001
  9.9766490e-001
  9.9765779e-001
  9.9765068e-001
  9.9764357e-001
  9.9763646e-001
  9.9762935e-001
  9.9762224e-001
  9.9761513e-001
  9.9760802e-001
  9.9760091e-001
  9.9759380e-001
  9.9758669e-001
  9.9757958e-001
  9.9757247e-001
  9.9756536e-001
  9.9755825e-001
  9.9755114e-001
  9.9754403e-001
  9.9753692e-001
  9.9752981e-001
  9.9752270e-001
  9.9751559e-001
  9.9750848e-001
  9.9750137e-001
  9.9749426e-001
  9.9748715e-001
  9.9748004e-001
  9.9747293e-001
  9.9746582e-001
  9.9745871e-001
  9.9745160e-001
  9.9744449e-001
  9.9743738e-001
  9.9743027e-001
  9.9742316e-001
  9.9741605e-001
  9.9740895e-001
  9.9740184e-001
  9.9739473e-001
  9.9738762e-001
  9.9738051e-001
  9.9737340e-001
  9.9736629e-001
  9.9735918e-001
  9.9735207e-001
  9.9734497e-001
  9.9733786e-001
  9.9733075e-001
  9.9732364e-001
  9.9731653e-001
  9.9730942e-001
  9.9730232e-001
  9.9729521e-001
  9.9728810e-001
  9.9728099e-001
  9.9727388e-001
  9.9726677e-001
  9.9725967e-001
  9.9725256e-001
  9.9724545e-001
  9.9723834e-001
  9.9723124e-001
  9.9722413e-001
  9.9721702e-001
  9.9720991e-001
  9.9720280e-001
  9.9719570e-001
  9.9718859e-001
  9.9718148e-001
  9.9717437e-001
  9.9716727e-001
  9.9716016e-001
  9.9715305e-001
  9.9714595e-001
  9.9713884e-001
  9.9713173e-001
  9.9712462e-001
  9.9711752e-001
  9.9711041e-001
  9.9710330e-001
  9.9709620e-001
  9.9708909e-001
  9.9708198e-001
  9.9707488e-001
  9.9706777e-001
  9.9706066e-001
  9.9705356e-001
  9.9704645e-001
  9.9703934e-001
  9.9703224e-001
  9.9702513e-001
  9.9701802e-001
  9.9701092e-001
  9.9700381e-001
  9.9699671e-001
  9.9698960e-001
  9.9698249e-001
  9.9697539e-001
  9.9696828e-001
  9.9696118e-001
  9.9695407e-001
  9.9694696e-001
  9.9693986e-001
  9.9693275e-001
  9.9692565e-001
  9.9691854e-001
  9.9691144e-001
  9.9690433e-001
  9.9689723e-001
  9.9689012e-001
  9.9688301e-001
  9.9687591e-001
  9.9686880e-001
  9.9686170e-001
  9.9685459e-001
  9.9684749e-001
  9.9684038e-001
  9.9683328e-001
  9.9682617e-001
  9.9681907e-001
  9.9681196e-001
  9.9680486e-001
  9.9679775e-001
  9.9679065e-001
  9.9678355e-001
  9.9677644e-001
  9.9676934e-001
  9.9676223e-001
  9.9675513e-001
  9.9674802e-001
  9.9674092e-001
  9.9673381e-001
  9.9672671e-001
  9.9671961e-001
  9.9671250e-001
  9.9670540e-001
  9.9669829e-001
  9.9669119e-001
  9.9668409e-001
  9.9667698e-001
  9.9666988e-001
  9.9666277e-001
  9.9665567e-001
  9.9664857e-001
  9.9664146e-001
  9.9663436e-001
  9.9662726e-001
  9.9662015e-001
  9.9661305e-001
  9.9660595e-001
  9.9659884e-001
  9.9659174e-001
  9.9658464e-001
  9.9657753e-001
  9.9657043e-001
  9.9656333e-001
  9.9655622e-001
  9.9654912e-001
  9.9654202e-001
  9.9653492e-001
  9.9652781e-001
  9.9652071e-001
  9.9651361e-001
  9.9650650e-001
  9.9649940e-001
  9.9649230e-001
  9.9648520e-001
  9.9647809e-001
  9.9647099e-001
  9.9646389e-001
  9.9645679e-001
  9.9644969e-001
  9.9644258e-001
  9.9643548e-001
  9.9642838e-001
  9.9642128e-001
  9.9641417e-001
  9.9640707e-001
  9.9639997e-001
  9.9639287e-001
  9.9638577e-001
  9.9637867e-001
  9.9637156e-001
  9.9636446e-001
  9.9635736e-001
  9.9635026e-001
  9.9634316e-001
  9.9633606e-001
  9.9632896e-001
  9.9632185e-001
  9.9631475e-001
  9.9630765e-001
  9.9630055e-001
  9.9629345e-001
  9.9628635e-001
  9.9627925e-001
  9.9627215e-001
  9.9626504e-001
  9.9625794e-001
  9.9625084e-001
  9.9624374e-001
  9.9623664e-001
  9.9622954e-001
  9.9622244e-001
  9.9621534e-001
  9.9620824e-001
  9.9620114e-001
  9.9619404e-001
  9.9618694e-001
  9.9617984e-001
  9.9617274e-001
  9.9616564e-001
  9.9615854e-001
  9.9615144e-001
  9.9614434e-001
  9.9613724e-001
  9.9613014e-001
  9.9612304e-001
  9.9611594e-001
  9.9610884e-001
  9.9610174e-001
  9.9609464e-001
  9.9608754e-001
  9.9608044e-001
  9.9607334e-001
  9.9606624e-001
  9.9605914e-001
  9.9605204e-001
  9.9604494e-001
  9.9603784e-001
  9.9603074e-001
  9.9602364e-001
  9.9601654e-001
  9.9600945e-001
  9.9600235e-001
  9.9599525e-001
  9.9598815e-001
  9.9598105e-001
  9.9597395e-001
  9.9596685e-001
  9.9595975e-001
  9.9595265e-001
  9.9594556e-001
  9.9593846e-001
  9.9593136e-001
  9.9592426e-001
  9.9591716e-001
  9.9591006e-001
  9.9590296e-001
  9.9589587e-001
  9.9588877e-001
  9.9588167e-001
  9.9587457e-001
  9.9586747e-001
  9.9586038e-001
  9.9585328e-001
  9.9584618e-001
  9.9583908e-001
  9.9583198e-001
  9.9582489e-001
  9.9581779e-001
  9.9581069e-001
  9.9580359e-001
  9.9579650e-001
  9.9578940e-001
  9.9578230e-001
  9.9577520e-001
  9.9576811e-001
  9.9576101e-001
  9.9575391e-001
  9.9574681e-001
  9.9573972e-001
  9.9573262e-001
  9.9572552e-001
  9.9571843e-001
  9.9571133e-001
  9.9570423e-001
  9.9569714e-001
  9.9569004e-001
  9.9568294e-001
  9.9567584e-001
  9.9566875e-001
  9.9566165e-001
  9.9565455e-001
  9.9564746e-001
  9.9564036e-001
  9.9563327e-001
  9.9562617e-001
  9.9561907e-001
  9.9561198e-001
  9.9560488e-001
  9.9559778e-001
  9.9559069e-001
  9.9558359e-001
  9.9557650e-001
  9.9556940e-001
  9.9556230e-001
  9.9555521e-001
  9.9554811e-001
  9.9554102e-001
  9.9553392e-001
  9.9552683e-001
  9.9551973e-001
  9.9551263e-001
  9.9550554e-001
  9.9549844e-001
  9.9549135e-001
  9.9548425e-001
  9.9547716e-001
  9.9547006e-001
  9.9546297e-001
  9.9545587e-001
  9.9544878e-001
  9.9544168e-001
  9.9543459e-001
  9.9542749e-001
  9.9542040e-001
  9.9541330e-001
  9.9540621e-001
  9.9539911e-001
  9.9539202e-001
  9.9538492e-001
  9.9537783e-001
  9.9537073e-001
  9.9536364e-001
  9.9535654e-001
  9.9534945e-001
  9.9534236e-001
  9.9533526e-001
  9.9532817e-001
  9.9532107e-001
  9.9531398e-001
  9.9530688e-001
  9.9529979e-001
  9.9529270e-001
  9.9528560e-001
  9.9527851e-001
  9.9527142e-001
  9.9526432e-001
  9.9525723e-001
  9.9525013e-001
  9.9524304e-001
  9.9523595e-001
  9.9522885e-001
  9.9522176e-001
  9.9521467e-001
  9.9520757e-001
  9.9520048e-001
  9.9519339e-001
  9.9518629e-001
  9.9517920e-001
  9.9517211e-001
  9.9516501e-001
  9.9515792e-001
  9.9515083e-001
  9.9514373e-001
  9.9513664e-001
  9.9512955e-001
  9.9512246e-001
  9.9511536e-001
  9.9510827e-001
  9.9510118e-001
  9.9509409e-001
  9.9508699e-001
  9.9507990e-001
  9.9507281e-001
  9.9506572e-001
  9.9505862e-001
  9.9505153e-001
  9.9504444e-001
  9.9503735e-001
  9.9503025e-001
  9.9502316e-001
  9.9501607e-001
  9.9500898e-001
  9.9500189e-001
  9.9499479e-001
  9.9498770e-001
  9.9498061e-001
  9.9497352e-001
  9.9496643e-001
  9.9495934e-001
  9.9495224e-001
  9.9494515e-001
  9.9493806e-001
  9.9493097e-001
  9.9492388e-001
  9.9491679e-001
  9.9490970e-001
  9.9490261e-001
  9.9489551e-001
  9.9488842e-001
  9.9488133e-001
  9.9487424e-001
  9.9486715e-001
  9.9486006e-001
  9.9485297e-001
  9.9484588e-001
  9.9483879e-001
  9.9483170e-001
  9.9482461e-001
  9.9481751e-001
  9.9481042e-001
  9.9480333e-001
  9.9479624e-001
  9.9478915e-001
  9.9478206e-001
  9.9477497e-001
  9.9476788e-001
  9.9476079e-001
  9.9475370e-001
  9.9474661e-001
  9.9473952e-001
  9.9473243e-001
  9.9472534e-001
  9.9471825e-001
  9.9471116e-001
  9.9470407e-001
  9.9469698e-001
  9.9468989e-001
  9.9468280e-001
  9.9467571e-001
  9.9466862e-001
  9.9466153e-001
  9.9465444e-001
  9.9464736e-001
  9.9464027e-001
  9.9463318e-001
  9.9462609e-001
  9.9461900e-001
  9.9461191e-001
  9.9460482e-001
  9.9459773e-001
  9.9459064e-001
  9.9458355e-001
  9.9457646e-001
  9.9456938e-001
  9.9456229e-001
  9.9455520e-001
  9.9454811e-001
  9.9454102e-001
  9.9453393e-001
  9.9452684e-001
  9.9451975e-001
  9.9451267e-001
  9.9450558e-001
  9.9449849e-001
  9.9449140e-001
  9.9448431e-001
  9.9447722e-001
  9.9447014e-001
  9.9446305e-001
  9.9445596e-001
  9.9444887e-001
  9.9444178e-001
  9.9443470e-001
  9.9442761e-001
  9.9442052e-001
  9.9441343e-001
  9.9440635e-001
  9.9439926e-001
  9.9439217e-001
  9.9438508e-001
  9.9437800e-001
  9.9437091e-001
  9.9436382e-001
  9.9435673e-001
  9.9434965e-001
  9.9434256e-001
  9.9433547e-001
  9.9432838e-001
  9.9432130e-001
  9.9431421e-001
  9.9430712e-001
  9.9430004e-001
  9.9429295e-001
  9.9428586e-001
  9.9427878e-001
  9.9427169e-001
  9.9426460e-001
  9.9425752e-001
  9.9425043e-001
  9.9424334e-001
  9.9423626e-001
  9.9422917e-001
  9.9422208e-001
  9.9421500e-001
  9.9420791e-001
  9.9420083e-001
  9.9419374e-001
  9.9418665e-001
  9.9417957e-001
  9.9417248e-001
  9.9416539e-001
  9.9415831e-001
  9.9415122e-001
  9.9414414e-001
  9.9413705e-001
  9.9412997e-001
  9.9412288e-001
  9.9411579e-001
  9.9410871e-001
  9.9410162e-001
  9.9409454e-001
  9.9408745e-001
  9.9408037e-001
  9.9407328e-001
  9.9406620e-001
  9.9405911e-001
  9.9405203e-001
  9.9404494e-001
  9.9403786e-001
  9.9403077e-001
  9.9402369e-001
  9.9401660e-001
  9.9400952e-001
  9.9400243e-001
  9.9399535e-001
  9.9398826e-001
  9.9398118e-001
  9.9397409e-001
  9.9396701e-001
  9.9395992e-001
  9.9395284e-001
  9.9394576e-001
  9.9393867e-001
  9.9393159e-001
  9.9392450e-001
  9.9391742e-001
  9.9391033e-001
  9.9390325e-001
  9.9389617e-001
  9.9388908e-001
  9.9388200e-001
  9.9387491e-001
  9.9386783e-001
  9.9386075e-001
  9.9385366e-001
  9.9384658e-001
  9.9383950e-001
  9.9383241e-001
  9.9382533e-001
  9.9381824e-001
  9.9381116e-001
  9.9380408e-001
  9.9379699e-001
  9.9378991e-001
  9.9378283e-001
  9.9377574e-001
  9.9376866e-001
  9.9376158e-001
  9.9375450e-001
  9.9374741e-001
  9.9374033e-001
  9.9373325e-001
  9.9372616e-001
  9.9371908e-001
  9.9371200e-001
  9.9370492e-001
  9.9369783e-001
  9.9369075e-001
  9.9368367e-001
  9.9367659e-001
  9.9366950e-001
  9.9366242e-001
  9.9365534e-001
  9.9364826e-001
  9.9364117e-001
  9.9363409e-001
  9.9362701e-001
  9.9361993e-001
  9.9361285e-001
