  4.1406826e-021
  3.2594675e-021
  2.6276581e-021
  2.1580922e-021
  1.7991692e-021
  1.5185439e-021
  1.2950072e-021
  1.1141351e-021
  9.6581695e-022
  8.4278387e-022
  7.3969399e-022
  6.5254726e-022
  5.7829863e-022
  5.1459542e-022
  4.5959649e-022
  4.1184367e-022
  3.7016995e-022
  3.3363240e-022
  3.0146220e-022
  2.7302758e-022
  2.4780551e-022
  2.2535993e-022
  2.0532504e-022
  1.8739218e-022
  1.7129944e-022
  1.5682342e-022
  1.4377275e-022
  1.3198266e-022
  1.2131076e-022
  1.1163348e-022
  1.0284321e-022
  9.4845889e-023
  8.7559068e-023
  8.0910210e-023
  7.4835339e-023
