  8.9767391e-020
  4.2125331e-020
  2.6233096e-020
  1.8295219e-020
  1.3554254e-020
  1.0423786e-020
  8.2226357e-021
  6.6085984e-021
  5.3898566e-021
  4.4497719e-021
  3.7128874e-021
  3.1280095e-021
  2.6591007e-021
  2.2800389e-021
  1.9714387e-021
  1.7186287e-021
  1.5103287e-021
  1.3377550e-021
  1.1939995e-021
  1.0735884e-021
  9.7216078e-022
  8.8622723e-022
  8.1298716e-022
  7.5018596e-022
  6.9600421e-022
  6.4896972e-022
  6.0788799e-022
  5.7178691e-022
  5.3987287e-022
  5.1149574e-022
  4.8612101e-022
  4.6330768e-022
  4.4269034e-022
  4.2396507e-022
  4.0687811e-022
  3.9121664e-022
  3.7680147e-022
  3.6348108e-022
  3.5112682e-022
  3.3962897e-022
  3.2889364e-022
  3.1884006e-022
  3.0939852e-022
  3.0050858e-022
  2.9211766e-022
  2.8417984e-022
  2.7665481e-022
  2.6950712e-022
  2.6270543e-022
  2.5622198e-022
