  3.8288214e-020
  9.5720005e-021
  4.2541875e-021
  2.3929569e-021
  1.5314762e-021
  1.0635140e-021
  7.8134954e-022
  5.9821536e-022
  4.7266019e-022
  3.8285205e-022
  3.1640471e-022
  2.6586642e-022
  2.2653601e-022
  1.9532874e-022
  1.7015242e-022
  1.4954759e-022
  1.3247085e-022
  1.1816045e-022
  1.0604961e-022
  9.5709590e-023
  8.6811285e-023
  7.9098594e-023
  7.2369892e-023
  6.6464630e-023
  6.1253737e-023
  5.6632474e-023
  5.2515114e-023
  4.8830984e-023
  4.5521359e-023
  4.2537153e-023
  3.9837063e-023
  3.7386129e-023
  3.5154618e-023
  3.3117094e-023
  3.1251709e-023
  2.9539607e-023
  2.7964438e-023
  2.6511984e-023
  2.5169818e-023
  2.3927052e-023
  2.2774106e-023
  2.1702529e-023
  2.0704843e-023
  1.9774404e-023
  1.8905303e-023
  1.8092264e-023
  1.7330567e-023
  1.6615980e-023
  1.5944694e-023
  1.5313283e-023
