  8.9800385e-020
  4.2187994e-020
  2.6320247e-020
  1.8401100e-020
  1.3673243e-020
  1.0550716e-020
  8.3529625e-021
  6.7385337e-021
  5.5164270e-021
  4.5707926e-021
  3.8268663e-021
  3.2340230e-021
  2.7566702e-021
  2.3690255e-021
  2.0519593e-021
  1.7909885e-021
  1.5749679e-021
  1.3952030e-021
  1.2448380e-021
  1.1184205e-021
  1.0115865e-021
  9.2082546e-022
  8.4330317e-022
  7.7672359e-022
  7.1922206e-022
  6.6928022e-022
  6.2565853e-022
  5.8734232e-022
  5.5349870e-022
  5.2344187e-022
  4.9660537e-022
  4.7251986e-022
  4.5079495e-022
  4.3110491e-022
  4.1317691e-022
  3.9678161e-022
  3.8172548e-022
  3.6784460e-022
  3.5499963e-022
  3.4307159e-022
  3.3195863e-022
  3.2157307e-022
  3.1183928e-022
  3.0269170e-022
  2.9407332e-022
  2.8593436e-022
  2.7823124e-022
  2.7092561e-022
  2.6398365e-022
  2.5737544e-022
