  6.6700000e-002
  1.3340000e-001
  2.0010000e-001
  2.6680000e-001
  3.3350000e-001
  4.0020000e-001
  4.6690000e-001
  5.3360000e-001
  6.0030000e-001
  6.6700000e-001
  7.3370000e-001
  8.0040000e-001
  8.6710000e-001
  9.3380000e-001
  1.0005000e+000
  1.0672000e+000
  1.1339000e+000
  1.2006000e+000
  1.2673000e+000
  1.3340000e+000
  1.4007000e+000
  1.4674000e+000
  1.5341000e+000
  1.6008000e+000
  1.6675000e+000
  1.7342000e+000
  1.8009000e+000
  1.8676000e+000
  1.9343000e+000
  2.0010000e+000
  2.0677000e+000
  2.1344000e+000
  2.2011000e+000
  2.2678000e+000
  2.3345000e+000
  2.4012000e+000
  2.4679000e+000
  2.5346000e+000
  2.6013000e+000
  2.6680000e+000
  2.7347000e+000
  2.8014000e+000
  2.8681000e+000
  2.9348000e+000
  3.0015000e+000
  3.0682000e+000
  3.1349000e+000
  3.2016000e+000
  3.2683000e+000
  3.3350000e+000
  3.4017000e+000
  3.4684000e+000
  3.5351000e+000
  3.6018000e+000
  3.6685000e+000
  3.7352000e+000
  3.8019000e+000
  3.8686000e+000
  3.9353000e+000
  4.0020000e+000
  4.0687000e+000
  4.1354000e+000
  4.2021000e+000
  4.2688000e+000
  4.3355000e+000
  4.4022000e+000
  4.4689000e+000
  4.5356000e+000
  4.6023000e+000
  4.6690000e+000
  4.7357000e+000
  4.8024000e+000
  4.8691000e+000
  4.9358000e+000
  5.0025000e+000
  5.0692000e+000
  5.1359000e+000
  5.2026000e+000
  5.2693000e+000
  5.3360000e+000
  5.4027000e+000
  5.4694000e+000
  5.5361000e+000
  5.6028000e+000
  5.6695000e+000
  5.7362000e+000
  5.8029000e+000
  5.8696000e+000
  5.9363000e+000
  6.0030000e+000
  6.0697000e+000
  6.1364000e+000
  6.2031000e+000
  6.2698000e+000
  6.3365000e+000
  6.4032000e+000
  6.4699000e+000
  6.5366000e+000
  6.6033000e+000
  6.6700000e+000
  6.7367000e+000
  6.8034000e+000
  6.8701000e+000
  6.9368000e+000
  7.0035000e+000
  7.0702000e+000
  7.1369000e+000
  7.2036000e+000
  7.2703000e+000
  7.3370000e+000
  7.4037000e+000
  7.4704000e+000
  7.5371000e+000
  7.6038000e+000
  7.6705000e+000
  7.7372000e+000
  7.8039000e+000
  7.8706000e+000
  7.9373000e+000
  8.0040000e+000
  8.0707000e+000
  8.1374000e+000
  8.2041000e+000
  8.2708000e+000
  8.3375000e+000
  8.4042000e+000
  8.4709000e+000
  8.5376000e+000
  8.6043000e+000
  8.6710000e+000
  8.7377000e+000
  8.8044000e+000
  8.8711000e+000
  8.9378000e+000
  9.0045000e+000
  9.0712000e+000
  9.1379000e+000
  9.2046000e+000
  9.2713000e+000
  9.3380000e+000
  9.4047000e+000
  9.4714000e+000
  9.5381000e+000
  9.6048000e+000
  9.6715000e+000
  9.7382000e+000
  9.8049000e+000
  9.8716000e+000
  9.9383000e+000
  1.0005000e+001
  1.0071700e+001
  1.0138400e+001
  1.0205100e+001
  1.0271800e+001
  1.0338500e+001
  1.0405200e+001
  1.0471900e+001
  1.0538600e+001
  1.0605300e+001
  1.0672000e+001
  1.0738700e+001
  1.0805400e+001
  1.0872100e+001
  1.0938800e+001
  1.1005500e+001
  1.1072200e+001
  1.1138900e+001
  1.1205600e+001
  1.1272300e+001
  1.1339000e+001
  1.1405700e+001
  1.1472400e+001
  1.1539100e+001
  1.1605800e+001
  1.1672500e+001
  1.1739200e+001
  1.1805900e+001
  1.1872600e+001
  1.1939300e+001
  1.2006000e+001
  1.2072700e+001
  1.2139400e+001
  1.2206100e+001
  1.2272800e+001
  1.2339500e+001
  1.2406200e+001
  1.2472900e+001
  1.2539600e+001
  1.2606300e+001
  1.2673000e+001
  1.2739700e+001
  1.2806400e+001
  1.2873100e+001
  1.2939800e+001
  1.3006500e+001
  1.3073200e+001
  1.3139900e+001
  1.3206600e+001
  1.3273300e+001
  1.3340000e+001
  1.3406700e+001
  1.3473400e+001
  1.3540100e+001
  1.3606800e+001
  1.3673500e+001
  1.3740200e+001
  1.3806900e+001
  1.3873600e+001
  1.3940300e+001
  1.4007000e+001
  1.4073700e+001
  1.4140400e+001
  1.4207100e+001
  1.4273800e+001
  1.4340500e+001
  1.4407200e+001
  1.4473900e+001
  1.4540600e+001
  1.4607300e+001
  1.4674000e+001
  1.4740700e+001
  1.4807400e+001
  1.4874100e+001
  1.4940800e+001
  1.5007500e+001
  1.5074200e+001
  1.5140900e+001
  1.5207600e+001
  1.5274300e+001
  1.5341000e+001
  1.5407700e+001
  1.5474400e+001
  1.5541100e+001
  1.5607800e+001
  1.5674500e+001
  1.5741200e+001
  1.5807900e+001
  1.5874600e+001
  1.5941300e+001
  1.6008000e+001
  1.6074700e+001
  1.6141400e+001
  1.6208100e+001
  1.6274800e+001
  1.6341500e+001
  1.6408200e+001
  1.6474900e+001
  1.6541600e+001
  1.6608300e+001
  1.6675000e+001
  1.6741700e+001
  1.6808400e+001
  1.6875100e+001
  1.6941800e+001
  1.7008500e+001
  1.7075200e+001
  1.7141900e+001
  1.7208600e+001
  1.7275300e+001
  1.7342000e+001
  1.7408700e+001
  1.7475400e+001
  1.7542100e+001
  1.7608800e+001
  1.7675500e+001
  1.7742200e+001
  1.7808900e+001
  1.7875600e+001
  1.7942300e+001
  1.8009000e+001
  1.8075700e+001
  1.8142400e+001
  1.8209100e+001
  1.8275800e+001
  1.8342500e+001
  1.8409200e+001
  1.8475900e+001
  1.8542600e+001
  1.8609300e+001
  1.8676000e+001
  1.8742700e+001
  1.8809400e+001
  1.8876100e+001
  1.8942800e+001
  1.9009500e+001
  1.9076200e+001
  1.9142900e+001
  1.9209600e+001
  1.9276300e+001
  1.9343000e+001
  1.9409700e+001
  1.9476400e+001
  1.9543100e+001
  1.9609800e+001
  1.9676500e+001
  1.9743200e+001
  1.9809900e+001
  1.9876600e+001
  1.9943300e+001
  2.0010000e+001
  2.0076700e+001
  2.0143400e+001
  2.0210100e+001
  2.0276800e+001
  2.0343500e+001
  2.0410200e+001
  2.0476900e+001
  2.0543600e+001
  2.0610300e+001
  2.0677000e+001
  2.0743700e+001
  2.0810400e+001
  2.0877100e+001
  2.0943800e+001
  2.1010500e+001
  2.1077200e+001
  2.1143900e+001
  2.1210600e+001
  2.1277300e+001
  2.1344000e+001
  2.1410700e+001
  2.1477400e+001
  2.1544100e+001
  2.1610800e+001
  2.1677500e+001
  2.1744200e+001
  2.1810900e+001
  2.1877600e+001
  2.1944300e+001
  2.2011000e+001
  2.2077700e+001
  2.2144400e+001
  2.2211100e+001
  2.2277800e+001
  2.2344500e+001
  2.2411200e+001
  2.2477900e+001
  2.2544600e+001
  2.2611300e+001
  2.2678000e+001
  2.2744700e+001
  2.2811400e+001
  2.2878100e+001
  2.2944800e+001
  2.3011500e+001
  2.3078200e+001
  2.3144900e+001
  2.3211600e+001
  2.3278300e+001
  2.3345000e+001
  2.3411700e+001
  2.3478400e+001
  2.3545100e+001
  2.3611800e+001
  2.3678500e+001
  2.3745200e+001
  2.3811900e+001
  2.3878600e+001
  2.3945300e+001
  2.4012000e+001
  2.4078700e+001
  2.4145400e+001
  2.4212100e+001
  2.4278800e+001
  2.4345500e+001
  2.4412200e+001
  2.4478900e+001
  2.4545600e+001
  2.4612300e+001
  2.4679000e+001
  2.4745700e+001
  2.4812400e+001
  2.4879100e+001
  2.4945800e+001
  2.5012500e+001
  2.5079200e+001
  2.5145900e+001
  2.5212600e+001
  2.5279300e+001
  2.5346000e+001
  2.5412700e+001
  2.5479400e+001
  2.5546100e+001
  2.5612800e+001
  2.5679500e+001
  2.5746200e+001
  2.5812900e+001
  2.5879600e+001
  2.5946300e+001
  2.6013000e+001
  2.6079700e+001
  2.6146400e+001
  2.6213100e+001
  2.6279800e+001
  2.6346500e+001
  2.6413200e+001
  2.6479900e+001
  2.6546600e+001
  2.6613300e+001
  2.6680000e+001
  2.6746700e+001
  2.6813400e+001
  2.6880100e+001
  2.6946800e+001
  2.7013500e+001
  2.7080200e+001
  2.7146900e+001
  2.7213600e+001
  2.7280300e+001
  2.7347000e+001
  2.7413700e+001
  2.7480400e+001
  2.7547100e+001
  2.7613800e+001
  2.7680500e+001
  2.7747200e+001
  2.7813900e+001
  2.7880600e+001
  2.7947300e+001
  2.8014000e+001
  2.8080700e+001
  2.8147400e+001
  2.8214100e+001
  2.8280800e+001
  2.8347500e+001
  2.8414200e+001
  2.8480900e+001
  2.8547600e+001
  2.8614300e+001
  2.8681000e+001
  2.8747700e+001
  2.8814400e+001
  2.8881100e+001
  2.8947800e+001
  2.9014500e+001
  2.9081200e+001
  2.9147900e+001
  2.9214600e+001
  2.9281300e+001
  2.9348000e+001
  2.9414700e+001
  2.9481400e+001
  2.9548100e+001
  2.9614800e+001
  2.9681500e+001
  2.9748200e+001
  2.9814900e+001
  2.9881600e+001
  2.9948300e+001
  3.0015000e+001
  3.0081700e+001
  3.0148400e+001
  3.0215100e+001
  3.0281800e+001
  3.0348500e+001
  3.0415200e+001
  3.0481900e+001
  3.0548600e+001
  3.0615300e+001
  3.0682000e+001
  3.0748700e+001
  3.0815400e+001
  3.0882100e+001
  3.0948800e+001
  3.1015500e+001
  3.1082200e+001
  3.1148900e+001
  3.1215600e+001
  3.1282300e+001
  3.1349000e+001
  3.1415700e+001
  3.1482400e+001
  3.1549100e+001
  3.1615800e+001
  3.1682500e+001
  3.1749200e+001
  3.1815900e+001
  3.1882600e+001
  3.1949300e+001
  3.2016000e+001
  3.2082700e+001
  3.2149400e+001
  3.2216100e+001
  3.2282800e+001
  3.2349500e+001
  3.2416200e+001
  3.2482900e+001
  3.2549600e+001
  3.2616300e+001
  3.2683000e+001
  3.2749700e+001
  3.2816400e+001
  3.2883100e+001
  3.2949800e+001
  3.3016500e+001
  3.3083200e+001
  3.3149900e+001
  3.3216600e+001
  3.3283300e+001
  3.3350000e+001
  3.3416700e+001
  3.3483400e+001
  3.3550100e+001
  3.3616800e+001
  3.3683500e+001
  3.3750200e+001
  3.3816900e+001
  3.3883600e+001
  3.3950300e+001
  3.4017000e+001
  3.4083700e+001
  3.4150400e+001
  3.4217100e+001
  3.4283800e+001
  3.4350500e+001
  3.4417200e+001
  3.4483900e+001
  3.4550600e+001
  3.4617300e+001
  3.4684000e+001
  3.4750700e+001
  3.4817400e+001
  3.4884100e+001
  3.4950800e+001
  3.5017500e+001
  3.5084200e+001
  3.5150900e+001
  3.5217600e+001
  3.5284300e+001
  3.5351000e+001
  3.5417700e+001
  3.5484400e+001
  3.5551100e+001
  3.5617800e+001
  3.5684500e+001
  3.5751200e+001
  3.5817900e+001
  3.5884600e+001
  3.5951300e+001
  3.6018000e+001
  3.6084700e+001
  3.6151400e+001
  3.6218100e+001
  3.6284800e+001
  3.6351500e+001
  3.6418200e+001
  3.6484900e+001
  3.6551600e+001
  3.6618300e+001
  3.6685000e+001
  3.6751700e+001
  3.6818400e+001
  3.6885100e+001
  3.6951800e+001
  3.7018500e+001
  3.7085200e+001
  3.7151900e+001
  3.7218600e+001
  3.7285300e+001
  3.7352000e+001
  3.7418700e+001
  3.7485400e+001
  3.7552100e+001
  3.7618800e+001
  3.7685500e+001
  3.7752200e+001
  3.7818900e+001
  3.7885600e+001
  3.7952300e+001
  3.8019000e+001
  3.8085700e+001
  3.8152400e+001
  3.8219100e+001
  3.8285800e+001
  3.8352500e+001
  3.8419200e+001
  3.8485900e+001
  3.8552600e+001
  3.8619300e+001
  3.8686000e+001
  3.8752700e+001
  3.8819400e+001
  3.8886100e+001
  3.8952800e+001
  3.9019500e+001
  3.9086200e+001
  3.9152900e+001
  3.9219600e+001
  3.9286300e+001
  3.9353000e+001
  3.9419700e+001
  3.9486400e+001
  3.9553100e+001
  3.9619800e+001
  3.9686500e+001
  3.9753200e+001
  3.9819900e+001
  3.9886600e+001
  3.9953300e+001
  4.0020000e+001
  4.0086700e+001
  4.0153400e+001
  4.0220100e+001
  4.0286800e+001
  4.0353500e+001
  4.0420200e+001
  4.0486900e+001
  4.0553600e+001
  4.0620300e+001
  4.0687000e+001
  4.0753700e+001
  4.0820400e+001
  4.0887100e+001
  4.0953800e+001
  4.1020500e+001
  4.1087200e+001
  4.1153900e+001
  4.1220600e+001
  4.1287300e+001
  4.1354000e+001
  4.1420700e+001
  4.1487400e+001
  4.1554100e+001
  4.1620800e+001
  4.1687500e+001
  4.1754200e+001
  4.1820900e+001
  4.1887600e+001
  4.1954300e+001
  4.2021000e+001
  4.2087700e+001
  4.2154400e+001
  4.2221100e+001
  4.2287800e+001
  4.2354500e+001
  4.2421200e+001
  4.2487900e+001
  4.2554600e+001
  4.2621300e+001
  4.2688000e+001
  4.2754700e+001
  4.2821400e+001
  4.2888100e+001
  4.2954800e+001
  4.3021500e+001
  4.3088200e+001
  4.3154900e+001
  4.3221600e+001
  4.3288300e+001
  4.3355000e+001
  4.3421700e+001
  4.3488400e+001
  4.3555100e+001
  4.3621800e+001
  4.3688500e+001
  4.3755200e+001
  4.3821900e+001
  4.3888600e+001
  4.3955300e+001
  4.4022000e+001
  4.4088700e+001
  4.4155400e+001
  4.4222100e+001
  4.4288800e+001
  4.4355500e+001
  4.4422200e+001
  4.4488900e+001
  4.4555600e+001
  4.4622300e+001
  4.4689000e+001
  4.4755700e+001
  4.4822400e+001
  4.4889100e+001
  4.4955800e+001
  4.5022500e+001
  4.5089200e+001
  4.5155900e+001
  4.5222600e+001
  4.5289300e+001
  4.5356000e+001
  4.5422700e+001
  4.5489400e+001
  4.5556100e+001
  4.5622800e+001
  4.5689500e+001
  4.5756200e+001
  4.5822900e+001
  4.5889600e+001
  4.5956300e+001
  4.6023000e+001
  4.6089700e+001
  4.6156400e+001
  4.6223100e+001
  4.6289800e+001
  4.6356500e+001
  4.6423200e+001
  4.6489900e+001
  4.6556600e+001
  4.6623300e+001
  4.6690000e+001
  4.6756700e+001
  4.6823400e+001
  4.6890100e+001
  4.6956800e+001
  4.7023500e+001
  4.7090200e+001
  4.7156900e+001
  4.7223600e+001
  4.7290300e+001
  4.7357000e+001
  4.7423700e+001
  4.7490400e+001
  4.7557100e+001
  4.7623800e+001
  4.7690500e+001
  4.7757200e+001
  4.7823900e+001
  4.7890600e+001
  4.7957300e+001
  4.8024000e+001
  4.8090700e+001
  4.8157400e+001
  4.8224100e+001
  4.8290800e+001
  4.8357500e+001
  4.8424200e+001
  4.8490900e+001
  4.8557600e+001
  4.8624300e+001
  4.8691000e+001
  4.8757700e+001
  4.8824400e+001
  4.8891100e+001
  4.8957800e+001
  4.9024500e+001
  4.9091200e+001
  4.9157900e+001
  4.9224600e+001
  4.9291300e+001
  4.9358000e+001
  4.9424700e+001
  4.9491400e+001
  4.9558100e+001
  4.9624800e+001
  4.9691500e+001
  4.9758200e+001
  4.9824900e+001
  4.9891600e+001
  4.9958300e+001
  5.0025000e+001
  5.0091700e+001
  5.0158400e+001
  5.0225100e+001
  5.0291800e+001
  5.0358500e+001
  5.0425200e+001
  5.0491900e+001
  5.0558600e+001
  5.0625300e+001
  5.0692000e+001
  5.0758700e+001
  5.0825400e+001
  5.0892100e+001
  5.0958800e+001
  5.1025500e+001
  5.1092200e+001
  5.1158900e+001
  5.1225600e+001
  5.1292300e+001
  5.1359000e+001
  5.1425700e+001
  5.1492400e+001
  5.1559100e+001
  5.1625800e+001
  5.1692500e+001
  5.1759200e+001
  5.1825900e+001
  5.1892600e+001
  5.1959300e+001
  5.2026000e+001
  5.2092700e+001
  5.2159400e+001
  5.2226100e+001
  5.2292800e+001
  5.2359500e+001
  5.2426200e+001
  5.2492900e+001
  5.2559600e+001
  5.2626300e+001
  5.2693000e+001
  5.2759700e+001
  5.2826400e+001
  5.2893100e+001
  5.2959800e+001
  5.3026500e+001
  5.3093200e+001
  5.3159900e+001
  5.3226600e+001
  5.3293300e+001
  5.3360000e+001
  5.3426700e+001
  5.3493400e+001
  5.3560100e+001
  5.3626800e+001
  5.3693500e+001
  5.3760200e+001
  5.3826900e+001
  5.3893600e+001
  5.3960300e+001
  5.4027000e+001
  5.4093700e+001
  5.4160400e+001
  5.4227100e+001
  5.4293800e+001
  5.4360500e+001
  5.4427200e+001
  5.4493900e+001
  5.4560600e+001
  5.4627300e+001
  5.4694000e+001
  5.4760700e+001
  5.4827400e+001
  5.4894100e+001
  5.4960800e+001
  5.5027500e+001
  5.5094200e+001
  5.5160900e+001
  5.5227600e+001
  5.5294300e+001
  5.5361000e+001
  5.5427700e+001
  5.5494400e+001
  5.5561100e+001
  5.5627800e+001
  5.5694500e+001
  5.5761200e+001
  5.5827900e+001
  5.5894600e+001
  5.5961300e+001
  5.6028000e+001
  5.6094700e+001
  5.6161400e+001
  5.6228100e+001
  5.6294800e+001
  5.6361500e+001
  5.6428200e+001
  5.6494900e+001
  5.6561600e+001
  5.6628300e+001
  5.6695000e+001
  5.6761700e+001
  5.6828400e+001
  5.6895100e+001
  5.6961800e+001
  5.7028500e+001
  5.7095200e+001
  5.7161900e+001
  5.7228600e+001
  5.7295300e+001
  5.7362000e+001
  5.7428700e+001
  5.7495400e+001
  5.7562100e+001
  5.7628800e+001
  5.7695500e+001
  5.7762200e+001
  5.7828900e+001
  5.7895600e+001
  5.7962300e+001
  5.8029000e+001
  5.8095700e+001
  5.8162400e+001
  5.8229100e+001
  5.8295800e+001
  5.8362500e+001
  5.8429200e+001
  5.8495900e+001
  5.8562600e+001
  5.8629300e+001
  5.8696000e+001
  5.8762700e+001
  5.8829400e+001
  5.8896100e+001
  5.8962800e+001
  5.9029500e+001
  5.9096200e+001
  5.9162900e+001
  5.9229600e+001
  5.9296300e+001
  5.9363000e+001
  5.9429700e+001
  5.9496400e+001
  5.9563100e+001
  5.9629800e+001
  5.9696500e+001
  5.9763200e+001
  5.9829900e+001
  5.9896600e+001
  5.9963300e+001
  6.0030000e+001
