  5.6750961e+005
  6.6209454e+005
  7.5667947e+005
  8.5126441e+005
  9.4584934e+005
  1.0404343e+006
  1.1350192e+006
  1.2296041e+006
  1.3241891e+006
  1.4187740e+006
  1.5133589e+006
  1.6079439e+006
  1.7025288e+006
  1.7971138e+006
  1.8916987e+006
  1.9862836e+006
  2.0808686e+006
  2.1754535e+006
  2.2700384e+006
  2.3646234e+006
  2.4592083e+006
  2.5537932e+006
  2.6483782e+006
  2.7429631e+006
  2.8375480e+006
  2.9321330e+006
  3.0267179e+006
  3.1213028e+006
  3.2158878e+006
  3.3104727e+006
  3.4050576e+006
  3.4996426e+006
  3.5942275e+006
  3.6888124e+006
  3.7833974e+006
