  2.1627047e-020
  8.3023214e-020
  1.2461242e-020
  3.5377991e-021
  2.1600723e-021
  1.5591438e-021
  1.1442776e-021
  8.5072412e-022
  6.3294392e-022
  4.7069255e-022
  4.0124311e-022
  3.9047415e-022
  2.8876907e-022
  1.9979803e-022
  1.9550935e-022
  2.4646636e-022
  1.3897162e-022
  1.3429101e-022
  9.1611791e-023
  8.0827577e-023
  6.6847209e-023
  6.4576687e-023
  6.0936338e-023
  7.9331302e-023
  5.1679943e-023
  3.8119750e-023
  3.5486447e-023
  3.4249830e-023
  3.2789135e-023
  2.8451244e-023
  3.1302656e-023
  4.0275332e-023
  3.9614852e-023
  2.4890907e-023
  2.4866557e-023
  2.4312317e-023
  1.9515185e-023
  1.9867136e-023
  2.0196476e-023
  1.8767758e-023
  1.8845517e-023
  2.0338360e-023
  1.8339906e-023
  1.8485618e-023
  1.7645392e-023
  1.7371034e-023
  1.9636640e-023
  1.8452047e-023
  1.6610420e-023
  1.8204684e-023
  1.7812313e-023
  1.5082665e-023
  1.6701116e-023
  1.6186146e-023
  1.5738106e-023
  1.6189352e-023
  1.4331616e-023
  1.2402559e-023
  1.5398791e-023
  1.4151299e-023
  1.4766881e-023
  1.5091659e-023
  1.6547000e-023
  1.5312573e-023
  1.5367341e-023
  1.8980477e-023
  1.6533550e-023
  1.6914656e-023
  1.7294088e-023
  1.7760200e-023
  1.7419366e-023
  1.5650118e-023
  1.6951754e-023
  1.9101179e-023
  1.9014630e-023
  1.8232599e-023
  1.8992749e-023
  1.9907222e-023
  1.9826049e-023
  1.9437440e-023
  1.9484609e-023
  1.9882937e-023
  1.8468616e-023
  2.0483067e-023
  2.1258648e-023
  1.8398046e-023
  1.9323169e-023
  2.0126358e-023
  2.3377592e-023
  2.1317282e-023
  2.0390848e-023
  2.4872703e-023
  2.1693769e-023
  2.3871574e-023
  2.2896167e-023
  2.6218025e-023
  2.5142510e-023
  2.7418383e-023
  3.1538476e-023
  2.5019324e-023
