  1.1291238e+005
  2.2582477e+005
  3.3873715e+005
  4.5164953e+005
  5.6456191e+005
  6.7747430e+005
  7.9038668e+005
  9.0329906e+005
  1.0162114e+006
  1.1291238e+006
  1.2420362e+006
  1.3549486e+006
  1.4678610e+006
  1.5807734e+006
  1.6936857e+006
  1.8065981e+006
  1.9195105e+006
  2.0324229e+006
  2.1453353e+006
  2.2582477e+006
  2.3711600e+006
  2.4840724e+006
  2.5969848e+006
  2.7098972e+006
  2.8228096e+006
  2.9357220e+006
  3.0486343e+006
  3.1615467e+006
  3.2744591e+006
  3.3873715e+006
  3.5002839e+006
  3.6131962e+006
  3.7261086e+006
  3.8390210e+006
  3.9519334e+006
  4.0648458e+006
  4.1777582e+006
  4.2906705e+006
  4.4035829e+006
  4.5164953e+006
  4.6294077e+006
  4.7423201e+006
  4.8552325e+006
  4.9681448e+006
  5.0810572e+006
  5.1939696e+006
  5.3068820e+006
  5.4197944e+006
  5.5327068e+006
  5.6456191e+006
  5.7585315e+006
  5.8714439e+006
  5.9843563e+006
  6.0972687e+006
  6.2101810e+006
  6.3230934e+006
  6.4360058e+006
  6.5489182e+006
  6.6618306e+006
  6.7747430e+006
  6.8876553e+006
  7.0005677e+006
  7.1134801e+006
  7.2263925e+006
  7.3393049e+006
  7.4522173e+006
  7.5651296e+006
  7.6780420e+006
  7.7909544e+006
  7.9038668e+006
  8.0167792e+006
  8.1296916e+006
  8.2426039e+006
  8.3555163e+006
  8.4684287e+006
  8.5813411e+006
  8.6942535e+006
  8.8071659e+006
  8.9200782e+006
  9.0329906e+006
  9.1459030e+006
  9.2588154e+006
  9.3717278e+006
  9.4846401e+006
  9.5975525e+006
  9.7104649e+006
  9.8233773e+006
  9.9362897e+006
  1.0049202e+007
  1.0162114e+007
  1.0275027e+007
  1.0387939e+007
  1.0500852e+007
  1.0613764e+007
  1.0726676e+007
  1.0839589e+007
  1.0952501e+007
  1.1065414e+007
  1.1178326e+007
  1.1291238e+007
